4672.89539864035  6.518677E-14
4675.73200939833  8.286792E-14
4678.56862015631  8.658960E-14
4681.40523091429  5.738177E-14
4684.24184167227  4.955269E-14
4687.07845243025  7.245289E-14
4689.91506318823  7.515396E-14
4692.75167394621  6.261285E-14
4695.58828470419  4.118209E-14
4698.42489546217  5.168102E-14
4701.26150622015  4.529561E-14
4704.09811697813  3.302674E-14
4706.93472773611  5.115365E-14
4709.7713384941  6.142115E-14
4712.60794925208  4.256988E-14
4715.44456001006  5.353988E-14
4718.28117076804  4.122193E-14
4721.11778152602  3.976665E-14
4723.954392284  2.865938E-14
4726.79100304198  3.616681E-14
4729.62761379996  3.587376E-14
4732.46422455794  1.452843E-14
4735.30083531592  3.459088E-14
4738.13744607391  5.921268E-14
4740.97405683188  3.293472E-14
4743.81066758987  2.801420E-14
4746.64727834785  3.205001E-14
4749.48388910583  4.599229E-14
4752.32049986381  2.652630E-14
4755.15711062179  4.413748E-14
4757.99372137977  4.482780E-14
4760.83033213775  3.303230E-14
4763.66694289573  2.782753E-14
4766.50355365371  2.096674E-14
4769.34016441169  3.408588E-14
4772.17677516967  4.449937E-14
4775.01338592766  3.597177E-14
4777.84999668564  2.918996E-14
4780.68660744362  2.919321E-14
4783.5232182016  3.783626E-14
4786.35982895958  3.378849E-14
4789.19643971756  3.310559E-14
4792.03305047554  2.986146E-14
4794.86966123352  2.541923E-14
4797.7062719915  3.096441E-14
4800.54288274948  3.202073E-14
4803.37949350746  3.328219E-14
4806.21610426544  3.792184E-14
4809.05271502342  2.928838E-14
4811.88932578141  2.912404E-14
4814.72593653939  3.319175E-14
4817.56254729737  3.350449E-14
4820.39915805535  3.023481E-14
4823.23576881333  2.489258E-14
4826.07237957131  2.255821E-14
4828.90899032929  2.093398E-14
4831.74560108727  1.740296E-14
4834.58221184525  1.770063E-14
4837.41882260323  3.137155E-14
4840.25543336121  3.022462E-14
4843.0920441192  2.477089E-14
4845.92865487718  1.633111E-14
4848.76526563516  2.010380E-14
4851.60187639314  2.197082E-14
4854.43848715112  1.221180E-14
4857.2750979091  2.565694E-14
4860.11170866708  1.938426E-14
4862.94831942506  1.821743E-14
4865.78493018304  1.379596E-14
4868.62154094102  2.376680E-14
4871.458151699  2.899858E-14
4874.29476245698  2.605416E-14
4877.13137321497  2.353168E-14
4879.96798397295  2.722523E-14
4882.80459473093  2.036123E-14
4885.64120548891  1.387273E-14
4888.47781624689  1.761269E-14
4891.31442700487  1.899202E-14
4894.15103776285  2.311119E-14
4896.98764852083  2.129532E-14
4899.82425927881  1.905748E-14
4902.66087003679  2.948346E-14
4905.49748079477  2.317429E-14
4908.33409155275  2.226981E-14
4911.17070231074  2.341513E-14
4914.00731306872  2.188891E-14
4916.8439238267  2.641031E-14
4919.68053458468  2.072497E-14
4922.51714534266  2.017132E-14
4925.35375610064  2.539740E-14
4928.19036685862  2.259494E-14
4931.0269776166  2.382823E-14
4933.86358837458  2.088770E-14
4936.70019913256  1.976800E-14
4939.53680989054  2.212052E-14
4942.37342064852  2.776095E-14
4945.21003140651  1.544808E-14
4948.04664216449  1.555202E-14
4950.88325292247  2.440582E-14
4953.71986368045  2.081292E-14
4956.55647443843  1.673001E-14
4959.39308519641  1.880215E-14
4962.22969595439  1.186452E-14
4965.06630671237  1.582917E-14
4967.90291747035  2.177859E-14
4970.73952822833  2.003872E-14
4973.57613898631  1.703663E-14
4976.41274974429  1.888289E-14
4979.24936050228  2.413951E-14
4982.08597126026  2.078548E-14
4984.92258201824  1.617586E-14
4987.75919277622  1.933747E-14
4990.5958035342  2.221798E-14
4993.43241429218  1.680920E-14
4996.26902505016  1.636100E-14
4999.10563580814  1.694660E-14
5001.94224656612  1.452474E-14
5004.7788573241  1.368489E-14
5007.61546808208  1.307091E-14
5010.45207884006  1.108229E-14
5013.28868959805  1.449853E-14
5016.12530035603  1.807580E-14
5018.96191111401  1.873153E-14
5021.79852187199  1.669734E-14
5024.63513262997  1.200569E-14
5027.47174338795  1.388422E-14
5030.30835414593  1.479035E-14
5033.14496490391  1.420058E-14
5035.98157566189  1.582403E-14
5038.81818641987  1.544553E-14
5041.65479717785  1.271908E-14
5044.49140793583  1.801361E-14
5047.32801869382  1.858212E-14
5050.1646294518  1.383907E-14
5053.00124020978  1.342873E-14
5055.83785096776  1.651729E-14
5058.67446172574  1.204751E-14
5061.51107248372  1.331300E-14
5064.3476832417  1.582790E-14
5067.18429399968  1.255320E-14
5070.02090475766  1.245410E-14
5072.85751551564  1.683565E-14
5075.69412627362  1.747402E-14
5078.53073703161  1.748671E-14
5081.36734778959  1.173312E-14
5084.20395854757  1.803025E-14
5087.04056930555  1.677804E-14
5089.87718006353  1.540219E-14
5092.71379082151  1.313202E-14
5095.55040157949  1.063111E-14
5098.38701233747  1.129099E-14
5101.22362309545  1.481245E-14
5104.06023385343  1.448928E-14
5106.89684461141  1.626049E-14
5109.73345536939  1.537797E-14
5112.57006612737  1.776830E-14
5115.40667688536  1.117439E-14
5118.24328764334  1.420518E-14
5121.07989840132  1.757720E-14
5123.9165091593  1.497358E-14
5126.75311991728  1.819433E-14
5129.58973067526  1.231810E-14
5132.42634143324  1.408134E-14
5135.26295219122  1.096944E-14
5138.0995629492  1.237969E-14
5140.93617370718  1.364577E-14
5143.77278446516  1.234867E-14
5146.60939522315  1.711250E-14
5149.44600598113  1.288460E-14
5152.28261673911  1.171610E-14
5155.11922749709  2.718548E-14
5157.95583825507  3.723446E-14
5160.79244901305  7.238281E-15
5163.62905977103  1.110372E-14
5166.46567052901  1.353189E-14
5169.30228128699  1.165736E-14
5172.13889204497  1.152057E-14
5174.97550280295  1.257705E-14
5177.81211356093  1.387993E-14
5180.64872431892  1.189056E-14
5183.4853350769  1.234772E-14
5186.32194583488  8.358586E-15
5189.15855659286  6.582036E-15
5191.99516735084  9.670375E-15
5194.83177810882  1.185744E-14
5197.6683888668  9.211652E-15
5200.50499962478  9.177272E-15
5203.34161038276  1.035356E-14
5206.17822114074  8.295586E-15
5209.01483189872  7.352252E-15
5211.8514426567  7.228069E-15
5214.68805341468  8.299581E-15
5217.52466417267  9.668862E-15
5220.36127493065  9.746651E-15
5223.19788568863  9.672124E-15
5226.03449644661  1.020326E-14
5228.87110720459  8.602731E-15
5231.70771796257  8.176789E-15
5234.54432872055  8.998716E-15
5237.38093947853  9.256761E-15
5240.21755023651  1.059359E-14
5243.05416099449  9.757179E-15
5245.89077175247  9.325230E-15
5248.72738251045  1.016497E-14
5251.56399326844  1.013011E-14
5254.40060402642  8.221103E-15
5257.2372147844  1.041486E-14
5260.07382554238  1.180138E-14
5262.91043630036  1.121071E-14
5265.74704705834  1.175114E-14
5268.58365781632  1.062958E-14
5271.4202685743  1.019942E-14
5274.25687933228  1.161762E-14
5277.09349009026  1.071367E-14
5279.93010084824  8.526553E-15
5282.76671160623  1.024033E-14
5285.60332236421  9.395159E-15
5288.43993312219  9.750007E-15
5291.27654388017  8.269305E-15
5294.11315463815  7.635513E-15
5296.94976539613  9.776369E-15
5299.78637615411  9.394276E-15
5302.62298691209  9.111215E-15
5305.45959767007  8.964224E-15
5308.29620842805  9.148960E-15
5311.13281918603  8.286052E-15
5313.96942994401  5.664094E-15
5316.806040702  6.036124E-15
5319.64265145998  6.634119E-15
5322.47926221796  9.315927E-15
5325.31587297594  9.047385E-15
5328.15248373392  8.658527E-15
5330.9890944919  7.261557E-15
5333.82570524988  5.940605E-15
5336.66231600786  7.237828E-15
5339.49892676584  8.227087E-15
5342.33553752382  6.433958E-15
5345.1721482818  7.246376E-15
5348.00875903978  8.093576E-15
5350.84536979776  8.339379E-15
5353.68198055575  9.738770E-15
5356.51859131373  8.808102E-15
5359.35520207171  7.908638E-15
5362.19181282969  1.007508E-14
5365.02842358767  9.001561E-15
5367.86503434565  7.297396E-15
5370.70164510363  1.017440E-14
5373.53825586161  9.520162E-15
5376.37486661959  8.631964E-15
5379.21147737757  9.052726E-15
5382.04808813555  8.636091E-15
5384.88469889354  9.258201E-15
5387.72130965152  6.484727E-15
5390.5579204095  7.470850E-15
5393.39453116748  7.934238E-15
5396.23114192546  7.232758E-15
5399.06775268344  8.179832E-15
5401.90436344142  9.692569E-15
5404.7409741994  8.689893E-15
5407.57758495738  7.812340E-15
5410.41419571536  8.779292E-15
5413.25080647334  9.549742E-15
5416.08741723132  9.395842E-15
5418.9240279893  9.207670E-15
5421.76063874729  8.188569E-15
5424.59724950527  8.591913E-15
5427.43386026325  8.401199E-15
5430.27047102123  8.344271E-15
5433.10708177921  1.067519E-14
5435.94369253719  1.004601E-14
5438.78030329517  9.781686E-15
5441.61691405315  9.224316E-15
5444.45352481113  7.366093E-15
5447.29013556911  8.008677E-15
5450.12674632709  8.584759E-15
5452.96335708507  8.653683E-15
5455.79996784306  8.177734E-15
5458.63657860104  8.079269E-15
5461.47318935902  6.904022E-15
5464.309800117  8.123500E-15
5467.14641087498  9.537023E-15
5469.98302163296  7.905772E-15
5472.81963239094  7.698791E-15
5475.65624314892  9.141606E-15
5478.4928539069  8.427902E-15
5481.32946466488  7.999602E-15
5484.16607542287  8.619826E-15
5487.00268618085  9.933724E-15
5489.83929693882  1.071841E-14
5492.67590769681  8.464328E-15
5495.51251845479  9.677739E-15
5498.34912921277  8.888225E-15
5501.18573997075  8.633973E-15
5504.02235072873  8.600267E-15
5506.85896148671  9.713550E-15
5509.69557224469  9.840834E-15
5512.53218300267  8.697060E-15
5515.36879376065  9.495253E-15
5518.20540451863  1.065195E-14
5521.04201527661  1.055656E-14
5523.8786260346  1.068675E-14
5526.71523679258  1.059026E-14
5529.55184755056  1.056079E-14
5532.38845830854  1.110934E-14
5535.22506906652  1.188927E-14
5538.0616798245  1.188811E-14
5540.89829058248  1.291457E-14
5543.73490134046  1.487889E-14
5546.57151209844  1.555569E-14
5549.40812285642  1.607546E-14
5552.2447336144  1.725997E-14
5555.08134437239  1.922310E-14
5557.91795513037  2.265605E-14
5560.75456588835  2.261850E-14
5563.59117664633  1.655622E-14
5566.42778740431  -2.353944E-15
5569.26439816229  -1.946561E-14
5572.10100892027  -1.992788E-14
5574.93761967825  -2.194312E-14
5577.77423043623  -2.122887E-14
5580.61084119421  -2.406952E-14
5583.44745195219  -2.571196E-14
5586.28406271017  -2.654797E-14
5589.12067346815  -2.427274E-14
5591.95728422614  -7.094035E-15
5594.79389498412  6.941801E-15
5597.6305057421  7.334569E-15
5600.46711650008  7.983906E-15
5603.30372725806  7.727528E-15
5606.14033801604  7.459352E-15
5608.97694877402  8.333698E-15
5611.813559532  7.943893E-15
5614.65017028998  7.535289E-15
5617.48678104796  8.836424E-15
5620.32339180594  1.002833E-14
5623.16000256393  1.072901E-14
5625.99661332191  1.010044E-14
5628.83322407989  1.035730E-14
5631.66983483787  1.144433E-14
5634.50644559585  1.315740E-14
5637.34305635383  1.450391E-14
5640.17966711181  1.546525E-14
5643.01627786979  1.703138E-14
5645.85288862777  1.951482E-14
5648.68949938575  2.140606E-14
5651.52611014373  2.398300E-14
5654.36272090171  2.781925E-14
5657.1993316597  2.460513E-14
5660.03594241768  1.147270E-14
5662.87255317566  4.778747E-15
5665.70916393364  3.115931E-15
5668.54577469162  3.054029E-15
5671.3823854496  3.650535E-15
5674.21899620758  3.617811E-15
5677.05560696556  4.155002E-15
5679.89221772354  2.563939E-15
5682.72882848152  2.226989E-15
5685.5654392395  3.110302E-15
5688.40204999748  2.361809E-15
5691.23866075546  3.448787E-15
5694.07527151345  3.696831E-15
5696.91188227143  4.316735E-15
5699.74849302941  2.694409E-15
5702.58510378739  3.863200E-15
5705.42171454537  2.807474E-15
5708.25832530335  2.629166E-15
5711.09493606133  3.079664E-15
5713.93154681931  3.788155E-15
5716.76815757729  3.100401E-15
5719.60476833527  2.347227E-15
5722.44137909326  3.614108E-15
5725.27798985123  2.742821E-15
5728.11460060922  4.018676E-15
5730.9512113672  4.323739E-15
5733.78782212518  3.049656E-15
5736.62443288316  2.176325E-15
5739.46104364114  3.001766E-15
5742.29765439912  3.200407E-15
5745.1342651571  2.912641E-15
5747.97087591508  3.355080E-15
5750.80748667306  2.703445E-15
5753.64409743104  3.399833E-15
5756.48070818902  3.717945E-15
5759.317318947  2.451379E-15
5762.15392970499  2.678548E-15
5764.99054046297  3.082440E-15
5767.82715122095  2.326611E-15
5770.66376197893  3.078964E-15
5773.50037273691  2.962588E-15
5776.33698349489  1.947808E-15
5779.17359425287  3.903484E-15
5782.01020501085  3.310032E-15
5784.84681576883  2.070979E-15
5787.68342652681  2.574044E-15
5790.52003728479  3.222598E-15
5793.35664804278  2.581048E-15
5796.19325880076  3.260911E-15
5799.02986955874  3.114166E-15
5801.86648031672  2.348727E-15
5804.7030910747  2.614626E-15
5807.53970183268  2.306540E-15
5810.37631259066  2.855376E-15
5813.21292334864  3.809930E-15
5816.04953410662  3.589377E-15
5818.8861448646  2.650823E-15
5821.72275562258  2.187422E-15
5824.55936638056  2.547823E-15
5827.39597713854  2.471367E-15
5830.23258789653  2.520880E-15
5833.06919865451  3.414558E-15
5835.90580941249  3.146774E-15
5838.74242017047  2.762519E-15
5841.57903092845  3.316357E-15
5844.41564168643  3.876253E-15
5847.25225244441  4.183553E-15
5850.08886320239  5.094982E-15
5852.92547396037  4.732838E-15
5855.76208471835  4.427852E-15
5858.59869547633  3.785372E-15
5861.43530623432  4.541108E-15
5864.2719169923  4.518524E-15
5867.10852775028  4.669453E-15
5869.94513850826  5.133570E-15
5872.78174926624  4.947821E-15
5875.61836002422  4.287743E-15
5878.4549707822  2.959018E-15
5881.29158154018  -4.073204E-16
5884.12819229816  -1.649376E-15
5886.96480305614  -3.254497E-15
5889.80141381412  -3.702918E-15
5892.6380245721  -4.398900E-15
5895.47463533009  -4.232807E-15
5898.31124608807  -4.848687E-15
5901.14785684605  -4.969326E-15
5903.98446760403  -3.194049E-15
5906.82107836201  -7.710523E-16
5909.65768911999  1.685877E-16
5912.49429987797  1.718176E-15
5915.33091063595  1.132105E-15
5918.16752139393  1.472897E-15
5921.00413215191  1.581210E-15
5923.84074290989  3.419166E-17
5926.67735366787  6.808092E-16
5929.51396442585  1.340305E-15
5932.35057518384  1.454468E-15
5935.18718594182  1.571307E-15
5938.0237966998  2.009012E-15
5940.86040745778  1.780508E-15
5943.69701821576  7.599861E-16
5946.53362897374  1.087948E-15
5949.37023973172  1.717083E-15
5952.2068504897  1.270353E-15
5955.04346124768  1.015310E-15
5957.88007200566  1.224153E-15
5960.71668276364  8.978411E-16
5963.55329352163  9.437905E-16
5966.38990427961  9.589973E-16
5969.22651503759  1.326159E-15
5972.06312579557  1.653038E-15
5974.89973655355  1.473076E-15
5977.73634731153  1.644810E-15
5980.57295806951  2.174769E-15
5983.40956882749  1.475795E-15
5986.24617958547  8.604762E-16
5989.08279034345  1.282681E-15
5991.91940110143  1.689430E-15
5994.75601185941  1.671525E-15
5997.5926226174  1.625585E-15
6000.42923337538  1.850066E-15
6003.26584413336  2.169303E-15
6006.10245489134  1.748011E-15
6008.93906564932  1.745922E-15
6011.7756764073  1.620437E-15
6014.61228716528  1.895152E-15
6017.44889792326  2.491208E-15
6020.28550868124  2.130024E-15
6023.12211943922  2.075097E-15
6025.9587301972  1.902272E-15
6028.79534095518  1.641964E-15
6031.63195171317  1.731928E-15
6034.46856247115  1.642494E-15
6037.30517322913  1.430248E-15
6040.14178398711  1.676981E-15
6042.97839474509  1.824953E-15
6045.81500550307  1.862921E-15
6048.65161626105  1.969651E-15
6051.48822701903  1.966037E-15
6054.32483777701  1.648229E-15
6057.16144853499  1.646077E-15
6059.99805929297  1.560137E-15
6062.83467005095  1.482192E-15
6065.67128080894  1.670235E-15
6068.50789156692  1.881574E-15
6071.3445023249  1.867209E-15
6074.18111308288  1.569754E-15
6077.01772384086  1.789158E-15
6079.85433459884  1.700173E-15
6082.69094535682  1.515111E-15
6085.5275561148  2.012717E-15
6088.36416687278  1.719895E-15
6091.20077763076  1.311716E-15
6094.03738838874  1.686912E-15
6096.87399914672  1.769100E-15
6099.71060990471  1.586194E-15
6102.54722066269  1.601033E-15
6105.38383142067  1.584441E-15
6108.22044217865  1.953923E-15
6111.05705293663  2.333931E-15
6113.89366369461  1.994025E-15
6116.73027445259  1.646786E-15
6119.56688521057  1.807781E-15
6122.40349596855  2.078030E-15
6125.24010672653  2.006623E-15
6128.07671748451  1.618026E-15
6130.91332824249  1.648111E-15
6133.74993900048  1.926639E-15
6136.58654975846  1.955452E-15
6139.42316051644  1.758262E-15
6142.25977127442  1.720018E-15
6145.0963820324  1.794567E-15
6147.93299279038  1.862614E-15
6150.76960354836  1.590593E-15
6153.60621430634  1.382020E-15
6156.44282506432  1.557406E-15
6159.2794358223  1.640778E-15
6162.11604658028  1.788113E-15
6164.95265733826  1.468224E-15
6167.78926809624  2.715023E-15
6170.62587885423  7.526219E-15
6173.46248961221  6.900564E-15
6176.29910037019  2.715164E-15
6179.13571112817  1.511478E-15
6181.97232188615  1.591972E-15
6184.80893264413  2.140355E-15
6187.64554340211  2.018447E-15
6190.48215416009  1.849080E-15
6193.31876491807  2.249374E-15
6196.15537567605  2.191400E-15
6198.99198643403  1.685251E-15
6201.82859719202  1.614092E-15
6204.66520795  1.859613E-15
6207.50181870798  2.107572E-15
6210.33842946596  2.315551E-15
6213.17504022394  2.011147E-15
6216.01165098192  2.216729E-15
6218.8482617399  1.961532E-15
6221.68487249788  1.568505E-15
6224.52148325586  1.506340E-15
6227.35809401384  1.312372E-15
6230.19470477182  1.515846E-15
6233.03131552981  1.249140E-15
6235.86792628779  1.209856E-15
6238.70453704577  1.285178E-15
6241.54114780375  1.454679E-15
6244.37775856173  1.648071E-15
6247.21436931971  1.284980E-15
6250.05098007769  1.011748E-15
6252.88759083567  9.326471E-16
6255.72420159365  1.186477E-15
6258.56081235163  1.350185E-15
6261.39742310961  1.456575E-15
6264.23403386759  1.557991E-15
6267.07064462557  1.347565E-15
6269.90725538356  1.758580E-15
6272.74386614154  1.834020E-15
6275.58047689952  1.751101E-15
6278.4170876575  2.294218E-15
6281.25369841548  3.027490E-15
6284.09030917346  2.299854E-15
6286.92691993144  9.357594E-16
6289.76353068942  -4.834308E-16
6292.6001414474  -9.144909E-16
6295.43675220538  -1.635684E-15
6298.27336296336  -1.907572E-15
6301.10997372134  -1.421434E-15
6303.94658447932  -1.427504E-15
6306.78319523731  -2.351702E-15
6309.61980599529  -2.537766E-15
6312.45641675327  -5.613954E-17
6315.29302751125  7.322803E-16
6318.12963826923  8.761561E-16
6320.96624902721  9.530392E-16
6323.80285978519  1.110537E-15
6326.63947054317  9.561896E-16
6329.47608130115  1.141927E-15
6332.31269205913  1.135502E-15
6335.14930281711  1.329635E-15
6337.9859135751  1.074683E-15
6340.82252433308  1.281724E-15
6343.65913509106  1.423499E-15
6346.49574584904  1.323949E-15
6349.33235660702  7.438269E-16
6352.168967365  8.487543E-16
6355.00557812298  2.101120E-16
6357.84218888096  3.675750E-16
6360.67879963894  3.868430E-16
6363.51541039692  5.106056E-16
6366.3520211549  4.549725E-16
6369.18863191288  2.817989E-16
6372.02524267087  -1.455278E-16
6374.86185342885  1.620199E-16
6377.69846418683  6.518747E-16
6380.53507494481  6.386737E-16
6383.37168570279  8.367827E-16
6386.20829646077  1.542527E-15
6389.04490721875  1.278406E-15
6391.88151797673  9.440931E-16
6394.71812873471  1.164924E-15
6397.55473949269  1.397965E-15
6400.39135025067  1.131442E-15
6403.22796100865  1.393077E-15
6406.06457176663  1.451940E-15
6408.90118252462  1.416323E-15
6411.7377932826  1.569855E-15
6414.57440404058  1.484533E-15
6417.41101479856  1.383671E-15
6420.24762555654  1.326064E-15
6423.08423631452  1.451546E-15
6425.9208470725  1.498912E-15
6428.75745783048  1.282156E-15
6431.59406858846  1.433120E-15
6434.43067934644  1.711153E-15
6437.26729010443  1.504277E-15
6440.10390086241  1.524937E-15
6442.94051162039  1.677724E-15
6445.77712237837  1.598690E-15
6448.61373313635  1.682098E-15
6451.45034389433  1.798016E-15
6454.28695465231  1.361443E-15
6457.12356541029  8.071338E-16
6459.96017616827  8.232970E-16
6462.79678692625  8.539611E-16
6465.63339768423  6.983514E-16
6468.47000844221  4.383275E-16
6471.3066192002  7.590478E-16
6474.14322995818  7.676699E-16
6476.97984071616  1.011615E-15
6479.81645147414  1.337705E-15
6482.65306223212  1.143522E-15
6485.4896729901  8.176234E-16
6488.32628374808  1.217711E-15
6491.16289450606  7.845407E-16
6493.99950526404  6.951431E-16
6496.83611602202  8.433826E-16
6499.67272678  9.783684E-16
6502.50933753798  8.856033E-16
6505.34594829597  4.490381E-16
6508.18255905395  8.563407E-16
6511.01916981193  1.755695E-15
6513.85578056991  1.549226E-15
6516.69239132789  1.776496E-15
6519.52900208587  1.406430E-15
6522.36561284385  1.294980E-15
6525.20222360183  1.179349E-15
6528.03883435981  1.025845E-15
6530.87544511779  1.228965E-15
6533.71205587577  1.180410E-15
6536.54866663375  8.887784E-16
6539.38527739174  6.382661E-16
6542.22188814971  7.181347E-16
6545.0584989077  6.489284E-16
6547.89510966568  1.529348E-16
6550.73172042366  1.798586E-16
6553.56833118164  8.682884E-17
6556.40494193962  2.553822E-16
6559.2415526976  -7.998006E-17
6562.07816345558  8.674595E-17
6564.91477421356  -3.246818E-16
6567.75138497154  -4.384950E-16
6570.58799572952  -3.228465E-16
6573.4246064875  -3.498617E-16
6576.26121724549  1.749384E-16
6579.09782800347  3.643472E-16
6581.93443876145  1.206290E-16
6584.77104951943  2.046311E-16
6587.60766027741  5.061162E-16
6590.44427103539  2.216751E-16
6593.28088179337  4.508952E-16
6596.11749255135  7.517859E-16
6598.95410330933  7.917046E-16
6601.79071406731  6.323444E-16
6604.62732482529  7.777739E-16
6607.46393558327  1.096777E-15
6610.30054634126  1.045101E-15
6613.13715709924  8.821895E-16
6615.97376785722  8.999412E-16
6618.8103786152  8.348272E-16
6621.64698937318  8.749113E-16
6624.48360013116  7.808149E-16
6627.32021088914  9.539038E-16
6630.15682164712  1.071096E-15
6632.9934324051  9.252711E-16
6635.83004316308  8.236721E-16
6638.66665392106  8.510768E-16
6641.50326467904  9.126939E-16
6644.33987543702  9.419936E-16
6647.17648619501  1.047949E-15
6650.01309695299  9.774659E-16
6652.84970771097  7.925965E-16
6655.68631846895  8.659886E-16
6658.52292922693  1.072159E-15
6661.35953998491  7.364448E-16
6664.19615074289  1.006624E-15
6667.03276150087  9.250586E-16
6669.86937225885  8.372616E-16
6672.70598301683  6.514355E-16
6675.54259377482  1.012290E-15
6678.37920453279  9.026796E-16
6681.21581529078  9.288887E-16
6684.05242604876  8.902478E-16
6686.88903680674  1.019467E-15
6689.72564756472  1.101103E-15
6692.5622583227  1.015925E-15
6695.39886908068  7.813670E-16
6698.23547983866  1.012136E-15
6701.07209059664  8.841851E-16
6703.90870135462  5.333243E-16
6706.7453121126  4.651990E-16
6709.58192287058  6.598860E-16
6712.41853362857  4.196129E-16
6715.25514438655  3.228028E-16
6718.09175514453  5.672149E-16
6720.92836590251  7.009796E-16
6723.76497666049  5.539099E-16
6726.60158741847  4.875160E-16
6729.43819817645  7.676483E-16
6732.27480893443  4.245739E-16
6735.11141969241  8.586601E-16
6737.94803045039  4.139207E-16
6740.78464120837  6.820287E-16
6743.62125196635  8.521132E-16
6746.45786272434  1.235080E-15
6749.29447348232  8.836267E-16
6752.1310842403  8.448210E-16
6754.96769499828  1.034370E-15
6757.80430575626  6.973661E-16
6760.64091651424  1.067308E-15
6763.47752727222  1.021293E-15
6766.3141380302  9.173047E-16
6769.15074878818  9.733046E-16
6771.98735954616  1.043393E-15
6774.82397030414  1.250392E-15
6777.66058106213  8.899563E-16
6780.49719182011  8.286688E-16
6783.33380257809  1.125347E-15
6786.17041333607  1.004477E-15
6789.00702409405  1.037595E-15
6791.84363485203  1.254102E-15
6794.68024561001  1.345266E-15
6797.51685636799  1.193000E-15
6800.35346712597  1.512790E-15
6803.19007788395  1.501177E-15
6806.02668864193  1.393448E-15
6808.86329939991  1.544193E-15
6811.69991015789  1.208213E-15
6814.53652091588  1.106004E-15
6817.37313167386  4.427675E-16
6820.20974243184  5.051561E-16
6823.04635318982  3.148880E-16
6825.8829639478  2.115511E-16
6828.71957470578  -4.055927E-17
6831.55618546376  -1.036733E-17
6834.39279622174  1.441489E-16
6837.22940697972  1.260530E-16
6840.0660177377  4.637252E-16
6842.90262849568  7.196269E-16
6845.73923925367  8.506035E-16
6848.57585001165  8.277668E-16
6851.41246076963  4.858207E-16
6854.24907152761  6.519434E-16
6857.08568228559  3.842089E-16
6859.92229304357  3.399495E-16
6862.75890380155  5.277919E-16
6865.59551455953  1.679942E-16
6868.43212531751  3.600084E-16
6871.26873607549  5.524314E-17
6874.10534683347  6.687327E-16
6876.94195759145  6.703988E-16
6879.77856834943  7.365023E-16
6882.61517910742  9.448234E-16
6885.4517898654  7.235025E-16
6888.28840062338  9.034551E-16
6891.12501138136  1.071995E-15
6893.96162213934  9.991705E-16
6896.79823289732  6.536250E-16
6899.6348436553  7.418132E-16
6902.47145441328  6.511712E-16
6905.30806517126  5.571041E-16
6908.14467592924  4.239721E-16
6910.98128668722  5.698234E-16
6913.8178974452  4.222943E-16
6916.65450820319  3.779679E-16
6919.49111896117  7.763788E-16
6922.32772971915  4.615383E-16
6925.16434047713  4.757231E-16
6928.00095123511  5.069138E-16
6930.83756199309  2.849412E-16
6933.67417275107  6.982668E-16
6936.51078350905  4.377010E-16
6939.34739426703  5.074015E-16
6942.18400502501  1.802414E-16
6945.02061578299  2.630932E-16
6947.85722654097  4.403630E-16
6950.69383729896  4.784759E-16
6953.53044805694  3.724886E-16
6956.36705881492  7.133074E-17
6959.2036695729  6.900690E-16
6962.04028033088  6.291012E-16
6964.87689108886  7.114101E-16
6967.71350184684  4.160545E-16
6970.55011260482  4.261762E-16
6973.3867233628  5.160151E-16
6976.22333412078  4.180068E-16
6979.05994487876  5.282054E-16
6981.89655563674  4.225969E-16
6984.73316639472  3.959197E-16
6987.56977715271  5.889502E-16
6990.40638791069  6.940851E-16
6993.24299866867  8.601666E-16
6996.07960942665  4.910410E-16
6998.91622018463  4.654792E-16
7001.75283094261  6.592352E-16
7004.58944170059  6.392214E-16
7007.42605245857  5.719910E-16
7010.26266321655  5.754051E-16
7013.09927397453  7.813199E-16
7015.93588473251  7.096589E-16
7018.7724954905  8.143462E-16
7021.60910624848  8.397767E-16
7024.44571700646  8.207518E-16
7027.28232776444  8.509049E-16
7030.11893852242  8.065878E-16
7032.9555492804  7.353056E-16
7035.79216003838  6.490326E-16
7038.62877079636  5.155572E-16
7041.46538155434  7.196055E-16
7044.30199231232  6.567781E-16
7047.1386030703  5.321004E-16
7049.97521382829  7.088365E-16
7052.81182458627  5.777542E-16
7055.64843534425  5.265400E-16
7058.48504610223  5.821677E-16
7061.32165686021  5.729193E-16
7064.15826761819  7.374739E-16
7066.99487837617  6.114476E-16
7069.83148913415  5.777964E-16
7072.66809989213  5.155185E-16
7075.50471065011  5.299969E-16
7078.34132140809  5.574351E-16
7081.17793216607  6.227734E-16
7084.01454292405  5.662577E-16
7086.85115368204  6.712971E-16
7089.68776444002  8.137636E-16
7092.524375198  7.571713E-16
7095.36098595598  6.044593E-16
7098.19759671396  6.824007E-16
7101.03420747194  7.156770E-16
7103.87081822992  6.825082E-16
7106.7074289879  9.426604E-16
7109.54403974588  7.379327E-16
7112.38065050386  6.888200E-16
7115.21726126185  8.840086E-16
7118.05387201982  7.257114E-16
7120.89048277781  6.162536E-16
7123.72709353579  7.043005E-16
7126.56370429377  6.957475E-16
7129.40031505175  7.088412E-16
7132.23692580973  7.567585E-16
7135.07353656771  5.869904E-16
7137.91014732569  5.950638E-16
7140.74675808367  6.563223E-16
7143.58336884165  5.607622E-16
7146.41997959963  6.566623E-16
7149.25659035761  7.581313E-16
7152.09320111559  7.404332E-16
7154.92981187358  6.460766E-16
7157.76642263156  6.215556E-16
7160.60303338954  5.079423E-16
7163.43964414752  7.025927E-16
7166.2762549055  6.772771E-16
7169.11286566348  6.167155E-16
7171.94947642146  6.991670E-16
7174.78608717944  8.427311E-16
7177.62269793742  8.188038E-16
7180.4593086954  9.071095E-16
7183.29591945338  6.727150E-16
7186.13253021136  7.592506E-16
7188.96914096935  9.580392E-16
7191.80575172733  9.292160E-16
7194.64236248531  9.737790E-16
7197.47897324329  1.021201E-15
7200.31558400127  1.101570E-15
7203.15219475925  1.089776E-15
7205.98880551723  1.057380E-15
7208.82541627521  1.198764E-15
7211.66202703319  1.339726E-15
7214.49863779117  1.457288E-15
7217.33524854915  1.509640E-15
7220.17185930713  1.483313E-15
7223.00847006512  1.179690E-15
7225.8450808231  8.159700E-16
7228.68169158108  4.028197E-17
7231.51830233906  9.888052E-17
7234.35491309704  1.413758E-17
7237.19152385502  -2.574877E-16
7240.028134613  -2.380119E-16
7242.86474537098  -3.435656E-16
7245.70135612896  -2.964655E-16
7248.53796688694  1.042994E-16
7251.37457764492  3.841086E-16
7254.2111884029  1.056074E-15
7257.04779916088  1.219956E-15
7259.88440991887  1.997055E-16
7262.72102067685  2.406185E-16
7265.55763143483  1.264220E-16
7268.39424219281  -3.372659E-16
7271.23085295079  -2.699178E-16
7274.06746370877  -3.558854E-16
7276.90407446675  -4.957410E-16
7279.74068522473  -6.269873E-16
7282.57729598271  -4.947056E-16
7285.41390674069  1.308382E-16
7288.25051749868  4.749656E-16
7291.08712825666  6.111204E-16
7293.92373901464  7.491453E-16
7296.76034977262  8.678886E-16
7299.5969605306  1.566286E-16
7302.43357128858  2.480181E-16
7305.27018204656  2.985393E-16
7308.10679280454  2.135732E-16
7310.94340356252  2.396196E-16
7313.7800143205  1.654755E-16
7316.61662507848  -4.800668E-18
7319.45323583646  -3.913326E-17
7322.28984659444  1.060365E-16
7325.12645735243  -3.447292E-16
7327.96306811041  -1.188914E-16
7330.79967886839  -6.603185E-17
7333.63628962637  3.247203E-17
7336.47290038435  -1.697802E-16
7339.30951114233  1.506163E-16
7342.14612190031  -5.686974E-17
7344.98273265829  -1.603277E-16
7347.81934341627  -1.040413E-16
7350.65595417425  5.876026E-16
7353.49256493223  -6.323659E-17
7356.32917569022  2.287947E-17
7359.1657864482  -1.267324E-16
7362.00239720618  -1.157278E-16
7364.83900796416  -9.890544E-17
7367.67561872214  3.050892E-17
7370.51222948012  1.790356E-16
7373.3488402381  2.080954E-16
7376.18545099608  -3.125351E-18
7379.02206175406  5.478181E-16
7381.85867251204  5.200980E-16
7384.69528327002  3.461719E-16
7387.531894028  1.892469E-16
7390.36850478599  1.815039E-16
7393.20511554397  1.364039E-16
7396.04172630195  3.912091E-17
7398.87833705993  7.322953E-17
7401.71494781791  1.899772E-16
7404.55155857589  1.803123E-16
7407.38816933387  3.755006E-16
7410.22478009185  5.224745E-16
7413.06139084983  5.822501E-16
7415.89800160781  5.612344E-16
7418.73461236579  5.586173E-16
7421.57122312377  4.270192E-16
7424.40783388175  3.685773E-16
7427.24444463974  4.503242E-16
7430.08105539772  4.802587E-16
7432.9176661557  4.677412E-16
7435.75427691368  4.278272E-16
7438.59088767166  5.890453E-16
7441.42749842964  5.751846E-16
7444.26410918762  5.402683E-16
7447.1007199456  5.642244E-16
7449.93733070358  6.483174E-16
7452.77394146156  6.394274E-16
7455.61055221954  5.211266E-16
7458.44716297753  5.125598E-16
7461.28377373551  3.741633E-16
7464.12038449349  3.529634E-16
7466.95699525147  1.875089E-16
7469.79360600945  1.739089E-16
7472.63021676743  2.564132E-16
7475.46682752541  2.589784E-16
7478.30343828339  2.262111E-16
7481.14004904137  2.125776E-16
7483.97665979935  3.608745E-16
7486.81327055733  3.728860E-16
7489.64988131531  4.852849E-16
7492.4864920733  6.434821E-16
7495.32310283127  7.518970E-16
7498.15971358926  7.593573E-16
7500.99632434724  7.733599E-16
7503.83293510522  7.466162E-16
7506.6695458632  3.831278E-16
7509.50615662118  3.147487E-16
7512.34276737916  1.920924E-16
7515.17937813714  1.005232E-16
7518.01598889512  4.811909E-17
7520.8525996531  -2.995926E-17
7523.68921041108  -1.641869E-18
7526.52582116906  7.350172E-17
7529.36243192705  4.423007E-17
7532.19904268503  1.800062E-16
7535.03565344301  4.273745E-16
7537.87226420099  5.083185E-16
7540.70887495897  6.143874E-16
7543.54548571695  6.312152E-16
7546.38209647493  6.530405E-16
7549.21870723291  6.684950E-16
7552.05531799089  6.103938E-16
7554.89192874887  3.881789E-16
7557.72853950685  2.925692E-16
7560.56515026483  2.981367E-16
7563.40176102281  3.028071E-16
7566.2383717808  2.828938E-16
7569.07498253878  1.643937E-16
7571.91159329676  2.268642E-16
7574.74820405474  1.770916E-16
7577.58481481272  1.790064E-16
7580.4214255707  2.920777E-16
7583.25803632868  3.637358E-16
7586.09464708666  4.240360E-16
7588.93125784464  4.371268E-16
7591.76786860262  5.131020E-16
7594.6044793606  5.265946E-16
7597.44109011858  5.809505E-16
7600.27770087657  5.990301E-16
7603.11431163455  6.196540E-16
7605.95092239253  6.908680E-16
7608.78753315051  6.212087E-16
7611.62414390849  5.345144E-16
7614.46075466647  6.178598E-16
7617.29736542445  5.408142E-16
7620.13397618243  4.824936E-16
7622.97058694041  4.589243E-16
7625.80719769839  5.235928E-16
7628.64380845638  5.773211E-16
7631.48041921436  6.008569E-16
7634.31702997234  6.238063E-16
7637.15364073032  6.597027E-16
7639.9902514883  7.091937E-16
7642.82686224628  6.569474E-16
7645.66347300426  5.571439E-16
7648.50008376224  5.864806E-16
7651.33669452022  6.060864E-16
7654.1733052782  6.013710E-16
7657.00991603618  5.652673E-16
7659.84652679416  6.175975E-16
7662.68313755215  7.514870E-16
7665.51974831013  7.547301E-16
7668.35635906811  7.161703E-16
7671.19296982609  7.978597E-16
7674.02958058407  8.769401E-16
7676.86619134205  9.126360E-16
7679.70280210003  9.298258E-16
7682.53941285801  9.553799E-16
7685.37602361599  1.084533E-15
7688.21263437397  1.152039E-15
7691.04924513195  1.078338E-15
7693.88585588993  8.418487E-16
7696.72246664791  3.802389E-16
7699.5590774059  -9.999154E-18
7702.39568816388  -7.710105E-17
7705.23229892186  -1.138687E-16
7708.06890967984  -1.795493E-16
7710.90552043782  -2.821241E-16
7713.7421311958  -3.203484E-16
7716.57874195378  -3.894717E-16
7719.41535271176  -1.202164E-16
7722.25196346974  2.946211E-16
7725.08857422772  6.535036E-16
7727.92518498571  1.027854E-15
7730.76179574369  6.885767E-16
7733.59840650167  2.666853E-16
7736.43501725965  3.309938E-16
7739.27162801763  1.584943E-16
7742.10823877561  -1.364061E-16
7744.94484953359  -1.794979E-16
7747.78146029157  -1.072307E-16
7750.61807104955  -1.571142E-16
7753.45468180753  -2.874726E-16
7756.29129256551  -1.447991E-16
7759.12790332349  3.276967E-16
7761.96451408147  4.032183E-16
7764.80112483945  4.110975E-16
7767.63773559744  6.108580E-16
7770.47434635542  7.719061E-16
7773.3109571134  6.457596E-16
7776.14756787138  2.835440E-16
7778.98417862936  1.537519E-16
7781.82078938734  2.411005E-16
7784.65740014532  2.536609E-16
7787.4940109033  2.900518E-16
7790.33062166128  2.592131E-16
7793.16723241926  1.888136E-16
7796.00384317724  1.719338E-16
7798.84045393523  1.998154E-16
7801.67706469321  1.591966E-16
7804.51367545119  5.804121E-17
7807.35028620917  5.826605E-17
7810.18689696715  7.808976E-17
7813.02350772513  3.422535E-17
7815.86011848311  1.932310E-16
7818.69672924109  2.840695E-16
7821.53333999907  1.484012E-16
7824.36995075705  5.688166E-17
7827.20656151503  3.794922E-16
7830.04317227301  8.458986E-16
7832.87978303099  6.448072E-16
7835.71639378898  2.333515E-16
7838.55300454696  1.618459E-16
7841.38961530494  2.019499E-17
7844.22622606292  -1.076956E-16
7847.0628368209  -4.798037E-17
7849.89944757888  -1.003048E-16
7852.73605833686  -3.054364E-16
7855.57266909484  -3.592161E-16
7858.40927985282  -4.228078E-16
7861.2458906108  -4.036813E-17
7864.08250136878  2.370162E-17
7866.91911212676  1.236519E-16
7869.75572288475  1.142891E-16
7872.59233364273  1.922165E-17
7875.42894440071  -5.552784E-18
7878.26555515869  1.941728E-16
7881.10216591667  2.839906E-16
7883.93877667465  3.594957E-16
7886.77538743263  5.127088E-16
7889.61199819061  6.385035E-16
7892.44860894859  5.316249E-16
7895.28521970657  4.803080E-17
7898.12183046455  4.791833E-17
7900.95844122253  -7.082109E-17
7903.79505198052  -1.418959E-16
7906.6316627385  -1.990946E-16
7909.46827349648  -2.939217E-16
7912.30488425446  -4.680156E-16
7915.14149501244  -5.378421E-16
7917.97810577042  -8.129403E-16
7920.8147165284  -1.091595E-16
7923.65132728638  9.516361E-17
7926.48793804436  2.488083E-16
7929.32454880234  2.959386E-16
7932.16115956032  2.939798E-16
7934.9977703183  3.179024E-16
7937.83438107629  5.641239E-16
7940.67099183427  7.104605E-16
7943.50760259225  5.553920E-16
7946.34421335023  1.857532E-16
7949.18082410821  8.639416E-17
7952.01743486619  1.350252E-16
7954.85404562417  1.379569E-16
7957.69065638215  2.061611E-16
7960.52726714013  9.500047E-17
7963.36387789811  4.615283E-17
7966.20048865609  1.891046E-17
7969.03709941408  -8.205131E-17
7971.87371017206  3.436281E-16
7974.71032093004  -1.548893E-17
7977.54693168802  -1.632794E-16
7980.383542446  -1.889038E-16
7983.22015320398  -2.340795E-16
7986.05676396196  -6.965067E-17
7988.89337471994  1.337320E-17
7991.72998547792  -8.089633E-18
7994.5665962359  -7.297253E-17
7997.40320699388  -2.152193E-16
8000.23981775187  1.973070E-16
8003.07642850984  4.796928E-16
8005.91303926783  1.626798E-16
8008.74965002581  -1.489107E-18
8011.58626078379  2.318665E-17
8014.42287154177  -1.206250E-17
8017.25948229975  1.057637E-17
8020.09609305773  -3.233183E-17
8022.93270381571  -5.389044E-17
8025.76931457369  -1.085554E-17
8028.60592533167  5.015934E-18
8031.44253608965  6.495029E-17
8034.27914684763  2.552571E-16
8037.11575760561  3.713205E-16
8039.9523683636  3.642800E-16
8042.78897912158  2.639801E-16
8045.62558987956  1.529330E-16
8048.46220063754  1.849872E-16
8051.29881139552  2.175637E-16
8054.1354221535  2.003960E-16
8056.97203291148  1.725215E-16
8059.80864366946  2.028851E-16
8062.64525442744  2.550878E-16
8065.48186518542  1.560558E-16
8068.3184759434  2.551002E-16
8071.15508670139  3.267903E-16
8073.99169745937  3.266564E-16
8076.82830821735  3.589257E-16
8079.66491897533  3.806452E-16
8082.50152973331  3.106200E-16
8085.33814049129  2.684969E-16
8088.17475124927  3.135728E-16
8091.01136200725  2.514401E-16
8093.84797276523  2.079193E-16
8096.68458352321  2.585614E-16
8099.52119428119  2.337595E-16
8102.35780503917  3.096912E-16
8105.19441579716  2.812710E-16
8108.03102655514  3.334101E-16
8110.86763731312  2.599480E-16
8113.7042480711  3.224883E-16
8116.54085882908  3.297704E-16
8119.37746958706  3.039178E-16
8122.21408034504  3.184401E-16
8125.05069110302  3.744304E-16
8127.887301861  3.190519E-16
8130.72391261898  2.880947E-16
8133.56052337696  2.441471E-16
8136.39713413494  3.031832E-16
8139.23374489292  2.818840E-16
8142.0703556509  2.917350E-16
8144.90696640889  2.699447E-16
8147.74357716687  3.424958E-16
8150.58018792485  3.092850E-16
8153.41679868283  3.666168E-16
8156.25340944081  3.665149E-16
8159.09002019879  3.549996E-16
8161.92663095677  3.793426E-16
8164.76324171475  3.750309E-16
8167.59985247273  3.710692E-16
8170.43646323071  3.883270E-16
8173.27307398869  3.453075E-16
8176.10968474667  3.485614E-16
8178.94629550466  3.412035E-16
8181.78290626264  3.435564E-16
8184.61951702062  3.177680E-16
8187.4561277786  3.579889E-16
8190.29273853658  3.852883E-16
8193.12934929456  3.686758E-16
8195.96596005254  3.919601E-16
8198.80257081052  3.831337E-16
8201.6391815685  4.161192E-16
8204.47579232648  4.286728E-16
8207.31240308446  4.457132E-16
8210.14901384245  4.539141E-16
8212.98562460043  4.816489E-16
8215.82223535841  4.702752E-16
8218.65884611639  4.521472E-16
8221.49545687437  4.575455E-16
8224.33206763235  5.145266E-16
8227.16867839033  5.251302E-16
8230.00528914831  5.614344E-16
8232.84189990629  5.244983E-16
8235.67851066427  5.715574E-16
8238.51512142225  5.960238E-16
8241.35173218023  5.861745E-16
8244.18834293822  6.529793E-16
8247.0249536962  7.154166E-16
8249.86156445418  7.651179E-16
8252.69817521216  8.104206E-16
8255.53478597014  8.188722E-16
8258.37139672812  8.081774E-16
8261.2080074861  7.171386E-16
8264.04461824408  6.483721E-16
8266.88122900206  5.314768E-16
8269.71783976004  3.547744E-16
8272.55445051802  2.814584E-16
8275.39106127601  2.188686E-16
8278.22767203399  -7.683514E-17
8281.06428279197  -3.319033E-16
8283.90089354995  -4.359044E-16
8286.73750430793  -2.820745E-16
8289.57411506591  -1.756451E-16
8292.41072582389  -2.050420E-16
8295.24733658187  -1.411196E-16
8298.08394733985  2.979191E-18
8300.92055809783  2.119769E-17
8303.75716885581  2.180565E-16
8306.59377961379  5.398748E-16
8309.43039037178  6.868237E-16
8312.26700112976  7.123770E-16
8315.10361188774  8.339647E-16
8317.94022264572  1.048616E-15
8320.7768334037  1.160831E-15
8323.61344416168  7.922708E-16
8326.45005491966  5.779534E-17
8329.28666567764  -1.041873E-16
8332.12327643562  -2.638465E-16
8334.9598871936  -5.105873E-16
8337.79649795158  -4.884577E-16
8340.63310870956  -5.511317E-16
8343.46971946755  -7.173973E-16
8346.30633022553  -1.035589E-15
8349.14294098351  -7.707601E-16
8351.97955174149  -3.860573E-17
8354.81616249947  2.692137E-16
8357.65277325745  3.806540E-16
8360.48938401543  5.534050E-16
8363.32599477341  4.820519E-16
8366.16260553139  4.248170E-16
8368.99921628937  4.567932E-16
8371.83582704735  5.204496E-16
8374.67243780533  7.361410E-16
8377.50904856331  5.979541E-16
8380.3456593213  4.713942E-17
8383.18227007928  -1.080402E-16
8386.01888083726  -5.762908E-17
8388.85549159524  2.892969E-17
8391.69210235322  1.868005E-16
8394.5287131112  1.320181E-16
8397.36532386918  -6.236822E-17
8400.20193462716  -1.363181E-16
8403.03854538514  -6.248733E-17
8405.87515614312  2.362626E-16
8408.7117669011  4.997633E-16
8411.54837765908  -2.374760E-16
8414.38498841707  -2.478795E-16
8417.22159917505  -3.135471E-16
8420.05820993303  -2.819690E-16
8422.89482069101  -1.628336E-16
8425.73143144899  -9.507333E-17
8428.56804220697  -1.253048E-16
8431.40465296495  -3.574981E-16
8434.24126372293  -3.846580E-16
8437.07787448091  -9.112587E-17
8439.91448523889  5.091458E-16
8442.75109599687  3.267380E-16
8445.58770675485  2.202005E-16
8448.42431751284  -1.815504E-16
8451.26092827082  -1.674081E-16
8454.0975390288  -2.542956E-16
8456.93414978678  -2.111348E-16
8459.77076054476  -1.661263E-16
8462.60737130274  -1.341412E-16
8465.44398206072  -1.165893E-16
8468.2805928187  -5.883839E-17
8471.11720357668  9.296531E-18
8473.95381433466  4.432423E-16
8476.79042509264  3.440874E-16
8479.62703585062  3.583909E-16
8482.46364660861  2.444129E-16
8485.30025736659  1.950959E-16
8488.13686812457  1.167632E-18
8490.97347888255  3.003032E-17
8493.81008964053  9.883332E-17
8496.64670039851  3.479202E-17
8499.48331115649  4.363969E-17
8502.31992191447  1.425229E-16
8505.15653267245  9.512451E-17
8507.99314343043  1.241753E-16
8510.82975418841  2.148948E-16
8513.66636494639  4.231863E-16
8516.50297570438  3.882426E-16
8519.33958646236  3.696872E-16
8522.17619722034  3.515790E-16
8525.01280797832  3.568384E-16
8527.8494187363  3.597199E-16
8530.68602949428  2.953027E-16
8533.52264025226  2.436284E-16
8536.35925101024  2.272787E-16
8539.19586176822  2.552149E-16
8542.0324725262  2.790264E-16
8544.86908328418  2.686046E-16
8547.70569404217  3.173518E-16
8550.54230480014  3.206311E-16
8553.37891555813  3.185922E-16
8556.21552631611  3.822750E-16
8559.05213707409  4.182446E-16
8561.88874783207  4.216064E-16
8564.72535859005  4.198595E-16
8567.56196934803  4.337503E-16
8570.39858010601  4.397812E-16
8573.23519086399  4.609431E-16
8576.07180162197  4.520801E-16
8578.90841237995  4.386776E-16
8581.74502313794  4.608324E-16
8584.58163389592  4.632362E-16
8587.4182446539  4.925339E-16
8590.25485541188  5.234684E-16
8593.09146616986  5.656371E-16
8595.92807692784  6.130860E-16
8598.76468768582  5.976145E-16
8601.6012984438  5.642630E-16
8604.43790920178  5.206409E-16
8607.27451995976  4.538722E-16
8610.11113071774  3.553158E-16
8612.94774147573  2.617593E-16
8615.78435223371  1.866143E-16
8618.62096299168  1.071713E-16
8621.45757374967  6.702359E-17
8624.29418450765  9.019820E-17
8627.13079526563  1.196428E-16
8629.96740602361  8.259478E-17
8632.80401678159  1.112750E-16
8635.64062753957  1.279853E-16
8638.47723829755  1.346628E-16
8641.31384905553  1.283721E-16
8644.15045981351  1.352230E-16
8646.98707057149  7.746397E-17
8649.82368132948  -2.185152E-17
8652.66029208746  -7.787274E-17
8655.49690284544  -9.308887E-17
8658.33351360342  -7.548535E-17
8661.1701243614  -6.200624E-17
8664.00673511938  -6.520425E-17
8666.84334587736  3.518579E-17
8669.67995663534  7.061323E-17
8672.51656739332  1.577697E-16
8675.3531781513  1.871136E-16
8678.18978890928  2.843474E-16
8681.02639966726  2.937651E-16
8683.86301042525  3.319149E-16
8686.69962118323  3.431208E-16
8689.53623194121  3.553268E-16
8692.37284269919  3.589349E-16
8695.20945345717  3.852067E-16
8698.04606421515  3.989648E-16
8700.88267497313  4.497622E-16
8703.71928573111  4.812260E-16
8706.55589648909  4.856606E-16
8709.39250724707  5.032939E-16
8712.22911800505  5.234803E-16
8715.06572876303  5.746232E-16
8717.90233952101  5.998889E-16
8720.738950279  6.030605E-16
8723.57556103698  6.435779E-16
8726.41217179496  6.963680E-16
8729.24878255294  8.083084E-16
8732.08539331092  8.499372E-16
8734.9220040689  8.618965E-16
8737.75861482688  8.531173E-16
8740.59522558486  7.780625E-16
8743.43183634284  6.548748E-16
8746.26844710082  5.261607E-16
8749.1050578588  3.281521E-16
8751.94166861678  2.051831E-16
8754.77827937477  1.179182E-16
8757.61489013275  -1.107805E-16
8760.45150089073  -3.523965E-16
8763.28811164871  -5.321321E-16
8766.12472240669  -4.488415E-16
8768.96133316467  -2.110609E-16
8771.79794392265  -2.963719E-16
8774.63455468063  -1.338830E-16
8777.47116543861  -2.888489E-17
8780.30777619659  4.591080E-17
8783.14438695457  1.594705E-16
8785.98099771256  5.333274E-16
8788.81760847053  5.953455E-16
8791.65421922852  6.119187E-16
8794.4908299865  6.610692E-16
8797.32744074448  8.534098E-16
8800.16405150246  9.852639E-16
8803.00066226044  1.103973E-15
8805.83727301842  7.577893E-16
8808.6738837764  1.160302E-16
8811.51049453438  6.052420E-17
8814.34710529236  -9.048293E-17
8817.18371605034  -3.476631E-16
8820.02032680832  -4.247328E-16
8822.85693756631  -5.918921E-16
8825.69354832429  -6.894941E-16
8828.53015908227  -7.790838E-16
8831.36676984025  -6.923170E-16
8834.20338059823  -9.200534E-17
8837.03999135621  1.238018E-16
8839.87660211419  2.140629E-16
8842.71321287217  4.340138E-16
8845.54982363015  5.762058E-16
8848.38643438813  4.772124E-16
8851.22304514611  4.660048E-16
8854.0596559041  5.049929E-16
8856.89626666208  6.304503E-16
8859.73287742006  6.459933E-16
8862.56948817804  7.180330E-16
8865.40609893602  2.790814E-16
8868.242709694  -3.094938E-18
8871.07932045198  -3.592719E-17
8873.91593120996  7.225740E-17
8876.75254196794  1.074649E-16
8879.58915272592  1.531056E-16
8882.4257634839  2.184905E-17
8885.26237424189  -1.279576E-16
8888.09898499986  -1.952137E-16
8890.93559575784  2.870782E-17
8893.77220651583  4.014483E-16
8896.60881727381  6.782515E-16
8899.44542803179  1.920284E-16
8902.28203878977  -1.803614E-16
8905.11864954775  -1.835134E-16
8907.95526030573  -1.101921E-16
8910.79187106371  -3.091132E-17
8913.62848182169  1.025806E-17
8916.46509257967  -7.927761E-17
8919.30170333766  -1.381724E-16
8922.13831409564  -2.352430E-16
8924.97492485362  3.663538E-17
8927.8115356116  2.463980E-16
8930.64814636958  5.289867E-16
8933.48475712756  4.749723E-16
8936.32136788554  3.753709E-16
8939.15797864352  1.972014E-16
8941.9945894015  -1.261047E-16
8944.83120015948  -1.069554E-16
8947.66781091746  -4.070216E-17
8950.50442167544  4.623440E-18
8953.34103243343  -2.044108E-17
8956.1776431914  2.668922E-17
8959.01425394938  1.878159E-17
8961.85086470737  1.611694E-17
8964.68747546535  1.816376E-16
8967.52408622333  3.840255E-16
8970.36069698131  4.089586E-16
8973.19730773929  4.054691E-16
8976.03391849727  4.487663E-16
8978.87052925525  4.197842E-16
8981.70714001323  2.881486E-16
8984.54375077121  1.270193E-16
8987.38036152919  1.367311E-16
8990.21697228718  8.069038E-17
8993.05358304516  1.234674E-16
8995.89019380314  1.272749E-16
8998.72680456112  1.785756E-16
9001.5634153191  1.528187E-16
9004.40002607708  1.700215E-16
9007.23663683506  3.118047E-16
9010.07324759304  4.274231E-16
9012.90985835102  4.562417E-16
9015.746469109  4.512681E-16
9018.58307986698  4.369653E-16
9021.41969062496  4.359334E-16
9024.25630138295  4.453971E-16
9027.09291214092  4.407002E-16
9029.92952289891  3.600069E-16
9032.76613365689  3.036005E-16
9035.60274441487  3.230043E-16
9038.43935517285  3.079220E-16
9041.27596593083  3.141073E-16
9044.11257668881  3.296419E-16
9046.94918744679  3.127516E-16
9049.78579820477  3.089924E-16
9052.62240896275  2.931719E-16
9055.45901972073  3.182226E-16
9058.29563047871  4.023297E-16
9061.1322412367  4.318676E-16
9063.96885199468  4.365212E-16
9066.80546275266  4.339273E-16
9069.64207351064  4.254709E-16
9072.47868426862  4.665447E-16
9075.3152950266  4.523425E-16
9078.15190578458  4.513139E-16
9080.98851654256  4.329736E-16
9083.82512730054  4.009492E-16
9086.66173805852  3.804934E-16
9089.4983488165  4.097446E-16
9092.33495957448  4.098023E-16
9095.17157033246  3.898306E-16
9098.00818109045  3.966630E-16
9100.84479184843  4.093049E-16
9103.68140260641  4.220713E-16
9106.51801336439  4.488869E-16
9109.35462412237  4.567469E-16
9112.19123488035  5.022471E-16
9115.02784563833  5.263859E-16
9117.86445639631  4.988992E-16
9120.70106715429  4.688187E-16
9123.53767791228  5.023077E-16
9126.37428867025  5.040772E-16
9129.21089942824  5.081430E-16
9132.04751018622  5.129674E-16
9134.8841209442  5.025317E-16
9137.72073170218  5.293424E-16
9140.55734246016  5.046702E-16
9143.39395321814  4.682362E-16
9146.23056397612  4.948967E-16
9149.0671747341  5.193458E-16
9151.90378549208  4.883736E-16
9154.74039625006  4.790655E-16
9157.57700700804  5.180187E-16
9160.41361776602  5.285762E-16
9163.25022852401  5.497394E-16
9166.08683928199  5.852515E-16
9168.92345003997  5.991282E-16
9171.76006079795  6.479803E-16
9174.59667155593  6.667224E-16
9177.43328231391  6.512493E-16
9180.26989307189  6.522164E-16
9183.10650382987  6.872979E-16
9185.94311458785  7.027327E-16
9188.77972534583  6.766597E-16
9191.61633610382  6.991479E-16
9194.4529468618  7.527178E-16
9197.28955761978  7.766461E-16
9200.12616837776  7.513639E-16
9202.96277913574  7.514708E-16
9205.79938989372  8.081483E-16
9208.6360006517  8.472712E-16
9211.47261140968  8.599429E-16
9214.30922216766  8.649287E-16
9217.14583292564  8.619755E-16
9219.98244368362  9.004174E-16
9222.8190544416  9.756883E-16
9225.65566519958  1.009714E-15
9228.49227595756  1.003595E-15
9231.32888671555  1.031650E-15
9234.16549747353  1.139005E-15
9237.00210823151  1.124518E-15
9239.83871898949  1.131786E-15
9242.67532974747  1.198921E-15
9245.51194050545  1.246900E-15
9248.34855126343  1.249775E-15
9251.18516202141  1.329603E-15
9254.02177277939  1.468086E-15
9256.85838353737  1.528045E-15
9259.69499429536  1.602182E-15
9262.53160505334  1.723390E-15
9265.36821581132  1.808186E-15
9268.2048265693  1.865485E-15
9271.04143732728  1.977899E-15
9273.87804808526  2.037921E-15
9276.71465884324  2.204330E-15
9279.55126960122  2.169639E-15
9282.3878803592  2.319171E-15
9285.22449111718  2.573256E-15
9288.06110187516  2.485438E-15
9290.89771263314  2.404832E-15
9293.73432339112  2.306263E-15
9296.5709341491  2.275421E-15
9299.40754490709  2.322667E-15
9302.24415566507  2.111029E-15
9305.08076642305  1.803095E-15
9307.91737718103  1.925208E-15
9310.75398793901  1.869433E-15
9313.59059869699  1.912037E-15
9316.42720945497  2.098451E-15
9319.26382021295  2.398266E-15
9322.10043097093  2.950775E-15
9324.93704172891  3.249927E-15
9327.77365248689  3.596350E-15
9330.61026324488  4.246416E-15
9333.44687400285  4.789466E-15
9336.28348476084  4.937922E-15
9339.12009551882  4.861357E-15
9341.9567062768  4.738105E-15
9344.79331703478  4.770007E-15
9347.62992779276  4.706320E-15
9350.46653855074  4.604018E-15
9353.30314930872  4.555849E-15
9356.1397600667  3.625992E-15
9358.97637082468  3.115093E-15
9361.81298158266  3.062275E-15
9364.64959234064  2.877971E-15
9367.48620309863  2.725762E-15
9370.32281385661  2.704819E-15
9373.15942461459  2.716262E-15
9375.99603537257  2.647905E-15
9378.83264613055  2.657858E-15
9381.66925688853  2.702521E-15
9384.50586764651  3.317367E-15
9387.34247840449  3.465768E-15
9390.17908916247  3.509778E-15
9393.01569992045  3.665256E-15
9395.85231067843  3.763588E-15
9398.68892143641  3.843456E-15
9401.5255321944  3.871161E-15
9404.36214295238  3.976923E-15
9407.19875371036  4.129102E-15
9410.03536446834  4.295167E-15
9412.87197522632  4.441949E-15
9415.7085859843  4.583863E-15
9418.54519674228  4.677086E-15
9421.38180750026  4.800027E-15
9424.21841825824  4.956693E-15
9427.05502901622  5.190008E-15
9429.8916397742  5.515605E-15
9432.72825053218  6.068097E-15
9435.56486129017  6.522672E-15
9438.40147204815  7.206370E-15
9441.23808280613  8.169264E-15
9444.07469356411  9.286841E-15
9446.91130432209  1.135914E-14
9449.74791508007  1.423283E-14
9452.58452583805  1.965144E-14
9455.42113659603  2.928178E-14
9458.25774735401  3.173027E-14
9461.09435811199  1.751051E-14
9463.93096886997  9.684294E-15
9466.76757962796  1.461546E-14
9469.60419038594  1.021133E-14
9472.44080114391  -1.052162E-15
9475.2774119019  3.012612E-16
9478.11402265988  -5.556235E-17
9480.95063341786  -5.682066E-17
9483.78724417584  -1.169293E-17
9486.62385493382  4.349980E-17
9489.4604656918  -3.625537E-18
9492.29707644978  -1.322345E-17
9495.13368720776  -2.930215E-17
9497.97029796574  1.879192E-17
9500.80690872373  -7.010063E-18
9503.64351948171  1.558487E-17
9506.48013023969  -3.480927E-18
9509.31674099767  -1.121170E-18
9512.15335175565  2.321805E-17
9514.98996251363  3.695790E-17
9517.82657327161  3.122586E-17
9520.66318402959  2.861252E-17
9523.49979478757  3.737372E-17
9526.33640554555  2.254112E-17
9529.17301630354  -2.655918E-17
9532.00962706151  -1.733518E-17
9534.8462378195  4.889364E-17
9537.68284857748  1.411926E-17
9540.51945933546  1.367015E-17
9543.35607009344  1.731435E-17
9546.19268085142  -3.245327E-17
9549.0292916094  8.151116E-18
9551.86590236738  -4.233682E-18
9554.70251312536  2.646434E-18
9557.53912388334  1.313754E-17
9560.37573464132  1.779970E-17
9563.2123453993  -5.353170E-18
9566.04895615728  -3.842363E-18
9568.88556691527  -2.916897E-18
9571.72217767325  -2.941864E-18
9574.55878843123  2.827920E-17
9577.39539918921  -2.518040E-18
9580.23200994719  3.502198E-18
9583.06862070517  3.029584E-18
9585.90523146315  9.455866E-18
9588.74184222113  1.196189E-17
9591.57845297911  5.851866E-18
9594.41506373709  7.497936E-19
9597.25167449507  1.234344E-17
9600.08828525306  1.938901E-18
9602.92489601103  4.834115E-19
9605.76150676902  1.285838E-17
9608.598117527  3.011292E-18
9611.43472828498  -1.435285E-17
9614.27133904296  -6.663297E-20
9617.10794980094  1.868416E-17
9619.94456055892  3.703989E-18
9622.7811713169  -6.708046E-18
9625.61778207488  -1.942594E-19
9628.45439283286  7.066444E-18
9631.29100359084  8.253571E-18
9634.12761434882  1.192666E-17
9636.96422510681  1.675066E-17
9639.80083586479  3.170768E-18
9642.63744662277  1.575292E-17
9645.47405738075  1.716510E-17
9648.31066813873  -2.823661E-18
9651.14727889671  1.832516E-17
9653.98388965469  2.093033E-17
9656.82050041267  2.228564E-17
9659.65711117065  -1.394165E-17
9662.49372192863  1.071113E-17
9665.33033268661  1.112553E-16
9668.16694344459  6.855104E-16
9671.00355420257  9.787965E-17
9673.84016496056  -4.134015E-18
9676.67677571854  1.362253E-17
9679.51338647652  -1.356251E-17
9682.3499972345  1.552723E-17
9685.18660799248  -3.761507E-18
9688.02321875046  -1.301656E-17
9690.85982950844  -3.744362E-18
9693.69644026642  -2.346844E-17
9696.5330510244  -3.207248E-18
9699.36966178238  1.017644E-17
9702.20627254036  -2.377253E-17
9705.04288329834  -1.478825E-17
9707.87949405633  1.367652E-17
9710.71610481431  2.297694E-17
9713.55271557229  9.112165E-18
9716.38932633027  -6.427868E-18
9719.22593708825  9.899418E-18
9722.06254784623  -4.860069E-18
9724.89915860421  1.139567E-17
9727.73576936219  -4.919874E-18
9730.57238012017  2.154911E-17
9733.40899087815  9.218905E-18
9736.24560163613  1.155414E-17
9739.08221239412  3.173140E-18
9741.91882315209  2.022910E-17
9744.75543391008  1.188725E-17
9747.59204466806  1.153902E-17
9750.42865542604  2.346158E-17
9753.26526618402  5.797708E-18
9756.101876942  -9.984484E-19
9758.93848769998  2.074450E-18
9761.77509845796  6.729614E-18
9764.61170921594  -7.993245E-18
9767.44831997392  1.176998E-19
9770.2849307319  -1.283697E-17
9773.12154148989  1.826748E-18
9775.95815224787  -2.317605E-17
9778.79476300585  -9.976986E-18
9781.63137376383  -1.564065E-17
9784.46798452181  -2.027117E-17
9787.30459527979  -1.282497E-17
9790.14120603777  1.084545E-18
9792.97781679575  5.587210E-18
9795.81442755373  -2.540583E-18
9798.65103831171  3.063833E-17
9801.48764906969  1.066225E-17
9804.32425982768  -8.402381E-18
9807.16087058566  1.336276E-17
9809.99748134363  2.433490E-17
9812.83409210162  1.868649E-17
9815.6707028596  1.947732E-17
9818.50731361758  -2.500278E-18
9821.34392437556  4.892985E-19
9824.18053513354  -3.301819E-18
9827.01714589152  8.103481E-19
9829.8537566495  2.088933E-18
9832.69036740748  2.469723E-18
9835.52697816546  2.632597E-18
9838.36358892345  2.469600E-18
9841.20019968143  2.460923E-18
9844.03681043941  2.455405E-18
