4672.77880859375  1.179729E-14
4675.6153485775  3.334672E-14
4678.45188856125  5.056643E-14
4681.288428545  4.320060E-14
4684.12496852875  3.062468E-14
4686.9615085125  3.067302E-14
4689.79804849625  3.828247E-14
4692.63458848  4.441775E-14
4695.47112846375  6.120258E-14
4698.3076684475  8.661191E-14
4701.14420843125  3.794840E-14
4703.980748415  3.553312E-14
4706.81728839875  1.090333E-14
4709.6538283825  1.714229E-14
4712.49036836625  3.563290E-14
4715.32690835  2.118095E-15
4718.16344833374  -1.441394E-14
4720.99998831749  -5.311317E-15
4723.83652830124  2.290473E-14
4726.67306828499  3.383572E-14
4729.50960826874  4.863982E-14
4732.34614825249  3.244626E-14
4735.18268823624  3.027669E-14
4738.01922821999  2.114833E-14
4740.85576820374  2.793405E-14
4743.69230818749  6.602857E-15
4746.52884817124  3.113263E-14
4749.36538815499  5.346052E-14
4752.20192813874  3.883049E-14
4755.03846812249  3.232197E-14
4757.87500810624  1.409434E-14
4760.71154808999  1.927427E-14
4763.54808807374  5.659299E-14
4766.38462805748  4.144275E-14
4769.22116804123  9.676074E-15
4772.05770802498  1.607591E-14
4774.89424800873  6.079647E-15
4777.73078799248  -4.337717E-15
4780.56732797623  1.609087E-14
4783.40386795998  -2.621682E-15
4786.24040794373  2.102784E-14
4789.07694792748  8.479643E-15
4791.91348791123  1.752283E-14
4794.75002789498  4.654986E-14
4797.58656787873  2.293168E-14
4800.42310786248  3.289873E-14
4803.25964784623  -3.709916E-15
4806.09618782998  2.452897E-14
4808.93272781372  3.189154E-14
4811.76926779747  2.933402E-14
4814.60580778122  3.300602E-14
4817.44234776497  1.833824E-14
4820.27888774872  2.752723E-14
4823.11542773247  1.699295E-14
4825.95196771622  2.129885E-14
4828.78850769997  2.470205E-14
4831.62504768372  4.497637E-14
4834.46158766747  3.531688E-14
4837.29812765122  3.308018E-14
4840.13466763497  3.319198E-14
4842.97120761872  2.263783E-14
4845.80774760247  4.328412E-14
4848.64428758622  2.321135E-14
4851.48082756997  1.988813E-14
4854.31736755372  3.317509E-14
4857.15390753746  1.776203E-14
4859.99044752121  1.692931E-14
4862.82698750496  3.432179E-14
4865.66352748871  3.262607E-14
4868.50006747246  3.144738E-14
4871.33660745621  4.234321E-14
4874.17314743996  2.711821E-14
4877.00968742371  1.267261E-14
4879.84622740746  2.200203E-14
4882.68276739121  2.126429E-14
4885.51930737496  1.771426E-14
4888.35584735871  1.912853E-14
4891.19238734246  4.280142E-15
4894.02892732621  5.709835E-16
4896.86546730996  7.986562E-15
4899.70200729371  3.597077E-14
4902.53854727746  3.573886E-14
4905.3750872612  3.166029E-14
4908.21162724495  1.404778E-14
4911.0481672287  1.382917E-14
4913.88470721245  1.469035E-14
4916.7212471962  1.352466E-14
4919.55778717995  1.884922E-14
4922.3943271637  2.966593E-14
4925.23086714745  3.318470E-14
4928.0674071312  1.767931E-14
4930.90394711495  1.348602E-14
4933.7404870987  3.242459E-14
4936.57702708245  2.408357E-14
4939.4135670662  1.090116E-14
4942.25010704995  2.354297E-14
4945.0866470337  3.166047E-14
4947.92318701745  1.960540E-14
4950.75972700119  1.620726E-14
4953.59626698494  1.566054E-14
4956.43280696869  2.606528E-14
4959.26934695244  2.759476E-14
4962.10588693619  2.116945E-14
4964.94242691994  3.037245E-14
4967.77896690369  3.690460E-14
4970.61550688744  2.825342E-14
4973.45204687119  1.599498E-14
4976.28858685494  2.434676E-14
4979.12512683869  2.856802E-14
4981.96166682244  2.651591E-14
4984.79820680619  2.616009E-14
4987.63474678994  4.683515E-15
4990.47128677369  7.665819E-14
4993.30782675744  5.809855E-13
4996.14436674119  5.327131E-13
4998.98090672494  1.556820E-13
5001.81744670868  7.374793E-14
5004.65398669243  4.622164E-15
5007.49052667618  3.551834E-14
5010.32706665993  1.164255E-14
5013.16360664368  1.830089E-14
5016.00014662743  1.800280E-14
5018.83668661118  8.355860E-15
5021.67322659493  1.767472E-14
5024.50976657868  1.103540E-14
5027.34630656243  1.206525E-14
5030.18284654618  8.320455E-15
5033.01938652993  1.300668E-14
5035.85592651368  1.900900E-14
5038.69246649743  1.639174E-14
5041.52900648118  -3.063730E-15
5044.36554646493  2.102703E-14
5047.20208644868  1.637249E-14
5050.03862643242  2.192407E-14
5052.87516641617  2.144590E-14
5055.71170639992  1.283625E-14
5058.54824638367  4.806762E-15
5061.38478636742  1.322677E-14
5064.22132635117  1.984433E-14
5067.05786633492  1.186929E-14
5069.89440631867  9.249848E-15
5072.73094630242  8.534158E-15
5075.56748628617  9.177410E-15
5078.40402626992  1.351421E-14
5081.24056625367  4.497814E-14
5084.07710623742  1.928297E-13
5086.91364622117  4.116177E-13
5089.75018620492  3.353785E-13
5092.58672618867  3.649123E-13
5095.42326617241  3.121415E-13
5098.25980615616  3.259168E-13
5101.09634613991  4.189251E-13
5103.93288612366  3.717897E-13
5106.76942610741  3.500092E-13
5109.60596609116  2.022587E-13
5112.44250607491  2.894299E-13
5115.27904605866  2.339465E-13
5118.11558604241  9.199974E-14
5120.95212602616  1.113325E-14
5123.78866600991  2.132217E-14
5126.62520599366  2.469104E-14
5129.46174597741  2.216085E-14
5132.29828596116  2.086020E-14
5135.13482594491  1.869435E-14
5137.97136592866  2.155745E-14
5140.80790591241  2.237102E-14
5143.64444589616  2.445128E-14
5146.4809858799  1.802624E-14
5149.31752586365  1.175664E-14
5152.1540658474  1.081434E-14
5154.99060583115  1.348197E-14
5157.8271458149  1.265863E-14
5160.66368579865  1.981624E-14
5163.5002257824  1.630401E-14
5166.33676576615  1.148808E-14
5169.1733057499  1.622999E-14
5172.00984573365  1.863673E-14
5174.8463857174  1.180137E-14
5177.68292570115  1.226306E-14
5180.5194656849  1.169903E-14
5183.35600566865  1.040055E-14
5186.1925456524  1.740876E-14
5189.02908563615  1.682712E-14
5191.86562561989  1.800555E-14
5194.70216560364  3.106737E-14
5197.53870558739  1.411758E-14
5200.37524557114  2.173163E-14
5203.21178555489  1.757008E-14
5206.04832553864  1.492089E-14
5208.88486552239  1.596084E-14
5211.72140550614  1.535159E-14
5214.55794548989  8.947944E-15
5217.39448547364  2.026031E-14
5220.23102545739  1.489280E-14
5223.06756544114  1.940614E-14
5225.90410542489  1.495000E-14
5228.74064540864  1.090433E-14
5231.57718539239  2.749067E-14
5234.41372537614  1.613880E-14
5237.25026535988  2.199549E-14
5240.08680534363  1.078920E-14
5242.92334532738  1.434663E-14
5245.75988531113  5.830501E-15
5248.59642529488  1.820678E-14
5251.43296527863  1.446786E-14
5254.26950526238  1.819238E-14
5257.10604524613  1.288118E-14
5259.94258522988  1.945089E-14
5262.77912521363  1.632648E-14
5265.61566519738  2.337548E-14
5268.45220518113  1.308491E-14
5271.28874516488  1.493244E-14
5274.12528514863  9.794609E-15
5276.96182513238  1.370780E-14
5279.79836511612  2.019131E-14
5282.63490509987  1.769518E-14
5285.47144508363  1.404282E-14
5288.30798506737  1.929937E-14
5291.14452505112  1.492639E-14
5293.98106503487  8.586561E-15
5296.81760501862  9.697429E-15
5299.65414500237  1.498819E-14
5302.49068498612  1.426244E-14
5305.32722496987  1.374544E-14
5308.16376495362  1.950625E-14
5311.00030493737  1.619722E-14
5313.83684492112  1.386583E-14
5316.67338490487  1.801753E-14
5319.50992488862  1.953586E-14
5322.34646487237  1.288134E-14
5325.18300485611  1.630419E-14
5328.01954483987  1.962704E-14
5330.85608482361  1.736439E-14
5333.69262480736  1.227927E-14
5336.52916479111  1.666284E-14
5339.36570477486  1.591318E-14
5342.20224475861  1.523408E-14
5345.03878474236  1.781790E-14
5347.87532472611  1.692153E-14
5350.71186470986  1.462071E-14
5353.54840469361  1.268180E-14
5356.38494467736  1.446003E-14
5359.22148466111  1.525620E-14
5362.05802464486  1.017233E-14
5364.89456462861  1.154072E-14
5367.73110461236  1.610177E-14
5370.56764459611  1.497539E-14
5373.40418457986  1.464461E-14
5376.2407245636  1.212622E-14
5379.07726454735  1.281749E-14
5381.9138045311  1.487897E-14
5384.75034451485  1.569874E-14
5387.5868844986  1.572701E-14
5390.42342448235  1.776463E-14
5393.2599644661  1.419962E-14
5396.09650444985  9.685396E-15
5398.9330444336  8.568049E-15
5401.76958441735  1.484380E-14
5404.6061244011  1.757131E-14
5407.44266438485  1.118918E-14
5410.2792043686  1.081911E-14
5413.11574435235  8.998189E-15
5415.9522843361  8.096489E-15
5418.78882431985  5.099979E-15
5421.62536430359  1.030822E-14
5424.46190428734  8.453377E-15
5427.29844427109  1.739013E-14
5430.13498425484  1.037193E-14
5432.97152423859  9.818118E-15
5435.80806422234  8.266910E-15
5438.64460420609  1.119385E-14
5441.48114418984  1.204630E-14
5444.31768417359  7.516199E-15
5447.15422415734  1.544137E-14
5449.99076414109  1.657844E-14
5452.82730412484  8.981946E-15
5455.66384410859  1.096624E-14
5458.50038409234  1.536436E-14
5461.33692407609  1.664119E-14
5464.17346405984  1.720423E-14
5467.01000404358  1.926930E-14
5469.84654402734  9.090353E-15
5472.68308401108  9.834047E-15
5475.51962399483  1.940239E-14
5478.35616397858  1.950039E-14
5481.19270396233  1.339899E-14
5484.02924394608  7.974144E-15
5486.86578392983  8.296774E-15
5489.70232391358  1.344681E-14
5492.53886389733  1.196944E-14
5495.37540388108  1.224829E-14
5498.21194386483  1.436152E-14
5501.04848384858  1.343846E-14
5503.88502383233  8.056520E-15
5506.72156381608  1.508995E-14
5509.55810379983  1.909799E-14
5512.39464378358  1.702145E-14
5515.23118376733  1.410641E-14
5518.06772375107  1.514043E-14
5520.90426373482  1.232555E-14
5523.74080371857  1.370153E-14
5526.57734370232  1.072163E-14
5529.41388368607  9.572937E-15
5532.25042366982  1.076257E-14
5535.08696365357  1.157121E-14
5537.92350363732  1.305788E-14
5540.76004362107  1.471741E-14
5543.59658360482  1.031304E-14
5546.43312358857  1.065235E-14
5549.26966357232  1.517817E-14
5552.10620355607  1.195926E-14
5554.94274353982  1.045792E-14
5557.77928352357  6.832761E-15
5560.61582350732  1.429273E-14
5563.45236349107  -4.663041E-14
5566.28890347481  -2.312078E-14
5569.12544345856  3.301279E-15
5571.96198344231  1.645637E-14
5574.79852342606  2.765060E-15
5577.63506340981  9.563166E-15
5580.47160339356  2.060022E-14
5583.30814337731  1.647218E-14
5586.14468336106  1.590669E-14
5588.98122334481  2.834694E-14
5591.81776332856  7.954343E-14
5594.65430331231  2.595727E-14
5597.49084329606  -5.373794E-16
5600.32738327981  1.107749E-14
5603.16392326356  8.778767E-15
5606.00046324731  9.518104E-15
5608.83700323106  9.326123E-15
5611.67354321481  1.088871E-14
5614.51008319856  9.892475E-15
5617.3466231823  8.955141E-15
5620.18316316605  9.940214E-15
5623.0197031498  7.229858E-15
5625.85624313355  1.072350E-14
5628.6927831173  1.212467E-14
5631.52932310105  6.612301E-15
5634.3658630848  7.901047E-15
5637.20240306855  9.383974E-15
5640.0389430523  1.136077E-14
5642.87548303605  1.215244E-14
5645.7120230198  1.104216E-14
5648.54856300355  9.669866E-15
5651.3851029873  1.149518E-14
5654.22164297105  9.491744E-15
5657.0581829548  8.175306E-15
5659.89472293854  9.690332E-15
5662.73126292229  9.888744E-15
5665.56780290604  6.347658E-15
5668.40434288979  6.780272E-15
5671.24088287354  9.473784E-15
5674.07742285729  5.490933E-15
5676.91396284104  1.173154E-14
5679.75050282479  1.195255E-13
5682.58704280854  2.001357E-13
5685.42358279229  8.299951E-14
5688.26012277604  -1.512419E-15
5691.09666275979  4.663967E-15
5693.93320274354  6.876908E-15
5696.76974272729  8.747452E-15
5699.60628271104  9.310501E-15
5702.44282269478  7.149753E-15
5705.27936267854  6.581588E-15
5708.11590266228  6.169245E-15
5710.95244264603  7.889907E-15
5713.78898262978  6.898581E-15
5716.62552261353  4.257683E-15
5719.46206259728  3.869553E-15
5722.29860258103  8.706533E-15
5725.13514256478  9.107646E-15
5727.97168254853  8.627100E-15
5730.80822253228  8.928374E-15
5733.64476251603  8.420587E-15
5736.48130249978  6.272517E-15
5739.31784248353  8.407761E-15
5742.15438246728  8.206258E-15
5744.99092245103  7.813711E-15
5747.82746243478  8.951301E-15
5750.66400241852  8.332183E-15
5753.50054240227  8.206546E-15
5756.33708238602  8.427139E-15
5759.17362236977  8.190886E-15
5762.01016235352  8.686779E-15
5764.84670233727  9.835920E-15
5767.68324232102  9.367072E-15
5770.51978230477  8.773820E-15
5773.35632228852  8.098236E-15
5776.19286227227  8.353044E-15
5779.02940225602  7.496297E-15
5781.86594223977  5.044838E-15
5784.70248222352  8.821683E-15
5787.53902220727  7.148134E-15
5790.37556219102  5.378040E-15
5793.21210217477  8.220922E-15
5796.04864215852  7.386608E-15
5798.88518214226  9.305720E-15
5801.72172212601  8.485959E-15
5804.55826210976  7.756642E-15
5807.39480209351  9.296767E-15
5810.23134207726  1.027325E-14
5813.06788206101  1.269272E-14
5815.90442204476  1.146200E-14
5818.74096202851  9.729932E-15
5821.57750201226  9.767157E-15
5824.41404199601  9.410628E-15
5827.25058197976  1.044088E-14
5830.08712196351  1.202022E-14
5832.92366194726  9.826201E-15
5835.76020193101  7.934050E-15
5838.59674191475  8.243552E-15
5841.43328189851  9.681428E-15
5844.26982188225  9.314348E-15
5847.106361866  1.059130E-14
5849.94290184975  7.703813E-15
5852.7794418335  5.972064E-15
5855.61598181725  8.188252E-15
5858.452521801  7.373797E-15
5861.28906178475  6.991451E-15
5864.1256017685  8.505119E-15
5866.96214175225  8.422349E-15
5869.798681736  8.795439E-15
5872.63522171975  9.339050E-15
5875.4717617035  -2.727531E-15
5878.30830168725  1.386089E-14
5881.144841671  -3.230705E-16
5883.98138165475  6.385474E-15
5886.8179216385  9.279066E-15
5889.65446162225  7.964759E-15
5892.49100160599  1.079359E-14
5895.32754158974  9.532379E-15
5898.16408157349  4.716216E-15
5901.00062155724  1.181817E-14
5903.83716154099  1.577663E-14
5906.67370152474  1.375672E-14
5909.51024150849  1.499269E-14
5912.34678149224  7.029591E-15
5915.18332147599  9.452085E-15
5918.01986145974  6.561898E-15
5920.85640144349  7.474486E-15
5923.69294142724  1.912609E-14
5926.52948141099  5.304836E-14
5929.36602139474  4.641585E-15
5932.20256137849  9.252979E-15
5935.03910136223  9.811108E-15
5937.87564134598  7.255683E-15
5940.71218132973  6.510922E-15
5943.54872131348  1.152789E-14
5946.38526129723  9.879139E-15
5949.22180128098  7.511555E-15
5952.05834126473  7.433335E-15
5954.89488124848  8.263733E-15
5957.73142123223  8.393800E-15
5960.56796121598  9.998004E-15
5963.40450119973  1.044791E-14
5966.24104118348  1.161257E-14
5969.07758116723  8.160940E-15
5971.91412115098  7.739051E-15
5974.75066113473  8.415775E-15
5977.58720111848  1.034077E-14
5980.42374110222  8.601057E-15
5983.26028108598  7.875429E-15
5986.09682106972  7.020301E-15
5988.93336105347  1.211888E-14
5991.76990103722  7.129867E-14
5994.60644102097  1.084996E-13
5997.44298100472  -5.661053E-15
6000.27952098847  1.063542E-14
6003.11606097222  6.239279E-15
6005.95260095597  5.356546E-15
6008.78914093972  7.025698E-15
6011.62568092347  6.669326E-15
6014.46222090722  6.526171E-15
6017.29876089097  8.386491E-15
6020.13530087472  6.701136E-15
6022.97184085847  5.770608E-15
6025.80838084222  6.948742E-15
6028.64492082597  6.113699E-15
6031.48146080971  5.608268E-15
6034.31800079346  7.040465E-15
6037.15454077721  6.181483E-15
6039.99108076096  6.700674E-15
6042.82762074471  7.473124E-15
6045.66416072846  7.254457E-15
6048.50070071221  6.732029E-15
6051.33724069596  6.154700E-15
6054.17378067971  5.889086E-15
6057.01032066346  5.422074E-15
6059.84686064721  5.855093E-15
6062.68340063096  7.265836E-15
6065.51994061471  7.232489E-15
6068.35648059846  7.599225E-15
6071.19302058221  6.657007E-15
6074.02956056595  5.810861E-15
6076.8661005497  5.121560E-15
6079.70264053345  5.099378E-15
6082.5391805172  4.961160E-15
6085.37572050095  6.147316E-15
6088.2122604847  7.105244E-15
6091.04880046845  6.397203E-15
6093.8853404522  4.904048E-15
6096.72188043595  5.740890E-15
6099.5584204197  6.281967E-15
6102.39496040345  4.144875E-15
6105.2315003872  4.934134E-15
6108.06804037095  6.647700E-15
6110.9045803547  5.072392E-15
6113.74112033845  3.628241E-15
6116.5776603222  4.454938E-15
6119.41420030595  5.066827E-15
6122.2507402897  5.331310E-15
6125.08728027345  5.813248E-15
6127.9238202572  5.630420E-15
6130.76036024094  4.515145E-15
6133.59690022469  5.263685E-15
6136.43344020844  4.805413E-15
6139.26998019219  4.164609E-15
6142.10652017594  5.176797E-15
6144.94306015969  5.926492E-15
6147.77960014344  6.536291E-15
6150.61614012719  6.374972E-15
6153.45268011094  5.707213E-15
6156.28922009469  4.802220E-15
6159.12576007844  4.751841E-15
6161.96230006219  5.090651E-15
6164.79884004594  5.225629E-15
6167.63538002969  7.709803E-15
6170.47192001344  1.963800E-14
6173.30845999718  2.278953E-14
6176.14499998093  6.738383E-15
6178.98153996468  5.260969E-15
6181.81807994843  7.034108E-15
6184.65461993218  5.653227E-15
6187.49115991593  5.016481E-15
6190.32769989968  4.643477E-15
6193.16423988343  5.538487E-15
6196.00077986718  5.731855E-15
6198.83731985093  5.475303E-15
6201.67385983468  5.987159E-15
6204.51039981843  6.295698E-15
6207.34693980218  5.787872E-15
6210.18347978593  5.051615E-15
6213.02001976968  4.684086E-15
6215.85655975343  5.748298E-15
6218.69309973718  5.444090E-15
6221.52963972092  5.937437E-15
6224.36617970467  1.741669E-14
6227.20271968842  1.616492E-14
6230.03925967217  4.661009E-15
6232.87579965592  7.270466E-15
6235.71233963967  6.759378E-15
6238.54887962342  5.543057E-15
6241.38541960717  5.466915E-15
6244.22195959092  4.995393E-15
6247.05849957467  5.825256E-15
6249.89503955842  6.227972E-15
6252.73157954217  5.683243E-15
6255.56811952592  5.350282E-15
6258.40465950967  5.775624E-15
6261.24119949342  6.102429E-15
6264.07773947716  5.002939E-15
6266.91427946091  3.513838E-15
6269.75081944466  5.306414E-15
6272.58735942841  4.934617E-15
6275.42389941216  3.128353E-15
6278.26043939591  4.069988E-15
6281.09697937966  4.526904E-15
6283.93351936341  3.000062E-15
6286.77005934716  -1.878950E-16
6289.60659933091  4.735216E-15
6292.44313931466  4.791172E-15
6295.27967929841  5.625211E-15
6298.11621928216  6.883968E-15
6300.95275926591  6.881777E-15
6303.78929924966  6.812119E-15
6306.62583923341  8.600097E-15
6309.46237921716  4.610452E-15
6312.29891920091  9.564439E-15
6315.13545918465  8.862780E-15
6317.9719991684  5.179268E-15
6320.80853915215  6.422156E-15
6323.6450791359  4.955748E-15
6326.48161911965  6.178898E-15
6329.3181591034  5.566332E-15
6332.15469908715  5.255436E-15
6334.9912390709  4.318682E-15
6337.82777905465  3.040509E-15
6340.6643190384  5.503719E-15
6343.50085902215  6.317758E-15
6346.3373990059  5.455358E-15
6349.17393898965  3.672936E-15
6352.0104789734  4.532141E-15
6354.84701895715  6.337034E-15
6357.6835589409  5.203295E-15
6360.52009892464  5.043518E-15
6363.35663890839  6.084826E-15
6366.19317889214  6.463956E-15
6369.02971887589  6.904114E-15
6371.86625885964  5.441160E-15
6374.70279884339  6.280818E-15
6377.53933882714  7.605941E-15
6380.37587881089  6.512954E-15
6383.21241879464  6.872077E-15
6386.04895877839  6.748963E-15
6388.88549876214  6.367738E-15
6391.72203874589  6.474956E-15
6394.55857872964  6.697440E-15
6397.39511871339  7.105265E-15
6400.23165869714  6.945111E-15
6403.06819868089  6.688024E-15
6405.90473866463  7.097188E-15
6408.74127864838  6.759814E-15
6411.57781863213  7.079042E-15
6414.41435861588  6.688843E-15
6417.25089859963  6.386897E-15
6420.08743858338  6.827926E-15
6422.92397856713  7.266928E-15
6425.76051855088  6.821417E-15
6428.59705853463  7.445493E-15
6431.43359851838  7.155431E-15
6434.27013850213  6.285676E-15
6437.10667848588  6.655515E-15
6439.94321846963  7.115066E-15
6442.77975845338  6.822151E-15
6445.61629843713  6.559643E-15
6448.45283842088  7.100928E-15
6451.28937840462  7.469362E-15
6454.12591838837  7.729820E-15
6456.96245837212  6.332236E-15
6459.79899835587  6.985431E-15
6462.63553833962  7.720225E-15
6465.47207832337  6.862533E-15
6468.30861830712  6.623080E-15
6471.14515829087  6.249266E-15
6473.98169827462  6.681242E-15
6476.81823825837  6.658812E-15
6479.65477824212  7.289188E-15
6482.49131822587  7.357464E-15
6485.32785820962  6.812057E-15
6488.16439819337  6.760280E-15
6491.00093817712  5.491940E-15
6493.83747816086  6.699396E-15
6496.67401814462  7.360477E-15
6499.51055812836  7.637295E-15
6502.34709811211  7.810529E-15
6505.18363809586  7.751154E-15
6508.02017807961  7.507671E-15
6510.85671806336  8.224338E-15
6513.69325804711  7.119668E-15
6516.52979803086  6.977186E-15
6519.36633801461  6.804212E-15
6522.20287799836  7.363684E-15
6525.03941798211  6.048835E-15
6527.87595796586  2.015608E-14
6530.71249794961  1.688163E-14
6533.54903793336  7.255517E-15
6536.38557791711  7.318030E-15
6539.22211790086  6.907092E-15
6542.05865788461  8.389905E-15
6544.89519786836  8.034383E-15
6547.7317378521  6.841212E-15
6550.56827783585  7.017408E-15
6553.4048178196  7.687893E-15
6556.24135780335  7.451771E-15
6559.0778977871  6.900713E-15
6561.91443777085  8.602707E-15
6564.7509777546  6.726530E-15
6567.58751773835  6.142315E-15
6570.4240577221  8.966222E-15
6573.26059770585  8.005000E-15
6576.0971376896  7.362858E-15
6578.93367767335  6.890885E-15
6581.7702176571  7.510913E-15
6584.60675764085  7.474504E-15
6587.4432976246  6.854315E-15
6590.27983760834  7.775034E-15
6593.11637759209  6.543470E-15
6595.95291757584  7.398917E-15
6598.78945755959  6.697379E-15
6601.62599754334  7.793703E-15
6604.46253752709  7.133671E-15
6607.29907751084  6.246723E-15
6610.13561749459  6.843597E-15
6612.97215747834  7.230713E-15
6615.80869746209  6.506008E-15
6618.64523744584  6.836273E-15
6621.48177742959  6.169466E-15
6624.31831741334  6.231194E-15
6627.15485739709  6.299608E-15
6629.99139738084  6.682489E-15
6632.82793736459  6.484235E-15
6635.66447734833  5.699190E-15
6638.50101733209  5.526549E-15
6641.33755731583  6.055090E-15
6644.17409729958  6.088010E-15
6647.01063728333  5.685736E-15
6649.84717726708  5.736562E-15
6652.68371725083  6.419254E-15
6655.52025723458  6.575781E-15
6658.35679721833  6.434276E-15
6661.19333720208  6.153626E-15
6664.02987718583  5.777492E-15
6666.86641716958  5.346912E-15
6669.70295715333  6.332969E-15
6672.53949713708  5.507651E-15
6675.37603712083  4.833907E-15
6678.21257710458  5.672277E-15
6681.04911708833  1.191222E-14
6683.88565707208  2.213568E-14
6686.72219705582  9.744909E-15
6689.55873703957  4.861996E-15
6692.39527702332  5.450072E-15
6695.23181700707  5.281477E-15
6698.06835699082  4.780432E-15
6700.90489697457  4.877248E-15
6703.74143695832  4.959740E-15
6706.57797694207  5.181586E-15
6709.41451692582  5.038549E-15
6712.25105690957  5.417939E-15
6715.08759689332  5.360096E-15
6717.92413687707  5.106546E-15
6720.76067686082  4.897363E-15
6723.59721684457  4.614908E-15
6726.43375682832  3.478714E-15
6729.27029681207  5.304874E-15
6732.10683679582  5.211461E-15
6734.94337677956  5.166537E-15
6737.77991676331  4.743875E-15
6740.61645674706  4.507262E-15
6743.45299673081  4.811864E-15
6746.28953671456  4.608587E-15
6749.12607669831  4.509133E-15
6751.96261668206  4.579946E-15
6754.79915666581  4.931961E-15
6757.63569664956  3.978387E-15
6760.47223663331  4.193747E-15
6763.30877661706  4.463030E-15
6766.14531660081  3.636472E-15
6768.98185658456  3.869110E-15
6771.81839656831  4.225005E-15
6774.65493655206  3.919659E-15
6777.49147653581  4.237657E-15
6780.32801651956  3.693143E-15
6783.1645565033  4.041134E-15
6786.00109648705  3.682731E-15
6788.8376364708  3.777065E-15
6791.67417645455  3.923452E-15
6794.5107164383  3.542534E-15
6797.34725642205  3.900986E-15
6800.1837964058  3.682819E-15
6803.02033638955  3.751667E-15
6805.8568763733  3.483052E-15
6808.69341635705  3.899153E-15
6811.5299563408  2.324281E-15
6814.36649632455  3.851051E-15
6817.2030363083  2.637638E-15
6820.03957629205  3.432862E-15
6822.8761162758  3.367973E-15
6825.71265625955  7.129113E-15
6828.54919624329  2.972535E-15
6831.38573622704  2.868587E-15
6834.22227621079  2.835611E-15
6837.05881619454  3.865849E-15
6839.89535617829  2.910085E-15
6842.73189616204  3.173874E-15
6845.56843614579  2.585155E-15
6848.40497612954  2.456353E-15
6851.24151611329  3.431196E-15
6854.07805609704  2.748876E-15
6856.91459608079  3.339025E-15
6859.75113606454  2.579240E-15
6862.58767604829  3.118664E-15
6865.42421603204  2.160114E-15
6868.26075601579  2.505361E-15
6871.09729599954  2.291674E-15
6873.93383598329  4.708415E-15
6876.77037596703  2.219659E-15
6879.60691595078  3.159468E-15
6882.44345593453  3.635520E-15
6885.27999591828  3.317378E-15
6888.11653590203  3.120137E-15
6890.95307588578  2.684632E-15
6893.78961586953  3.173224E-15
6896.62615585328  2.557837E-15
6899.46269583703  3.006220E-15
6902.29923582078  3.157916E-15
6905.13577580453  3.440655E-15
6907.97231578828  3.217765E-15
6910.80885577203  3.435293E-15
6913.64539575578  3.222850E-15
6916.48193573953  3.560952E-15
6919.31847572328  2.954924E-15
6922.15501570702  3.248701E-15
6924.99155569077  2.982034E-15
6927.82809567452  2.830726E-15
6930.66463565827  2.923525E-15
6933.50117564202  4.319835E-15
6936.33771562577  2.937874E-15
6939.17425560952  3.269662E-15
6942.01079559327  3.265174E-15
6944.84733557702  3.146303E-15
6947.68387556077  3.180884E-15
6950.52041554452  3.241994E-15
6953.35695552827  3.314094E-15
6956.19349551202  2.978836E-15
6959.03003549577  4.429563E-15
6961.86657547952  2.894834E-15
6964.70311546326  4.323692E-15
6967.53965544702  3.576530E-15
6970.37619543076  3.431104E-15
6973.21273541451  3.356700E-15
6976.04927539826  3.160246E-15
6978.88581538201  3.954865E-15
6981.72235536576  3.380482E-15
6984.55889534951  3.951926E-15
6987.39543533326  4.071442E-15
6990.23197531701  3.294026E-15
6993.06851530076  3.371260E-15
6995.90505528451  2.833045E-15
6998.74159526826  3.386393E-15
7001.57813525201  3.294954E-15
7004.41467523576  3.489848E-15
7007.25121521951  3.974595E-15
7010.08775520326  3.628242E-15
7012.92429518701  3.070382E-15
7015.76083517076  3.408068E-15
7018.5973751545  3.373573E-15
7021.43391513825  3.982186E-15
7024.270455122  3.457696E-15
7027.10699510575  3.347298E-15
7029.9435350895  3.219470E-15
7032.78007507325  2.961576E-15
7035.616615057  2.898735E-15
7038.45315504075  3.459062E-15
7041.2896950245  3.599319E-15
7044.12623500825  3.141329E-15
7046.962774992  3.151116E-15
7049.79931497575  3.430797E-15
7052.6358549595  3.112505E-15
7055.47239494325  2.878035E-15
7058.308934927  3.322161E-15
7061.14547491074  2.980009E-15
7063.98201489449  3.063219E-15
7066.81855487824  3.128382E-15
7069.65509486199  3.149219E-15
7072.49163484574  3.393887E-15
7075.32817482949  3.227643E-15
7078.16471481324  2.738687E-15
7081.00125479699  2.828561E-15
7083.83779478074  2.872250E-15
7086.67433476449  2.515909E-15
7089.51087474824  3.173915E-15
7092.34741473199  3.681324E-15
7095.18395471574  3.230442E-15
7098.02049469949  2.749224E-15
7100.85703468324  2.663136E-15
7103.69357466699  2.949645E-15
7106.53011465073  2.956791E-15
7109.36665463449  2.725907E-15
7112.20319461823  3.013191E-15
7115.03973460198  2.385107E-15
7117.87627458573  2.641141E-15
7120.71281456948  2.793712E-15
7123.54935455323  2.943233E-15
7126.38589453698  2.817550E-15
7129.22243452073  2.473382E-15
7132.05897450448  2.837110E-15
7134.89551448823  3.068628E-15
7137.73205447198  3.114269E-15
7140.56859445573  3.236599E-15
7143.40513443948  3.109807E-15
7146.24167442323  3.581593E-15
7149.07821440698  3.579722E-15
7151.91475439073  3.222819E-15
7154.75129437448  3.126434E-15
7157.58783435822  2.825433E-15
7160.42437434197  2.538327E-15
7163.26091432572  3.240597E-15
7166.09745430947  3.220711E-15
7168.93399429322  2.701287E-15
7171.77053427697  2.570538E-15
7174.60707426072  2.542059E-15
7177.44361424447  2.469201E-15
7180.28015422822  2.936941E-15
7183.11669421197  2.962592E-15
7185.95323419572  2.861608E-15
7188.78977417947  3.158295E-15
7191.62631416322  3.235888E-15
7194.46285414697  3.214304E-15
7197.29939413072  3.086523E-15
7200.13593411447  2.900888E-15
7202.97247409821  3.072899E-15
7205.80901408196  3.169302E-15
7208.64555406571  3.229856E-15
7211.48209404946  3.197600E-15
7214.31863403321  2.777896E-15
7217.15517401696  3.018262E-15
7219.99171400071  3.186386E-15
7222.82825398446  2.720781E-15
7225.66479396821  3.281279E-15
7228.50133395196  1.968349E-15
7231.33787393571  3.637378E-15
7234.17441391946  3.517193E-15
7237.01095390321  3.056630E-15
7239.84749388696  3.342985E-15
7242.68403387071  3.068481E-15
7245.52057385446  2.832330E-15
7248.3571138382  3.618033E-15
7251.19365382196  3.593683E-15
7254.0301938057  3.427022E-15
7256.86673378945  3.238363E-15
7259.7032737732  2.112967E-15
7262.53981375695  3.847056E-15
7265.3763537407  2.531169E-15
7268.21289372445  2.937946E-15
7271.0494337082  5.241400E-15
7273.88597369195  5.182220E-15
7276.7225136757  2.254453E-15
7279.55905365945  2.657802E-15
7282.3955936432  3.115793E-15
7285.23213362695  3.637834E-15
7288.0686736107  2.680904E-15
7290.90521359445  3.354698E-15
7293.7417535782  3.041689E-15
7296.57829356195  2.279460E-15
7299.41483354569  2.006109E-15
7302.25137352944  3.179874E-15
7305.08791351319  2.581519E-15
7307.92445349694  2.098537E-15
7310.76099348069  2.094108E-15
7313.59753346444  2.537564E-15
7316.43407344819  2.650107E-15
7319.27061343194  3.060330E-15
7322.10715341569  2.928530E-15
7324.94369339944  2.308911E-15
7327.78023338319  3.341255E-15
7330.61677336694  2.446703E-15
7333.45331335069  3.076928E-15
7336.28985333444  3.024932E-15
7339.12639331819  3.098143E-15
7341.96293330193  2.264373E-15
7344.79947328569  2.384355E-15
7347.63601326943  2.704648E-15
7350.47255325318  3.391076E-15
7353.30909323693  9.236067E-16
7356.14563322068  2.921766E-15
7358.98217320443  2.459737E-15
7361.81871318818  2.489482E-15
7364.65525317193  2.144051E-15
7367.49179315568  2.525369E-15
7370.32833313943  2.406238E-15
7373.16487312318  2.394498E-15
7376.00141310693  2.142477E-15
7378.83795309068  2.586789E-15
7381.67449307443  1.605935E-15
7384.51103305818  2.088449E-15
7387.34757304193  2.073871E-15
7390.18411302567  2.161243E-15
7393.02065300943  2.291164E-15
7395.85719299317  1.894351E-15
7398.69373297692  2.117276E-15
7401.53027296067  2.294371E-15
7404.36681294442  2.078188E-15
7407.20335292817  2.112053E-15
7410.03989291192  2.033286E-15
7412.87643289567  1.853489E-15
7415.71297287942  1.964170E-15
7418.54951286317  2.139700E-15
7421.38605284692  1.888940E-15
7424.22259283067  2.055325E-15
7427.05913281442  2.016641E-15
7429.89567279817  2.126526E-15
7432.73221278191  2.171798E-15
7435.56875276566  2.076877E-15
7438.40529274941  1.899050E-15
7441.24183273316  1.727965E-15
7444.07837271691  1.833815E-15
7446.91491270066  1.838597E-15
7449.75145268441  2.024611E-15
7452.58799266816  2.071891E-15
7455.42453265191  1.670022E-15
7458.26107263566  1.630237E-15
7461.09761261941  1.689480E-15
7463.93415260316  1.428085E-15
7466.77069258691  1.267702E-15
7469.60723257066  1.474733E-15
7472.44377255441  1.610325E-15
7475.28031253816  1.758148E-15
7478.1168525219  1.510415E-15
7480.95339250566  1.799437E-15
7483.7899324894  1.700750E-15
7486.62647247315  1.889588E-15
7489.4630124569  1.330556E-15
7492.29955244065  4.014144E-15
7495.1360924244  1.222835E-14
7497.97263240815  1.086510E-14
7500.8091723919  2.920563E-15
7503.64571237565  1.822975E-15
7506.4822523594  1.481677E-15
7509.31879234315  1.434002E-15
7512.1553323269  1.374309E-15
7514.99187231065  1.454736E-15
7517.8284122944  1.451377E-15
7520.66495227815  1.459978E-15
7523.5014922619  1.442541E-15
7526.33803224565  1.715024E-15
7529.17457222939  1.174066E-15
7532.01111221314  1.566796E-15
7534.84765219689  1.869142E-15
7537.68419218064  1.452628E-15
7540.52073216439  1.844576E-15
7543.35727214814  1.625636E-15
7546.19381213189  1.248782E-15
7549.03035211564  1.413647E-15
7551.86689209939  1.435872E-15
7554.70343208314  1.153441E-15
7557.53997206689  1.212379E-15
7560.37651205064  1.258035E-15
7563.21305203439  1.509367E-15
7566.04959201814  1.774383E-15
7568.88613200189  1.712795E-15
7571.72267198564  1.589620E-15
7574.55921196938  1.657535E-15
7577.39575195313  1.678979E-15
7580.23229193688  1.219822E-15
7583.06883192063  9.651084E-16
7585.90537190438  1.052846E-15
7588.74191188813  1.033732E-15
7591.57845187188  9.237229E-16
7594.41499185563  7.258655E-16
7597.25153183938  5.980702E-16
7600.08807182313  6.487108E-16
7602.92461180688  7.342056E-16
7605.76115179063  7.693975E-16
7608.59769177438  6.486860E-16
7611.43423175813  6.838862E-16
7614.27077174188  1.145181E-15
7617.10731172563  1.216747E-15
7619.94385170937  1.116238E-15
7622.78039169313  8.543896E-16
7625.61693167687  1.051601E-15
7628.45347166062  1.122638E-15
7631.29001164437  1.060951E-15
7634.12655162812  9.380051E-16
7636.96309161187  1.030291E-15
7639.79963159562  1.171461E-15
7642.63617157937  1.413894E-15
7645.47271156312  1.291417E-15
7648.30925154687  1.147699E-15
7651.14579153062  1.252851E-15
7653.98233151437  1.425986E-15
7656.81887149812  1.527943E-15
7659.65541148187  1.477407E-15
7662.49195146562  1.282839E-15
7665.32849144937  1.156557E-15
7668.16503143312  1.210890E-15
7671.00157141686  1.310328E-15
7673.83811140061  1.444196E-15
7676.67465138436  1.346646E-15
7679.51119136811  1.371156E-15
7682.34773135186  1.368680E-15
7685.18427133561  1.480648E-15
7688.02081131936  1.270631E-15
7690.85735130311  1.783882E-15
7693.69389128686  1.438419E-15
7696.53043127061  1.640263E-15
7699.36697125436  1.695113E-15
7702.20351123811  1.113749E-15
7705.04005122186  1.341424E-15
7707.87659120561  1.357376E-15
7710.71313118936  1.296289E-15
7713.54967117311  1.657562E-15
7716.38621115685  1.387256E-15
7719.2227511406  1.542720E-15
7722.05929112435  9.302905E-16
7724.8958311081  1.249044E-15
7727.73237109185  1.595119E-15
7730.5689110756  1.350427E-15
7733.40545105935  1.956823E-15
7736.2419910431  1.494012E-15
7739.07853102685  1.586635E-15
7741.9150710106  1.580221E-15
7744.75161099435  1.289833E-15
7747.5881509781  1.481068E-15
7750.42469096185  1.120899E-15
7753.2612309456  1.678956E-15
7756.09777092935  1.061463E-15
7758.9343109131  1.326944E-15
7761.77085089684  1.843894E-15
7764.6073908806  9.640671E-16
7767.44393086434  1.407947E-15
7770.28047084809  1.249927E-15
7773.11701083184  1.639801E-15
7775.95355081559  1.683865E-15
7778.79009079934  1.065884E-15
7781.62663078309  1.036569E-15
7784.46317076684  7.498137E-16
7787.29971075059  1.275077E-15
7790.13625073434  1.085273E-15
7792.97279071809  8.641542E-16
7795.80933070184  1.187124E-15
7798.64587068559  5.786974E-16
7801.48241066934  1.387783E-15
7804.31895065309  1.765992E-15
7807.15549063684  7.620445E-16
7809.99203062059  1.307412E-15
7812.82857060433  1.318280E-15
7815.66511058808  1.314758E-15
7818.50165057183  1.009313E-15
7821.33819055558  1.120930E-15
7824.17473053933  1.892643E-15
7827.01127052308  1.027250E-15
7829.84781050683  3.013348E-16
7832.68435049058  1.528765E-15
7835.52089047433  1.912460E-15
7838.35743045808  1.107628E-15
7841.19397044183  1.195285E-15
7844.03051042558  1.416724E-15
7846.86705040933  1.086706E-15
7849.70359039308  1.011732E-15
7852.54013037683  1.961211E-15
7855.37667036057  3.742238E-15
7858.21321034432  3.180530E-15
7861.04975032807  2.072193E-15
7863.88629031182  1.419295E-15
7866.72283029557  8.882977E-16
7869.55937027932  6.743450E-16
7872.39591026307  1.760860E-15
7875.23245024682  1.017981E-15
7878.06899023057  1.355930E-15
7880.90553021432  1.052705E-15
7883.74207019807  1.087738E-15
7886.57861018182  1.030868E-15
7889.41515016557  3.756588E-16
7892.25169014932  1.202713E-15
7895.08823013307  1.751659E-15
7897.92477011682  8.336395E-16
7900.76131010057  7.055882E-16
7903.59785008431  1.701090E-15
7906.43439006807  1.007777E-15
7909.27093005181  8.103167E-16
7912.10747003556  6.665970E-16
7914.94401001931  1.664461E-15
7917.78055000306  1.374635E-15
7920.61708998681  1.870101E-15
7923.45362997056  -2.540265E-16
7926.29016995431  1.280242E-15
7929.12670993806  4.909122E-16
7931.96324992181  1.150239E-15
7934.79978990556  1.243234E-15
7937.63632988931  1.421164E-15
7940.47286987306  4.911388E-16
7943.30940985681  1.105434E-15
7946.14594984056  1.240859E-15
7948.9824898243  1.214747E-15
7951.81902980806  1.613781E-15
7954.6555697918  1.159134E-15
7957.49210977555  9.263472E-16
7960.3286497593  1.318097E-15
7963.16518974305  1.636377E-15
7966.0017297268  1.202000E-15
7968.83826971055  1.055443E-15
7971.6748096943  2.085778E-15
7974.51134967805  -6.660227E-16
7977.3478896618  1.461230E-15
7980.18442964555  1.010719E-15
7983.0209696293  1.116664E-15
7985.85750961305  1.082204E-15
7988.6940495968  6.320468E-16
7991.53058958055  1.101478E-15
7994.3671295643  7.640505E-16
7997.20366954805  1.179160E-15
8000.04020953179  1.795202E-15
8002.87674951554  3.495266E-16
8005.71328949929  2.881604E-16
8008.54982948304  9.117192E-15
8011.38636946679  1.182534E-14
8014.22290945054  -1.507038E-16
8017.05944943429  1.138480E-15
8019.89598941804  7.792343E-16
8022.73252940179  1.050704E-15
8025.56906938554  8.805084E-16
8028.40560936929  9.952254E-16
8031.24214935304  1.034480E-15
8034.07868933679  1.191780E-15
8036.91522932054  9.788535E-16
8039.75176930429  1.180415E-15
8042.58830928804  7.398208E-16
8045.42484927178  1.056582E-15
8048.26138925553  1.127451E-15
8051.09792923928  1.007534E-15
8053.93446922303  8.860162E-16
8056.77100920678  7.860387E-16
8059.60754919053  1.184743E-15
8062.44408917428  1.025457E-15
8065.28062915803  9.709539E-16
8068.11716914178  9.885730E-16
8070.95370912553  8.010403E-16
8073.79024910928  8.612798E-16
8076.62678909303  1.031211E-15
8079.46332907678  1.054588E-15
8082.29986906053  9.407527E-16
8085.13640904428  9.307191E-16
8087.97294902803  9.550174E-16
8090.80948901177  8.772549E-16
8093.64602899553  8.215548E-16
8096.48256897927  7.768648E-16
8099.31910896302  7.922935E-16
8102.15564894677  1.018570E-15
8104.99218893052  9.949938E-16
8107.82872891427  8.032109E-16
8110.66526889802  8.558820E-16
8113.50180888177  7.801149E-16
8116.33834886552  8.001678E-16
8119.17488884927  8.878145E-16
8122.01142883302  9.088999E-16
8124.84796881677  9.710279E-16
8127.68450880052  9.133794E-16
8130.52104878427  8.514854E-16
8133.35758876802  8.446001E-16
8136.19412875177  7.968934E-16
8139.03066873552  8.611449E-16
8141.86720871926  1.390523E-15
8144.70374870301  2.187550E-15
8147.54028868676  2.312358E-15
8150.37682867051  1.239099E-15
8153.21336865426  6.341256E-16
8156.04990863801  8.351193E-16
8158.88644862176  6.931852E-16
8161.72298860551  6.898699E-16
8164.55952858926  8.099936E-16
8167.39606857301  8.354173E-16
8170.23260855676  6.700800E-16
8173.06914854051  6.444414E-16
8175.90568852426  7.815709E-16
8178.74222850801  7.632550E-16
8181.57876849176  7.375135E-16
8184.41530847551  8.124765E-16
8187.25184845925  8.135424E-16
8190.088388443  8.467914E-16
8192.92492842675  7.448317E-16
8195.7614684105  8.589365E-16
8198.59800839425  8.088146E-16
8201.434548378  8.360746E-16
8204.27108836175  8.915356E-16
8207.1076283455  7.992626E-16
8209.94416832925  9.399008E-16
8212.780708313  8.885846E-16
8215.61724829675  8.251316E-16
8218.4537882805  7.394501E-16
8221.29032826425  6.712280E-16
8224.126868248  7.534035E-16
8226.96340823175  8.022876E-16
8229.7999482155  9.132217E-16
8232.63648819924  8.140826E-16
8235.473028183  7.318858E-16
8238.30956816675  7.788657E-16
8241.14610815049  7.647692E-16
8243.98264813424  5.668511E-16
8246.81918811799  6.378069E-16
8249.65572810174  7.408406E-16
8252.49226808549  7.782214E-16
8255.32880806924  6.620094E-16
8258.16534805299  8.135251E-16
8261.00188803674  9.953459E-16
8263.83842802049  5.502422E-16
8266.67496800424  5.368730E-16
8269.51150798799  1.511856E-15
8272.34804797174  9.438044E-16
8275.18458795548  8.342340E-16
8278.02112793924  1.052678E-15
8280.85766792298  5.928232E-16
8283.69420790673  8.026905E-16
8286.53074789049  7.595706E-16
8289.36728787423  2.744851E-16
8292.20382785798  1.055596E-15
8295.04036784173  8.024918E-17
8297.87690782548  9.740941E-16
8300.71344780923  1.045710E-15
8303.54998779298  1.403568E-15
8306.38652777673  -5.538438E-17
8309.22306776048  7.785284E-16
8312.05960774423  6.209273E-16
8314.89614772798  1.038184E-15
8317.73268771173  5.411174E-16
8320.56922769548  4.152359E-16
8323.40576767923  4.974142E-16
8326.24230766297  2.187449E-15
8329.07884764672  7.107702E-16
8331.91538763047  5.160440E-16
8334.75192761422  9.550892E-16
8337.58846759797  9.103711E-16
8340.42500758172  1.187674E-15
8343.26154756547  5.887358E-16
8346.09808754922  1.118634E-15
8348.93462753297  3.674743E-15
8351.77116751672  -1.724353E-15
8354.60770750047  7.350064E-16
8357.44424748422  1.973883E-15
8360.28078746797  -4.254743E-16
8363.11732745172  1.429346E-15
8365.95386743547  9.522729E-16
8368.79040741922  1.095146E-15
8371.62694740296  6.732452E-16
8374.46348738671  1.422960E-15
8377.30002737046  -3.971595E-16
8380.13656735421  2.821680E-15
8382.97310733796  1.548930E-15
8385.80964732171  1.499899E-15
8388.64618730546  1.198162E-15
8391.48272728921  1.414533E-15
8394.31926727296  9.685739E-16
8397.15580725671  1.511224E-15
8399.99234724046  1.258787E-15
8402.82888722421  1.034237E-15
8405.66542720796  1.738716E-15
8408.50196719171  3.526086E-16
8411.33850717546  1.553604E-15
8414.17504715921  1.062087E-15
8417.01158714296  7.408104E-16
8419.8481271267  9.651413E-16
8422.68466711045  6.386096E-16
8425.5212070942  6.590333E-16
8428.35774707795  7.692454E-16
8431.1942870617  1.993076E-16
8434.03082704545  -5.044729E-16
8436.8673670292  9.384721E-16
8439.70390701295  1.405300E-15
8442.5404469967  1.644863E-15
8445.37698698045  9.844454E-16
8448.2135269642  5.734452E-16
8451.05006694795  1.122805E-15
8453.8866069317  9.867655E-16
8456.72314691545  6.635471E-16
8459.5596868992  2.159890E-15
8462.39622688295  3.648082E-15
8465.2327668667  1.959148E-15
8468.06930685044  5.372298E-16
8470.90584683419  1.383084E-15
8473.74238681794  1.337700E-15
8476.57892680169  8.780297E-16
8479.41546678544  1.118194E-15
8482.25200676919  1.602402E-15
8485.08854675294  1.032159E-15
8487.92508673669  9.349002E-16
8490.76162672044  1.125210E-15
8493.59816670419  1.088282E-15
8496.43470668794  1.074437E-15
8499.27124667169  1.150478E-15
8502.10778665544  1.365334E-15
8504.94432663919  1.198745E-15
8507.78086662294  9.930448E-16
8510.61740660669  9.964679E-16
8513.45394659044  1.286757E-15
8516.29048657418  1.306411E-15
8519.12702655793  1.357654E-15
8521.96356654168  1.315348E-15
8524.80010652543  1.175598E-15
8527.63664650918  1.316428E-15
8530.47318649293  1.254613E-15
8533.30972647668  1.260175E-15
8536.14626646043  1.328549E-15
8538.98280644418  1.249955E-15
8541.81934642793  1.212468E-15
8544.65588641168  1.327339E-15
8547.49242639543  1.338850E-15
8550.32896637918  1.431944E-15
8553.16550636293  1.196147E-15
8556.00204634668  1.366355E-15
8558.83858633042  1.369578E-15
8561.67512631417  1.299336E-15
8564.51166629792  1.236600E-15
8567.34820628167  1.302608E-15
8570.18474626542  1.244851E-15
8573.02128624917  1.258254E-15
8575.85782623292  1.411169E-15
8578.69436621667  1.441475E-15
8581.53090620042  1.373053E-15
8584.36744618417  1.354833E-15
8587.20398616792  1.380398E-15
8590.04052615167  1.404528E-15
8592.87706613542  1.386664E-15
8595.71360611917  1.353795E-15
8598.55014610292  1.246809E-15
8601.38668608667  1.251660E-15
8604.22322607041  1.214933E-15
8607.05976605417  1.349161E-15
8609.89630603791  1.233501E-15
8612.73284602166  1.177876E-15
8615.56938600541  1.325390E-15
8618.40592598916  1.481467E-15
8621.24246597291  1.518407E-15
8624.07900595666  1.410479E-15
8626.91554594041  1.225898E-15
8629.75208592416  1.152306E-15
8632.58862590791  1.195002E-15
8635.42516589166  1.241680E-15
8638.26170587541  1.424838E-15
8641.09824585916  1.105464E-15
8643.93478584291  1.373626E-15
8646.77132582666  1.151402E-15
8649.60786581041  1.369917E-15
8652.44440579416  1.437389E-15
8655.2809457779  1.065742E-15
8658.11748576165  1.413478E-15
8660.9540257454  1.373884E-15
8663.79056572915  1.457739E-15
8666.6271057129  1.374300E-15
8669.46364569665  1.254836E-15
8672.3001856804  1.438075E-15
8675.13672566415  1.175182E-15
8677.9732656479  1.296335E-15
8680.80980563165  1.020156E-15
8683.6463456154  1.283689E-15
8686.48288559915  1.060361E-15
8689.3194255829  1.081299E-15
8692.15596556665  1.068336E-15
8694.9925055504  1.153832E-15
8697.82904553415  1.196643E-15
8700.66558551789  1.187901E-15
8703.50212550164  1.178149E-15
8706.33866548539  1.224465E-15
8709.17520546914  1.202640E-15
8712.01174545289  1.262859E-15
8714.84828543664  1.377230E-15
8717.68482542039  1.397481E-15
8720.52136540414  1.413919E-15
8723.35790538789  1.346675E-15
8726.19444537164  1.202815E-15
8729.03098535539  1.136571E-15
8731.86752533914  1.097262E-15
8734.70406532289  1.045180E-15
8737.54060530664  1.392315E-15
8740.37714529039  1.039127E-15
8743.21368527414  1.008679E-15
8746.05022525788  1.434391E-15
8748.88676524164  6.421516E-16
8751.72330522538  1.041941E-15
8754.55984520913  1.388994E-15
8757.39638519288  8.655343E-16
8760.23292517663  2.986276E-16
8763.06946516038  9.807529E-16
8765.90600514413  6.305409E-16
8768.74254512788  1.009812E-15
8771.57908511163  6.703220E-16
8774.41562509538  6.209267E-16
8777.25216507913  1.046925E-15
8780.08870506288  6.278615E-16
8782.92524504663  4.570155E-16
8785.76178503038  7.186957E-16
8788.59832501412  9.573600E-16
8791.43486499788  7.863412E-16
8794.27140498163  6.573336E-16
8797.10794496537  7.468927E-16
8799.94448494912  7.492857E-16
8802.78102493287  6.978790E-16
8805.61756491662  4.683450E-16
8808.45410490037  1.699903E-15
8811.29064488412  -2.182036E-16
8814.12718486787  6.968428E-16
8816.96372485162  9.707727E-16
8819.80026483537  2.307213E-16
8822.63680481912  6.908085E-16
8825.47334480287  6.940691E-16
8828.30988478662  5.513856E-16
8831.14642477037  8.946473E-16
8833.98296475412  -8.681077E-16
8836.81950473786  3.791992E-16
8839.65604472161  3.932198E-16
8842.49258470536  7.802053E-16
8845.32912468911  -1.622407E-16
8848.16566467286  1.673754E-15
8851.00220465661  2.931926E-15
8853.83874464036  5.805661E-16
8856.67528462411  5.278646E-16
8859.51182460786  5.036584E-16
8862.34836459161  5.485721E-16
8865.18490457536  -5.748023E-16
8868.02144455911  2.152270E-15
8870.85798454286  2.294795E-16
8873.69452452661  1.076291E-15
8876.53106451036  -1.543856E-17
8879.36760449411  4.216334E-16
8882.20414447786  -2.030958E-16
8885.0406844616  6.390319E-16
8887.87722444535  -1.782914E-16
8890.71376442911  3.498328E-16
8893.55030441285  6.328812E-16
8896.3868443966  1.298257E-15
8899.22338438035  -3.781737E-16
8902.0599243641  1.499417E-15
8904.89646434785  3.150427E-16
8907.7330043316  3.466727E-16
8910.56954431535  8.340787E-16
8913.4060842991  4.046384E-16
8916.24262428285  4.984100E-16
8919.0791642666  8.375232E-16
8921.91570425035  3.676749E-16
8924.7522442341  -1.147783E-16
8927.58878421785  1.181772E-15
8930.4253242016  6.881292E-16
8933.26186418534  8.381446E-16
8936.09840416909  1.240364E-15
8938.93494415284  -1.784966E-16
8941.77148413659  2.448878E-16
8944.60802412034  3.269283E-16
8947.44456410409  2.930093E-16
8950.28110408784  6.034311E-16
8953.11764407159  4.250827E-16
8955.95418405534  3.315300E-16
8958.79072403909  3.978739E-16
8961.62726402284  4.618542E-16
8964.46380400659  1.187834E-16
8967.30034399034  9.042045E-16
8970.13688397409  2.902432E-16
8972.97342395784  3.654203E-16
8975.80996394159  3.984620E-16
8978.64650392534  7.842566E-16
8981.48304390908  1.868091E-15
8984.31958389283  1.911809E-15
8987.15612387658  1.245411E-15
8989.99266386033  4.700896E-16
8992.82920384408  5.685397E-16
8995.66574382783  1.131387E-15
8998.50228381158  4.066584E-15
9001.33882379533  1.390189E-15
9004.17536377908  5.008841E-16
9007.01190376283  3.774191E-16
9009.84844374658  4.771174E-16
9012.68498373033  4.272349E-16
9015.52152371408  2.782355E-16
9018.35806369783  7.039550E-16
9021.19460368158  4.813686E-16
9024.03114366532  4.953508E-16
9026.86768364908  2.954393E-16
9029.70422363282  7.566976E-16
9032.54076361657  4.076330E-16
9035.37730360032  3.809965E-16
9038.21384358407  5.136541E-16
9041.05038356782  4.834008E-16
9043.88692355157  3.430339E-16
9046.72346353532  3.616081E-16
9049.56000351907  3.567672E-16
9052.39654350282  3.070595E-16
9055.23308348657  4.749500E-16
9058.06962347032  3.170519E-16
9060.90616345407  4.651078E-16
9063.74270343782  3.986442E-16
9066.57924342157  4.198372E-16
9069.41578340532  4.911959E-16
9072.25232338906  4.569714E-16
9075.08886337281  4.702249E-16
9077.92540335656  4.527521E-16
9080.76194334031  4.077105E-16
9083.59848332406  3.965812E-16
9086.43502330781  4.182388E-16
9089.27156329156  3.174574E-16
9092.10810327531  4.619997E-16
9094.94464325906  4.923338E-16
9097.78118324281  3.977351E-16
9100.61772322656  3.738986E-16
9103.45426321031  3.540646E-16
9106.29080319406  3.961337E-16
9109.12734317781  4.528919E-16
9111.96388316156  5.305988E-16
9114.8004231453  4.641908E-16
9117.63696312905  4.208384E-16
9120.4735031128  4.744098E-16
9123.31004309655  4.694384E-16
9126.1465830803  4.292634E-16
9128.98312306405  4.002016E-16
9131.8196630478  4.607042E-16
9134.65620303155  4.176275E-16
9137.4927430153  4.299793E-16
9140.32928299905  4.770354E-16
9143.1658229828  3.478610E-16
9146.00236296655  3.401140E-16
9148.8389029503  4.256572E-16
9151.67544293405  4.280550E-16
9154.5119829178  4.169172E-16
9157.34852290155  3.473845E-16
9160.1850628853  4.853613E-16
9163.02160286905  4.057727E-16
9165.85814285279  4.117852E-16
9168.69468283654  3.745780E-16
9171.53122282029  4.162247E-16
9174.36776280404  3.756058E-16
9177.20430278779  4.283947E-16
9180.04084277154  4.212061E-16
9182.87738275529  4.647966E-16
9185.71392273904  5.492423E-16
9188.55046272279  4.695669E-16
9191.38700270654  4.375488E-16
9194.22354269029  3.960123E-16
9197.06008267404  4.311197E-16
9199.89662265779  5.114853E-16
9202.73316264154  3.349793E-16
9205.56970262529  4.649238E-16
9208.40624260904  5.403354E-16
9211.24278259278  1.114069E-15
9214.07932257653  2.250698E-15
9216.91586256028  2.948459E-15
9219.75240254403  1.954460E-15
9222.58894252778  1.808628E-15
9225.42548251153  2.285163E-15
9228.26202249528  2.205447E-15
9231.09856247903  1.995718E-15
9233.93510246278  2.324206E-15
9236.77164244653  3.678082E-15
9239.60818243028  3.294371E-15
9242.44472241403  1.919525E-15
9245.28126239778  1.825877E-15
9248.11780238153  2.300597E-15
9250.95434236528  2.439281E-15
9253.79088234903  2.610731E-15
9256.62742233277  3.332695E-15
9259.46396231653  2.661679E-15
9262.30050230027  1.626188E-15
9265.13704228402  3.365990E-15
9267.97358226777  5.003701E-15
9270.81012225152  3.118421E-15
9273.64666223527  2.295274E-15
9276.48320221902  2.032042E-15
9279.31974220277  7.015484E-16
9282.15628218652  3.404255E-16
9284.99282217027  8.978727E-16
9287.82936215402  3.426513E-16
9290.66590213777  7.471946E-16
9293.50244212152  6.751753E-16
9296.33898210527  6.459103E-16
9299.17552208902  1.764577E-15
9302.01206207277  2.691546E-15
9304.84860205652  8.887496E-16
9307.68514204026  -4.839296E-17
9310.52168202401  4.519379E-16
9313.35822200776  4.954800E-16
9316.19476199151  8.187838E-16
9319.03130197526  9.714724E-16
9321.86784195901  -4.232376E-16
9324.70438194276  4.531453E-16
9327.54092192651  7.218404E-16
9330.37746191026  9.296924E-16
9333.21400189401  -5.935720E-16
9336.05054187776  4.769539E-16
9338.88708186151  2.027768E-16
9341.72362184526  4.438746E-16
9344.56016182901  6.227360E-16
9347.39670181276  4.762740E-17
9350.23324179651  4.797903E-16
9353.06978178026  7.241581E-16
9355.90632176401  -1.134572E-15
9358.74286174775  8.810344E-16
9361.5794017315  -4.971557E-17
9364.41594171525  2.072135E-16
9367.252481699  -1.127087E-16
9370.08902168275  3.339626E-16
9372.9255616665  9.213321E-17
9375.76210165025  2.133199E-16
9378.598641634  -4.096902E-16
9381.43518161775  -3.902545E-16
9384.2717216015  1.660040E-15
9387.10826158525  4.253268E-17
9389.944801569  3.160947E-16
9392.78134155275  1.432121E-16
9395.6178815365  3.960164E-16
9398.45442152025  3.922193E-16
9401.29096150399  7.483328E-17
9404.12750148775  3.180506E-16
9406.96404147149  3.243513E-16
9409.80058145524  3.352672E-16
9412.63712143899  2.986642E-16
9415.47366142274  3.443989E-16
9418.31020140649  -8.579341E-17
9421.14674139024  3.934945E-16
9423.98328137399  5.823493E-17
9426.81982135774  3.203715E-16
9429.65636134149  3.673968E-16
9432.49290132524  1.086895E-16
9435.32944130899  3.071032E-17
9438.16598129274  -6.511480E-17
9441.00252127649  6.577035E-16
9443.83906126024  3.017608E-16
9446.67560124399  4.735449E-16
9449.51214122774  -1.873289E-16
9452.34868121148  1.010429E-16
9455.18522119523  -4.403037E-16
9458.02176117898  8.176643E-17
9460.85830116273  1.078882E-16
9463.69484114648  3.167323E-17
9466.53138113023  -8.961603E-17
9469.36792111398  -1.990764E-18
9472.20446109773  3.270998E-17
9475.04100108148  1.109740E-16
9477.87754106523  1.352780E-17
9480.71408104898  -1.714981E-16
9483.55062103273  4.929973E-16
9486.38716101648  7.833871E-18
9489.22370100023  1.649448E-16
9492.06024098398  8.498164E-17
9494.89678096773  2.041982E-16
9497.73332095147  4.005799E-16
9500.56986093522  -2.124347E-16
9503.40640091897  1.493920E-16
9506.24294090272  1.905557E-16
9509.07948088647  1.746519E-16
9511.91602087022  2.979917E-16
9514.75256085397  2.439763E-16
9517.58910083772  2.590436E-16
9520.42564082147  2.138126E-16
9523.26218080522  2.729896E-16
9526.09872078897  1.467325E-16
9528.93526077272  3.461308E-16
9531.77180075647  2.133460E-16
9534.60834074022  1.363300E-16
9537.44488072397  8.802472E-17
9540.28142070772  4.414073E-17
9543.11796069147  1.462461E-16
9545.95450067521  -1.641048E-17
9548.79104065896  2.930769E-16
9551.62758064271  1.098560E-16
9554.46412062646  9.935554E-17
9557.30066061021  2.293119E-16
9560.13720059396  1.107363E-16
9562.97374057771  2.087843E-16
9565.81028056146  1.554938E-16
9568.64682054521  1.118033E-16
9571.48336052896  1.355774E-16
9574.31990051271  3.062237E-16
9577.15644049646  1.166237E-16
9579.99298048021  1.106113E-16
9582.82952046396  1.059593E-16
9585.66606044771  1.289027E-16
9588.50260043145  5.594794E-17
9591.33914041521  4.599413E-17
9594.17568039895  6.256718E-17
9597.0122203827  1.358406E-16
9599.84876036645  9.794335E-17
9602.6853003502  9.913183E-17
9605.52184033395  1.246066E-16
9608.3583803177  1.210734E-16
9611.19492030145  8.371035E-17
9614.0314602852  1.170064E-16
9616.86800026895  1.913209E-16
9619.7045402527  2.066373E-16
9622.54108023645  1.575469E-16
9625.3776202202  1.232351E-16
9628.21416020395  1.404583E-16
9631.0507001877  1.772824E-16
9633.88724017145  1.091015E-16
9636.7237801552  1.142696E-16
9639.56032013895  1.342026E-16
9642.39686012269  1.256904E-16
9645.23340010644  8.282217E-17
9648.06994009019  1.276811E-16
9650.90648007394  7.533219E-17
9653.74302005769  1.037567E-16
9656.57956004144  1.267411E-16
9659.41610002519  6.521847E-17
9662.25264000894  5.456899E-17
9665.08917999269  1.208784E-16
9667.92571997644  1.204100E-16
9670.76225996019  1.267914E-16
9673.59879994394  1.539740E-16
9676.43533992769  9.497149E-17
9679.27187991144  3.234335E-17
9682.10841989519  1.005286E-16
9684.94495987893  1.317095E-16
9687.78149986268  1.326049E-16
9690.61803984643  4.604517E-17
9693.45457983018  2.693720E-17
9696.29111981393  9.724545E-17
9699.12765979768  4.901202E-17
9701.96419978143  7.647576E-17
9704.80073976518  9.069323E-17
9707.63727974893  8.338636E-17
9710.47381973268  1.214831E-16
9713.31035971643  1.111585E-16
9716.14689970018  1.283270E-16
9718.98343968393  6.639474E-17
9721.81997966768  4.482944E-17
9724.65651965143  7.902848E-17
9727.49305963518  1.971631E-16
9730.32959961892  2.121490E-16
9733.16613960268  8.710977E-17
9736.00267958642  1.032173E-16
9738.83921957017  7.425094E-17
9741.67575955392  1.354598E-16
9744.51229953767  1.399771E-16
9747.34883952142  1.648821E-16
9750.18537950517  1.272245E-16
9753.02191948892  1.037114E-16
9755.85845947267  1.182875E-16
9758.69499945642  4.480619E-17
9761.53153944017  6.307689E-17
9764.36807942392  -2.651168E-18
9767.20461940767  6.442565E-16
9770.04115939142  1.451834E-15
9772.87769937517  5.754511E-16
9775.71423935892  1.886951E-16
9778.55077934266  8.833838E-18
9781.38731932641  6.888418E-17
9784.22385931016  1.242095E-16
9787.06039929391  3.475603E-17
9789.89693927766  1.123328E-16
9792.73347926141  2.362911E-16
9795.57001924516  1.612477E-16
9798.40655922891  2.443720E-16
9801.24309921266  3.838624E-16
9804.07963919641  5.805262E-17
9806.91617918016  1.780000E-16
9809.75271916391  2.308911E-16
9812.58925914766  1.462671E-16
9815.42579913141  1.908479E-16
9818.26233911516  1.584841E-16
9821.09887909891  1.595301E-16
9823.93541908266  1.283580E-16
9826.7719590664  1.864274E-16
9829.60849905015  1.750728E-16
9832.4450390339  4.787816E-17
9835.28157901765  3.411348E-17
9838.1181190014  4.238961E-17
9840.95465898515  4.508120E-17
9843.7911989689  4.498887E-17
