4629.08293090116  -3.404000E-18
4631.9224022259  -3.369076E-18
4634.76187355064  -3.189466E-18
4637.60134487538  -2.789521E-18
4640.44081620012  -2.664864E-19
4643.28028752486  -9.452794E-19
4646.11975884959  -1.633207E-18
4648.95923017433  4.542202E-19
4651.79870149907  1.809776E-18
4654.63817282381  2.231621E-18
4657.47764414854  6.291935E-19
4660.31711547328  5.083068E-19
4663.15658679802  5.559754E-19
4665.99605812276  1.805902E-18
4668.8355294475  4.530657E-19
4671.67500077224  -1.544946E-18
4674.51447209697  -2.457564E-18
4677.35394342171  3.487407E-19
4680.19341474645  -1.936418E-18
4683.03288607119  1.476034E-18
4685.87235739592  1.955419E-19
4688.71182872066  -9.392475E-19
4691.5513000454  -7.024718E-19
4694.39077137014  -2.387908E-18
4697.23024269488  -1.652298E-18
4700.06971401962  7.370016E-19
4702.90918534435  -9.053958E-20
4705.74865666909  6.223669E-19
4708.58812799383  -3.202947E-19
4711.42759931857  2.997006E-18
4714.2670706433  3.906655E-19
4717.10654196804  -1.741976E-18
4719.94601329278  5.761105E-19
4722.78548461752  5.547331E-19
4725.62495594226  -8.145240E-20
4728.464427267  -9.994936E-19
4731.30389859173  -6.928544E-19
4734.14336991647  7.517164E-19
4736.98284124121  9.866864E-19
4739.82231256595  1.705302E-18
4742.66178389068  1.641901E-18
4745.50125521542  1.261543E-18
4748.34072654016  5.041179E-20
4751.1801978649  -8.763476E-19
4754.01966918964  -2.407305E-19
4756.85914051437  3.377659E-19
4759.69861183911  8.854342E-19
4762.53808316385  4.976620E-19
4765.37755448859  -4.117755E-19
4768.21702581333  5.473638E-19
4771.05649713806  9.781416E-19
4773.8959684628  8.657067E-19
4776.73543978754  4.099257E-19
4779.57491111228  8.403948E-19
4782.41438243702  7.252472E-19
4785.25385376175  7.586171E-19
4788.09332508649  1.204919E-18
4790.93279641123  1.021121E-18
4793.77226773597  -3.139503E-19
4796.61173906071  5.828806E-19
4799.45121038544  7.728161E-19
4802.29068171018  8.169378E-19
4805.13015303492  1.230911E-18
4807.96962435966  -5.557483E-19
4810.8090956844  -1.340456E-18
4813.64856700913  -7.055695E-19
4816.48803833387  1.047618E-18
4819.32750965861  1.530573E-18
4822.16698098335  1.765197E-18
4825.00645230809  1.738251E-19
4827.84592363282  -4.675470E-20
4830.68539495756  9.325384E-19
4833.5248662823  -5.430912E-19
4836.36433760704  -1.127520E-18
4839.20380893178  1.415987E-18
4842.04328025651  -2.603687E-19
4844.88275158125  1.939737E-19
4847.72222290599  2.109178E-19
4850.56169423073  1.866284E-19
4853.40116555547  -4.140835E-19
4856.24063688021  -1.048704E-18
4859.08010820494  9.227037E-19
4861.91957952968  8.688334E-19
4864.75905085442  -4.762543E-20
4867.59852217916  4.208189E-19
4870.43799350389  4.570637E-19
4873.27746482863  8.178048E-20
4876.11693615337  1.219730E-18
4878.95640747811  7.181947E-19
4881.79587880285  2.485111E-19
4884.63535012758  -4.200544E-20
4887.47482145232  -1.518496E-19
4890.31429277706  -1.431596E-19
4893.1537641018  -3.862993E-19
4895.99323542654  -8.561313E-19
4898.83270675127  -7.193346E-19
4901.67217807601  -3.221937E-20
4904.51164940075  5.399989E-19
4907.35112072549  9.144819E-19
4910.19059205023  7.225451E-19
4913.03006337496  -2.507269E-19
4915.8695346997  -3.514654E-19
4918.70900602444  2.097627E-19
4921.54847734918  2.355798E-19
4924.38794867392  3.774667E-19
4927.22741999865  9.004333E-19
4930.06689132339  1.011898E-18
4932.90636264813  7.523458E-19
4935.74583397287  7.550274E-19
4938.58530529761  5.512979E-19
4941.42477662234  -3.304450E-19
4944.26424794708  4.079103E-19
4947.10371927182  7.269712E-20
4949.94319059656  1.015813E-18
4952.7826619213  4.761354E-19
4955.62213324603  5.658703E-19
4958.46160457077  9.084903E-19
4961.30107589551  4.416668E-19
4964.14054722025  -8.355403E-21
4966.98001854499  1.089432E-18
4969.81948986973  6.140142E-19
4972.65896119446  -3.490336E-19
4975.4984325192  -3.235385E-19
4978.33790384394  5.448695E-19
4981.17737516868  -8.502735E-19
4984.01684649341  6.331997E-19
4986.85631781815  1.464925E-18
4989.69578914289  -4.217901E-19
4992.53526046763  -5.637868E-19
4995.37473179237  5.703847E-19
4998.2142031171  -5.114806E-19
5001.05367444184  9.893980E-19
5003.89314576658  3.998240E-19
5006.73261709132  2.456388E-19
5009.57208841606  1.786597E-19
5012.4115597408  1.609792E-18
5015.25103106553  -3.371849E-19
5018.09050239027  3.295945E-19
5020.92997371501  8.876020E-19
5023.76944503975  9.638329E-19
5026.60891636448  -1.783880E-19
5029.44838768922  8.098413E-19
5032.28785901396  2.143165E-18
5035.1273303387  1.780353E-18
5037.96680166344  1.043985E-18
5040.80627298817  3.031612E-19
5043.64574431291  4.342057E-20
5046.48521563765  8.309058E-19
5049.32468696239  8.198689E-19
5052.16415828713  1.345237E-18
5055.00362961186  9.746683E-19
5057.8431009366  2.146083E-19
5060.68257226134  3.230824E-20
5063.52204358608  -2.879095E-19
5066.36151491082  -1.097725E-19
5069.20098623555  3.928704E-19
5072.04045756029  1.355997E-19
5074.87992888503  1.633619E-19
5077.71940020977  1.092656E-18
5080.55887153451  1.334253E-18
5083.39834285924  1.058568E-18
5086.23781418398  2.877459E-19
5089.07728550872  -5.667002E-19
5091.91675683346  -1.054620E-19
5094.7562281582  -8.143449E-19
5097.59569948293  -9.287005E-20
5100.43517080767  9.103466E-20
5103.27464213241  1.177043E-19
5106.11411345715  8.464333E-19
5108.95358478189  4.661389E-19
5111.79305610663  8.065592E-19
5114.63252743136  1.125107E-18
5117.4719987561  6.687695E-19
5120.31147008084  6.835429E-19
5123.15094140558  -3.126413E-19
5125.99041273031  4.224739E-19
5128.82988405505  5.427759E-19
5131.66935537979  4.512337E-19
5134.50882670453  5.029632E-19
5137.34829802927  -1.510962E-18
5140.187769354  -2.404588E-19
5143.02724067874  1.300254E-18
5145.86671200348  6.699740E-19
5148.70618332822  1.963361E-19
5151.54565465296  2.074414E-19
5154.38512597769  4.527284E-19
5157.22459730243  6.087303E-19
5160.06406862717  1.690784E-19
5162.90353995191  1.047653E-18
5165.74301127665  -1.134883E-19
5168.58248260139  3.264557E-19
5171.42195392612  -4.134904E-19
5174.26142525086  5.243820E-19
5177.1008965756  1.082869E-18
5179.94036790034  5.249031E-19
5182.77983922508  -2.498133E-19
5185.61931054981  5.131213E-19
5188.45878187455  1.657274E-18
5191.29825319929  2.448301E-19
5194.13772452403  1.046497E-18
5196.97719584876  1.274253E-18
5199.8166671735  1.025549E-18
5202.65613849824  1.023119E-18
5205.49560982298  -2.443088E-19
5208.33508114772  4.640767E-19
5211.17455247245  1.304206E-18
5214.01402379719  6.780581E-19
5216.85349512193  1.154790E-18
5219.69296644667  7.426755E-19
5222.53243777141  9.531978E-19
5225.37190909614  1.776776E-18
5228.21138042088  4.941415E-19
5231.05085174562  2.175183E-19
5233.89032307036  2.428897E-19
5236.7297943951  9.307045E-19
5239.56926571984  8.785416E-19
5242.40873704457  5.869488E-20
5245.24820836931  4.819878E-19
5248.08767969405  8.451765E-19
5250.92715101879  6.194676E-19
5253.76662234352  8.803844E-19
5256.60609366826  1.201179E-18
5259.445564993  -2.006162E-19
5262.28503631774  -3.842462E-19
5265.12450764248  -1.421954E-19
5267.96397896721  2.135350E-19
5270.80345029195  -2.048453E-19
5273.64292161669  -4.059559E-19
5276.48239294143  9.097165E-19
5279.32186426617  1.426369E-18
5282.1613355909  1.160880E-18
5285.00080691564  1.261596E-18
5287.84027824038  1.054289E-18
5290.67974956512  1.252455E-18
5293.51922088986  1.347015E-18
5296.35869221459  8.984486E-19
5299.19816353933  7.853499E-19
5302.03763486407  1.492111E-18
5304.87710618881  1.128390E-18
5307.71657751355  4.572853E-19
5310.55604883828  9.690597E-19
5313.39552016302  1.213538E-18
5316.23499148776  9.609853E-19
5319.0744628125  1.524323E-18
5321.91393413724  1.774299E-18
5324.75340546197  8.835912E-19
5327.59287678671  9.528403E-19
5330.43234811145  1.238540E-18
5333.27181943619  8.186872E-19
5336.11129076093  2.577512E-20
5338.95076208566  7.997148E-19
5341.7902334104  1.242100E-18
5344.62970473514  8.956476E-19
5347.46917605988  1.451291E-18
5350.30864738462  2.124076E-18
5353.14811870935  1.303735E-18
5355.98759003409  3.796766E-19
5358.82706135883  6.519689E-19
5361.66653268357  8.604856E-19
5364.50600400831  1.733534E-18
5367.34547533304  2.162343E-18
5370.18494665778  1.342755E-18
5373.02441798252  7.825948E-19
5375.86388930726  9.724359E-19
5378.703360632  1.951922E-18
5381.54283195673  7.463556E-19
5384.38230328147  5.510074E-19
5387.22177460621  8.030147E-19
5390.06124593095  1.125613E-18
5392.90071725569  1.018200E-18
5395.74018858042  1.454773E-20
5398.57965990516  8.714104E-19
5401.4191312299  5.818325E-19
5404.25860255464  1.773102E-18
5407.09807387938  1.618506E-18
5409.93754520411  1.178054E-18
5412.77701652885  1.326607E-18
5415.61648785359  1.028413E-18
5418.45595917833  9.127606E-19
5421.29543050307  -1.958978E-20
5424.1349018278  7.252293E-19
5426.97437315254  -5.911374E-19
5429.81384447728  -6.213098E-19
5432.65331580202  6.257688E-19
5435.49278712676  6.545168E-19
5438.33225845149  1.364442E-18
5441.17172977623  1.299185E-18
5444.01120110097  1.182540E-18
5446.85067242571  -1.654487E-19
5449.69014375045  1.447562E-18
5452.52961507518  1.905331E-18
5455.36908639992  7.720305E-19
5458.20855772466  1.149491E-18
5461.0480290494  1.577508E-18
5463.88750037414  2.333667E-19
5466.72697169887  8.320468E-19
5469.56644302361  8.549874E-19
5472.40591434835  6.801159E-19
5475.24538567309  8.041673E-19
5478.08485699783  2.504921E-18
5480.92432832256  1.122194E-18
5483.7637996473  1.573311E-18
5486.60327097204  1.623459E-18
5489.44274229678  1.709432E-18
5492.28221362152  1.451038E-18
5495.12168494625  9.632762E-19
5497.96115627099  1.509711E-18
5500.80062759573  1.324849E-18
5503.64009892047  7.620554E-19
5506.47957024521  8.457868E-21
5509.31904156994  9.667046E-19
5512.15851289468  1.424971E-18
5514.99798421942  7.446889E-19
5517.83745554416  1.644281E-18
5520.6769268689  1.021608E-18
5523.51639819363  7.491818E-19
5526.35586951837  1.233976E-18
5529.19534084311  1.304697E-18
5532.03481216785  9.522160E-19
5534.87428349259  1.582162E-18
5537.71375481732  5.098247E-19
5540.55322614206  8.270569E-19
5543.3926974668  1.342006E-18
5546.23216879154  2.969809E-19
5549.07164011628  7.430959E-20
5551.91111144101  1.497412E-18
5554.75058276575  1.448878E-18
5557.59005409049  2.608611E-18
5560.42952541523  1.043234E-18
5563.26899673996  8.486757E-18
5566.1084680647  -2.357761E-18
5568.94793938944  -9.652070E-18
5571.78741071418  7.515501E-19
5574.62688203892  1.683338E-19
5577.46635336365  9.855667E-19
5580.30582468839  2.909512E-18
5583.14529601313  1.785454E-18
5585.98476733787  1.910329E-18
5588.82423866261  -3.261780E-18
5591.66370998735  -2.463633E-18
5594.50318131208  9.232825E-18
5597.34265263682  1.381198E-18
5600.18212396156  1.171349E-18
5603.0215952863  1.298983E-18
5605.86106661104  1.911248E-18
5608.70053793577  1.431947E-18
5611.54000926051  1.272610E-18
5614.37948058525  1.461458E-18
5617.21895190999  1.067503E-18
5620.05842323473  8.324870E-19
5622.89789455946  1.127229E-18
5625.7373658842  1.744013E-18
5628.57683720894  1.489575E-18
5631.41630853368  6.532228E-19
5634.25577985842  1.753660E-18
5637.09525118315  2.312445E-18
5639.93472250789  2.528606E-18
5642.77419383263  8.207577E-19
5645.61366515737  1.509654E-18
5648.45313648211  7.201973E-19
5651.29260780684  1.279358E-18
5654.13207913158  1.416011E-18
5656.97155045632  4.072830E-19
5659.81102178106  6.406886E-19
5662.6504931058  3.274309E-20
5665.48996443053  4.084925E-19
5668.32943575527  6.760596E-19
5671.16890708001  2.228765E-18
5674.00837840475  4.255095E-19
5676.84784972949  1.151949E-18
5679.68732105422  1.405488E-18
5682.52679237896  1.004659E-18
5685.3662637037  2.365527E-18
5688.20573502844  1.165054E-18
5691.04520635318  9.048527E-19
5693.88467767791  3.500853E-19
5696.72414900265  2.042427E-18
5699.56362032739  1.940753E-18
5702.40309165213  9.732366E-19
5705.24256297687  2.807308E-18
5708.0820343016  9.885712E-18
5710.92150562634  1.001278E-17
5713.76097695108  1.837061E-18
5716.60044827582  9.399496E-19
5719.43991960056  1.371594E-18
5722.27939092529  2.492318E-18
5725.11886225003  1.330784E-18
5727.95833357477  1.392487E-18
5730.79780489951  1.494291E-18
5733.63727622425  2.134012E-18
5736.47674754898  2.163433E-18
5739.31621887372  1.865670E-18
5742.15569019846  1.638746E-18
5744.9951615232  2.690622E-18
5747.83463284794  2.009295E-18
5750.67410417267  8.493364E-19
5753.51357549741  1.290258E-18
5756.35304682215  1.835027E-18
5759.19251814689  1.277349E-18
5762.03198947163  6.388983E-19
5764.87146079636  7.384026E-19
5767.7109321211  1.169900E-18
5770.55040344584  1.833316E-18
5773.38987477058  1.034685E-18
5776.22934609531  5.058926E-19
5779.06881742005  1.040781E-18
5781.90828874479  1.359007E-18
5784.74776006953  1.820996E-18
5787.58723139427  1.506285E-18
5790.42670271901  9.751951E-19
5793.26617404374  8.271370E-19
5796.10564536848  1.414094E-18
5798.94511669322  1.715637E-18
5801.78458801796  1.534093E-18
5804.6240593427  9.538514E-19
5807.46353066743  9.793899E-19
5810.30300199217  9.604416E-19
5813.14247331691  1.251640E-18
5815.98194464165  2.416898E-18
5818.82141596638  2.581944E-18
5821.66088729112  2.133893E-18
5824.50035861586  1.826301E-18
5827.3398299406  1.414489E-18
5830.17930126534  1.482508E-18
5833.01877259007  1.173313E-18
5835.85824391481  8.539539E-19
5838.69771523955  2.065172E-18
5841.53718656429  1.533634E-18
5844.37665788903  3.644773E-19
5847.21612921377  1.117955E-18
5850.0556005385  1.493432E-18
5852.89507186324  1.081252E-18
5855.73454318798  1.650618E-18
5858.57401451272  1.549274E-18
5861.41348583746  1.684275E-18
5864.25295716219  2.155255E-18
5867.09242848693  1.672454E-18
5869.93189981167  1.460673E-18
5872.77137113641  1.515168E-18
5875.61084246114  3.349971E-18
5878.45031378588  -1.713431E-18
5881.28978511062  -1.519207E-18
5884.12925643536  -1.386213E-19
5886.9687277601  -1.235133E-18
5889.80819908483  1.128813E-18
5892.64767040957  2.565850E-18
5895.48714173431  2.775026E-18
5898.32661305905  8.250406E-19
5901.16608438379  1.256429E-18
5904.00555570853  2.386802E-18
5906.84502703326  2.427116E-18
5909.684498358  9.267636E-19
5912.52396968274  2.142190E-18
5915.36344100748  1.790812E-18
5918.20291233222  1.695970E-18
5921.04238365695  1.206808E-18
5923.88185498169  1.296002E-18
5926.72132630643  1.946628E-18
5929.56079763117  1.641148E-18
5932.40026895591  1.343559E-18
5935.23974028064  1.975436E-18
5938.07921160538  2.603484E-18
5940.91868293012  2.406876E-18
5943.75815425486  1.593774E-18
5946.59762557959  2.582229E-18
5949.43709690433  2.721010E-18
5952.27656822907  1.456908E-18
5955.11603955381  1.723331E-18
5957.95551087855  1.819486E-18
5960.79498220328  2.112677E-18
5963.63445352802  1.965352E-18
5966.47392485276  1.691610E-18
5969.3133961775  3.066404E-18
5972.15286750224  3.298565E-18
5974.99233882697  2.115917E-18
5977.83181015171  1.461012E-18
5980.67128147645  1.380946E-18
5983.51075280119  5.752748E-19
5986.35022412593  1.158549E-18
5989.18969545066  1.333025E-18
5992.0291667754  4.926207E-19
5994.86863810014  8.387103E-19
5997.70810942488  2.018201E-18
6000.54758074962  2.613594E-18
6003.38705207435  1.286843E-18
6006.22652339909  9.646680E-19
6009.06599472383  1.640119E-18
6011.90546604857  2.001139E-18
6014.74493737331  2.490427E-18
6017.58440869804  2.267192E-18
6020.42388002278  1.563226E-18
6023.26335134752  2.010581E-18
6026.10282267226  1.237668E-18
6028.942293997  9.873236E-19
6031.78176532173  1.323772E-18
6034.62123664647  2.242153E-18
6037.46070797121  2.776409E-18
6040.30017929595  1.507530E-18
6043.13965062069  2.710157E-18
6045.97912194542  3.033571E-18
6048.81859327016  2.182525E-18
6051.6580645949  1.179875E-18
6054.49753591964  8.612235E-19
6057.33700724438  1.096018E-18
6060.17647856911  1.214798E-18
6063.01594989385  2.023053E-18
6065.85542121859  2.010705E-18
6068.69489254333  3.445136E-19
6071.53436386807  1.106534E-18
6074.3738351928  1.850004E-18
6077.21330651754  1.951362E-18
6080.05277784228  1.595005E-18
6082.89224916702  1.529418E-18
6085.73172049176  1.886982E-18
6088.57119181649  1.546177E-18
6091.41066314123  1.964250E-18
6094.25013446597  2.013504E-18
6097.08960579071  1.288254E-18
6099.92907711545  9.819710E-19
6102.76854844018  6.749265E-19
6105.60801976492  1.257492E-18
6108.44749108966  1.393735E-18
6111.2869624144  1.538901E-18
6114.12643373914  1.945714E-18
6116.96590506387  1.158787E-18
6119.80537638861  1.835080E-18
6122.64484771335  2.562878E-18
6125.48431903809  1.374192E-18
6128.32379036283  1.497248E-18
6131.16326168756  2.086065E-18
6134.0027330123  9.196645E-19
6136.84220433704  1.490987E-18
6139.68167566178  1.700616E-18
6142.52114698652  2.063565E-18
6145.36061831125  1.743667E-18
6148.20008963599  1.799311E-18
6151.03956096073  1.283715E-18
6153.87903228547  1.680756E-19
6156.71850361021  2.128417E-18
6159.55797493494  2.881881E-18
6162.39744625968  1.707284E-18
6165.23691758442  1.258649E-18
6168.07638890916  1.785996E-18
6170.9158602339  1.733433E-18
6173.75533155863  1.662666E-18
6176.59480288337  1.751455E-18
6179.43427420811  1.452223E-18
6182.27374553285  1.611298E-18
6185.11321685759  1.139049E-18
6187.95268818232  2.351425E-18
6190.79215950706  1.498731E-18
6193.6316308318  1.873857E-18
6196.47110215654  1.888103E-18
6199.31057348128  1.498296E-18
6202.15004480601  1.572471E-18
6204.98951613075  8.825576E-19
6207.82898745549  8.360259E-19
6210.66845878023  2.550258E-18
6213.50793010497  1.563463E-18
6216.3474014297  2.142574E-18
6219.18687275444  1.906103E-18
6222.02634407918  6.097721E-19
6224.86581540392  2.268854E-18
6227.70528672866  2.261898E-18
6230.54475805339  2.122819E-18
6233.38422937813  1.356199E-18
6236.22370070287  2.008957E-18
6239.06317202761  1.997133E-18
6241.90264335235  2.629133E-18
6244.74211467708  1.571996E-18
6247.58158600182  2.389733E-18
6250.42105732656  1.203841E-18
6253.2605286513  2.696659E-18
6256.09999997604  2.609964E-18
6258.93947130077  3.223149E-18
6261.77894262551  1.978803E-18
6264.61841395025  2.470906E-18
6267.45788527499  2.247953E-18
6270.29735659973  1.937223E-18
6273.13682792446  4.489411E-19
6275.9762992492  1.866800E-18
6278.81577057394  1.599871E-18
6281.65524189868  2.028113E-18
6284.49471322342  1.930097E-18
6287.33418454815  -2.386899E-18
6290.17365587289  4.389547E-18
6293.01312719763  1.208715E-18
6295.85259852237  2.378413E-18
6298.69206984711  1.210374E-18
6301.53154117184  7.293118E-19
6304.37101249658  1.421026E-18
6307.21048382132  2.120089E-18
6310.04995514606  3.032118E-18
6312.8894264708  5.647801E-18
6315.72889779553  8.690246E-21
6318.56836912027  2.450921E-18
6321.40784044501  2.186747E-18
6324.24731176975  1.717052E-18
6327.08678309448  1.227146E-18
6329.92625441922  1.703840E-18
6332.76572574396  1.336751E-18
6335.6051970687  1.379891E-18
6338.44466839344  1.872180E-18
6341.28413971818  2.015959E-18
6344.12361104291  1.277832E-18
6346.96308236765  1.027256E-18
6349.80255369239  6.882679E-19
6352.64202501713  7.219710E-19
6355.48149634187  1.533675E-18
6358.3209676666  1.627595E-18
6361.16043899134  2.929809E-18
6363.99991031608  2.107107E-18
6366.83938164082  1.616292E-18
6369.67885296556  2.452309E-18
6372.51832429029  1.224802E-18
6375.35779561503  2.223322E-18
6378.19726693977  2.429441E-18
6381.03673826451  1.502033E-18
6383.87620958925  1.958447E-18
6386.71568091398  1.699541E-18
6389.55515223872  1.395367E-18
6392.39462356346  1.852973E-18
6395.2340948882  2.036314E-18
6398.07356621294  2.288883E-18
6400.91303753767  2.110196E-18
6403.75250886241  2.282991E-18
6406.59198018715  1.826549E-18
6409.43145151189  1.460474E-18
6412.27092283663  1.549175E-18
6415.11039416136  1.670374E-18
6417.9498654861  1.500121E-18
6420.78933681084  1.200279E-18
6423.62880813558  1.560047E-18
6426.46827946032  1.710550E-18
6429.30775078505  1.812077E-18
6432.14722210979  1.836694E-18
6434.98669343453  1.734254E-18
6437.82616475927  2.031743E-18
6440.66563608401  1.569548E-18
6443.50510740875  1.089749E-18
6446.34457873348  1.196884E-18
6449.18405005822  1.090370E-18
6452.02352138296  1.192667E-18
6454.8629927077  1.514384E-18
6457.70246403243  1.501586E-18
6460.54193535717  2.429411E-18
6463.38140668191  3.056299E-18
6466.22087800665  3.206717E-18
6469.06034933138  1.990209E-18
6471.89982065612  1.624704E-18
6474.73929198086  1.942223E-18
6477.5787633056  2.665514E-18
6480.41823463034  2.033061E-18
6483.25770595507  2.211000E-18
6486.09717727981  9.092709E-19
6488.93664860455  1.334321E-18
6491.77611992929  1.731639E-18
6494.61559125403  1.639148E-18
6497.45506257877  1.972747E-18
6500.2945339035  2.072035E-18
6503.13400522824  1.114077E-18
6505.97347655298  9.289016E-19
6508.81294787772  6.703765E-19
6511.65241920246  2.901768E-18
6514.49189052719  1.840678E-18
6517.33136185193  2.599188E-18
6520.17083317667  1.636370E-18
6523.01030450141  1.936824E-18
6525.84977582614  1.992553E-18
6528.68924715088  1.652513E-18
6531.52871847562  1.011889E-18
6534.36818980036  1.257399E-18
6537.2076611251  2.917769E-18
6540.04713244983  1.460328E-18
6542.88660377457  6.199982E-19
6545.72607509931  2.638493E-18
6548.56554642405  8.055973E-19
6551.40501774879  1.559693E-18
6554.24448907353  1.662981E-18
6557.08396039826  7.618184E-20
6559.923431723  5.510428E-19
6562.76290304774  1.025032E-18
6565.60237437248  1.604072E-18
6568.44184569722  1.340768E-18
6571.28131702195  6.313433E-19
6574.12078834669  1.958876E-18
6576.96025967143  2.453766E-18
6579.79973099617  1.917663E-18
6582.6392023209  2.149939E-18
6585.47867364564  2.214414E-18
6588.31814497038  1.418135E-18
6591.15761629512  1.914812E-18
6593.99708761986  1.687403E-18
6596.83655894459  1.995564E-18
6599.67603026933  2.341091E-18
6602.51550159407  2.077154E-18
6605.35497291881  1.492645E-18
6608.19444424355  1.476606E-18
6611.03391556829  1.888290E-18
6613.87338689302  2.215953E-18
6616.71285821776  3.030877E-18
6619.5523295425  2.376296E-18
6622.39180086724  2.032872E-18
6625.23127219198  2.040991E-18
6628.07074351671  1.960590E-18
6630.91021484145  2.216730E-18
6633.74968616619  2.513154E-18
6636.58915749093  2.724982E-18
6639.42862881567  2.865630E-18
6642.2681001404  2.271338E-18
6645.10757146514  1.806654E-18
6647.94704278988  3.113833E-18
6650.78651411462  2.891886E-18
6653.62598543936  2.397705E-18
6656.46545676409  1.769667E-18
6659.30492808883  1.208034E-18
6662.14439941357  1.670818E-18
6664.98387073831  1.326469E-18
6667.82334206305  1.671230E-18
6670.66281338778  1.646770E-18
6673.50228471252  2.314080E-18
6676.34175603726  2.677990E-18
6679.181227362  3.009172E-18
6682.02069868674  1.894314E-18
6684.86017001147  1.948673E-18
6687.69964133621  1.765616E-18
6690.53911266095  2.573402E-18
6693.37858398569  1.869029E-18
6696.21805531043  1.886919E-18
6699.05752663516  1.737361E-18
6701.8969979599  1.827638E-18
6704.73646928464  1.744219E-18
6707.57594060938  2.731980E-18
6710.41541193411  2.107609E-18
6713.25488325885  2.285973E-18
6716.09435458359  1.572256E-18
6718.93382590833  5.088553E-19
6721.77329723307  8.706298E-19
6724.61276855781  2.471005E-18
6727.45223988254  1.901829E-18
6730.29171120728  2.274280E-18
6733.13118253202  2.238186E-18
6735.97065385676  2.059251E-18
6738.8101251815  2.570486E-18
6741.64959650623  1.436837E-18
6744.48906783097  2.256335E-18
6747.32853915571  2.684373E-18
6750.16801048045  1.661101E-18
6753.00748180518  3.152191E-18
6755.84695312992  2.711210E-18
6758.68642445466  1.732127E-18
6761.5258957794  2.491170E-18
6764.36536710414  2.239809E-18
6767.20483842887  2.029671E-18
6770.04430975361  1.905142E-18
6772.88378107835  2.403538E-18
6775.72325240309  2.349745E-18
6778.56272372783  2.322495E-18
6781.40219505256  1.859660E-18
6784.2416663773  2.151908E-18
6787.08113770204  1.535808E-18
6789.92060902678  2.359441E-18
6792.76008035152  1.993300E-18
6795.59955167626  2.533957E-18
6798.43902300099  2.158499E-18
6801.27849432573  1.592650E-18
6804.11796565047  2.185551E-18
6806.95743697521  1.320910E-18
6809.79690829994  2.297475E-18
6812.63637962468  1.238755E-18
6815.47585094942  2.442031E-18
6818.31532227416  1.084387E-18
6821.1547935989  1.622608E-18
6823.99426492363  1.804335E-18
6826.83373624837  1.878106E-18
6829.67320757311  3.204650E-18
6832.51267889785  1.482982E-18
6835.35215022259  9.766690E-19
6838.19162154732  2.662175E-18
6841.03109287206  3.276898E-18
6843.8705641968  2.698531E-18
6846.71003552154  1.041835E-19
6849.54950684628  2.634819E-18
6852.38897817101  2.499146E-18
6855.22844949575  1.330150E-18
6858.06792082049  1.712218E-18
6860.90739214523  3.043532E-18
6863.74686346997  1.958935E-18
6866.5863347947  1.653290E-18
6869.42580611944  2.492720E-18
6872.26527744418  9.392730E-19
6875.10474876892  2.081463E-18
6877.94422009366  1.694497E-18
6880.78369141839  2.403906E-18
6883.62316274313  2.713168E-18
6886.46263406787  2.088227E-18
6889.30210539261  1.428031E-18
6892.14157671735  1.469632E-18
6894.98104804208  1.085578E-18
6897.82051936682  1.800847E-18
6900.65999069156  1.803475E-18
6903.4994620163  1.592975E-18
6906.33893334104  4.062943E-19
6909.17840466578  2.044859E-18
6912.01787599051  2.084322E-18
6914.85734731525  1.683088E-18
6917.69681863999  3.234422E-18
6920.53628996473  2.255187E-18
6923.37576128947  2.412033E-18
6926.2152326142  2.176417E-18
6929.05470393894  1.965783E-18
6931.89417526368  1.774257E-18
6934.73364658842  1.746397E-18
6937.57311791316  2.499577E-18
6940.41258923789  9.218724E-19
6943.25206056263  1.678578E-18
6946.09153188737  2.074321E-18
6948.93100321211  3.576257E-18
6951.77047453684  1.486556E-18
6954.60994586158  1.150280E-18
6957.44941718632  2.825495E-18
6960.28888851106  4.271638E-18
6963.1283598358  2.090671E-18
6965.96783116054  3.129622E-18
6968.80730248527  2.539296E-18
6971.64677381001  2.441804E-18
6974.48624513475  3.193092E-18
6977.32571645949  1.998888E-18
6980.16518778423  3.168250E-18
6983.00465910896  2.819461E-18
6985.8441304337  2.281675E-18
6988.68360175844  3.216513E-18
6991.52307308318  2.558687E-18
6994.36254440792  2.087358E-18
6997.20201573265  2.495923E-18
7000.04148705739  2.955734E-18
7002.88095838213  2.435429E-18
7005.72042970687  3.186201E-18
7008.5599010316  3.232967E-18
7011.39937235634  1.950193E-18
7014.23884368108  2.194887E-18
7017.07831500582  2.623688E-18
7019.91778633056  2.692582E-18
7022.75725765529  2.646457E-18
7025.59672898003  2.504460E-18
7028.43620030477  2.198605E-18
7031.27567162951  1.994920E-18
7034.11514295425  2.028839E-18
7036.95461427899  2.379165E-18
7039.79408560372  2.297248E-18
7042.63355692846  2.078843E-18
7045.4730282532  2.376653E-18
7048.31249957794  2.297867E-18
7051.15197090268  2.994432E-18
7053.99144222741  3.816064E-18
7056.83091355215  2.992111E-18
7059.67038487689  2.017427E-18
7062.50985620162  1.924419E-18
7065.34932752636  1.549975E-18
7068.1887988511  2.399335E-18
7071.02827017584  2.391349E-18
7073.86774150058  1.884821E-18
7076.70721282532  1.717103E-18
7079.54668415005  2.784870E-18
7082.38615547479  3.033579E-18
7085.22562679953  2.260306E-18
7088.06509812427  2.283011E-18
7090.90456944901  3.330245E-18
7093.74404077374  3.070109E-18
7096.58351209848  2.206040E-18
7099.42298342322  2.395191E-18
7102.26245474796  2.272831E-18
7105.1019260727  2.314538E-18
7107.94139739743  2.784571E-18
7110.78086872217  2.463566E-18
7113.62034004691  2.205055E-18
7116.45981137165  2.931081E-18
7119.29928269639  2.831959E-18
7122.13875402112  2.030291E-18
7124.97822534586  2.571769E-18
7127.8176966706  2.432601E-18
7130.65716799534  1.655214E-18
7133.49663932008  2.201154E-18
7136.33611064481  2.541475E-18
7139.17558196955  5.159546E-18
7142.01505329429  4.178915E-17
7144.85452461903  6.888894E-17
7147.69399594377  4.003343E-17
7150.5334672685  1.107868E-17
7153.37293859324  -3.964240E-19
7156.21240991798  2.371366E-18
7159.05188124272  2.733439E-18
7161.89135256746  2.723423E-18
7164.73082389219  2.607889E-18
7167.57029521693  3.497303E-18
7170.40976654167  3.409510E-18
7173.24923786641  2.679341E-18
7176.08870919115  2.172703E-18
7178.92818051588  2.715328E-18
7181.76765184062  2.956040E-18
7184.60712316536  2.322548E-18
7187.4465944901  2.486589E-18
7190.28606581484  2.499726E-18
7193.12553713957  2.596366E-18
7195.96500846431  2.805603E-18
7198.80447978905  2.941955E-18
7201.64395111379  2.858659E-18
7204.48342243853  2.523443E-18
7207.32289376327  2.696090E-18
7210.162365088  2.704618E-18
7213.00183641274  2.356369E-18
7215.84130773748  1.682775E-18
7218.68077906222  2.590346E-18
7221.52025038695  2.327587E-18
7224.35972171169  1.351210E-18
7227.19919303643  1.993815E-18
7230.03866436117  8.996448E-19
7232.87813568591  3.828131E-18
7235.71760701064  2.679203E-18
7238.55707833538  2.031705E-18
7241.39654966012  6.196408E-19
7244.23602098486  4.147358E-19
7247.0754923096  2.312886E-18
7249.91496363433  4.724474E-18
7252.75443495907  3.897850E-18
7255.59390628381  4.966561E-18
7258.43337760855  7.142776E-19
7261.27284893329  -1.034626E-18
7264.11232025803  4.283738E-18
7266.95179158276  6.440304E-19
7269.7912629075  4.890695E-20
7272.63073423224  3.042991E-18
7275.47020555698  3.827092E-18
7278.30967688171  3.627469E-18
7281.14914820645  2.279909E-18
7283.98861953119  3.701456E-18
7286.82809085593  5.712030E-18
7289.66756218067  2.036299E-18
7292.5070335054  2.808720E-18
7295.34650483014  4.580711E-18
7298.18597615488  7.362137E-19
7301.02544747962  -1.129001E-18
7303.86491880436  2.378362E-18
7306.70439012909  2.367162E-18
7309.54386145383  2.872090E-18
7312.38333277857  2.592480E-18
7315.22280410331  4.076246E-18
7318.06227542805  2.879843E-18
7320.90174675278  5.359039E-18
7323.74121807752  2.052774E-18
7326.58068940226  1.502234E-18
7329.420160727  3.800017E-18
7332.25963205174  3.302023E-18
7335.09910337647  2.174264E-18
7337.93857470121  3.422137E-18
7340.77804602595  3.098446E-18
7343.61751735069  1.623212E-18
7346.45698867543  2.398511E-18
7349.29646000016  6.197914E-18
7352.1359313249  3.961216E-18
7354.97540264964  -1.280170E-18
7357.81487397438  4.271886E-18
7360.65434529912  3.281656E-18
7363.49381662385  3.998848E-18
7366.33328794859  3.747493E-18
7369.17275927333  3.095677E-18
7372.01223059807  3.211009E-18
7374.8517019228  1.906710E-18
7377.69117324754  2.644990E-18
7380.53064457228  4.242635E-18
7383.37011589702  2.869850E-18
7386.20958722176  3.196580E-18
7389.0490585465  2.871442E-18
7391.88852987123  3.240595E-18
7394.72800119597  3.458952E-18
7397.56747252071  3.361264E-18
7400.40694384545  3.351684E-18
7403.24641517019  2.687652E-18
7406.08588649492  3.644498E-18
7408.92535781966  2.927778E-18
7411.7648291444  2.790338E-18
7414.60430046914  3.003751E-18
7417.44377179388  2.563375E-18
7420.28324311861  2.936993E-18
7423.12271444335  2.779123E-18
7425.96218576809  2.840877E-18
7428.80165709283  3.045990E-18
7431.64112841756  3.167021E-18
7434.4805997423  3.325394E-18
7437.32007106704  3.250688E-18
7440.15954239178  2.771214E-18
7442.99901371652  2.800726E-18
7445.83848504126  2.885007E-18
7448.67795636599  3.211489E-18
7451.51742769073  2.774887E-18
7454.35689901547  2.425763E-18
7457.19637034021  1.851258E-18
7460.03584166495  3.370086E-18
7462.87531298968  3.905667E-18
7465.71478431442  3.023088E-18
7468.55425563916  1.972648E-18
7471.3937269639  1.808013E-18
7474.23319828864  2.042450E-18
7477.07266961337  2.754250E-18
7479.91214093811  3.061458E-18
7482.75161226285  3.176624E-18
7485.59108358759  3.047311E-18
7488.43055491232  3.364165E-18
7491.27002623706  3.347015E-18
7494.1094975618  2.541735E-18
7496.94896888654  2.625179E-18
7499.78844021128  2.815045E-18
7502.62791153602  1.619437E-18
7505.46738286075  2.574074E-18
7508.30685418549  2.437227E-18
7511.14632551023  1.956428E-18
7513.98579683497  2.171497E-18
7516.82526815971  3.320220E-18
7519.66473948444  3.717484E-18
7522.50421080918  4.142691E-18
7525.34368213392  4.329508E-18
7528.18315345866  4.688956E-18
7531.0226247834  2.948421E-18
7533.86209610813  4.439345E-18
7536.70156743287  4.382355E-18
7539.54103875761  3.415938E-18
7542.38051008235  3.572528E-18
7545.21998140708  2.719607E-18
7548.05945273182  2.522743E-18
7550.89892405656  1.634900E-18
7553.7383953813  1.680621E-18
7556.57786670604  2.832520E-18
7559.41733803078  3.494107E-18
7562.25680935551  3.024882E-18
7565.09628068025  2.750873E-18
7567.93575200499  2.592256E-18
7570.77522332973  3.825793E-18
7573.61469465447  3.842620E-18
7576.4541659792  4.267212E-18
7579.29363730394  3.433917E-18
7582.13310862868  1.344544E-18
7584.97257995342  7.938573E-19
7587.81205127815  6.513119E-19
7590.65152260289  2.074796E-18
7593.49099392763  1.520706E-18
7596.33046525237  6.128988E-19
7599.16993657711  1.468898E-18
7602.00940790184  2.797762E-18
7604.84887922658  2.503329E-18
7607.68835055132  1.892764E-18
7610.52782187606  1.827703E-18
7613.3672932008  2.782704E-18
7616.20676452554  1.909920E-18
7619.04623585027  1.365920E-18
7621.88570717501  1.339017E-18
7624.72517849975  1.699183E-18
7627.56464982449  2.304208E-18
7630.40412114923  1.734919E-18
7633.24359247396  3.497184E-18
7636.0830637987  2.738768E-18
7638.92253512344  2.323265E-18
7641.76200644818  2.646622E-18
7644.60147777291  2.800316E-18
7647.44094909765  2.924222E-18
7650.28042042239  2.303483E-18
7653.11989174713  3.345397E-18
7655.95936307187  3.122753E-18
7658.7988343966  3.817087E-18
7661.63830572134  4.298295E-18
7664.47777704608  2.564913E-18
7667.31724837082  2.896026E-18
7670.15671969556  1.403513E-18
7672.99619102029  2.837176E-18
7675.83566234503  4.241083E-18
7678.67513366977  2.442795E-18
7681.51460499451  2.335309E-18
7684.35407631925  2.550787E-18
7687.19354764399  3.847354E-18
7690.03301896872  2.602355E-18
7692.87249029346  2.227215E-18
7695.7119616182  -2.334060E-18
7698.55143294294  2.361481E-18
7701.39090426767  2.707102E-18
7704.23037559241  8.592810E-19
7707.06984691715  3.051288E-18
7709.90931824189  3.379061E-18
7712.74878956663  2.895351E-18
7715.58826089136  3.931251E-18
7718.4277322161  3.365476E-18
7721.26720354084  6.222558E-18
7724.10667486558  3.796159E-18
7726.94614619032  4.754324E-18
7729.78561751505  3.753692E-19
7732.62508883979  3.438802E-18
7735.46456016453  7.278011E-18
7738.30403148927  2.919384E-18
7741.14350281401  3.922800E-18
7743.98297413875  3.864921E-18
7746.82244546348  4.483778E-18
7749.66191678822  4.336790E-18
7752.50138811296  3.490189E-18
7755.3408594377  5.882482E-18
7758.18033076243  4.813515E-18
7761.01980208717  2.924305E-18
7763.85927341191  1.848214E-18
7766.69874473665  4.189081E-18
7769.53821606139  4.506427E-18
7772.37768738612  1.946254E-18
7775.21715871086  1.605864E-18
7778.0566300356  1.941946E-18
7780.89610136034  4.463374E-18
7783.73557268508  2.936827E-18
7786.57504400981  3.064208E-18
7789.41451533455  3.974176E-18
7792.25398665929  2.031959E-18
7795.09345798403  3.604696E-18
7797.93292930877  2.716992E-18
7800.7724006335  1.837730E-18
7803.61187195824  2.428449E-18
7806.45134328298  2.891204E-18
7809.29081460772  3.045592E-18
7812.13028593246  2.598976E-18
7814.96975725719  1.561480E-18
7817.80922858193  2.586353E-18
7820.64869990667  2.819066E-18
7823.48817123141  3.763453E-18
7826.32764255615  3.751954E-18
7829.16711388088  3.840395E-18
7832.00658520562  2.472291E-18
7834.84605653036  2.849965E-19
7837.6855278551  2.161255E-18
7840.52499917984  3.075043E-18
7843.36447050457  2.766282E-18
7846.20394182931  2.155488E-18
7849.04341315405  2.313350E-18
7851.88288447879  1.996541E-18
7854.72235580353  3.366135E-18
7857.56182712826  3.124655E-18
7860.401298453  5.270081E-18
7863.24076977774  6.474049E-18
7866.08024110248  2.696602E-18
7868.91971242722  3.881519E-18
7871.75918375195  9.574688E-19
7874.59865507669  1.791896E-18
7877.43812640143  3.175126E-18
7880.27759772617  4.609102E-18
7883.11706905091  3.579345E-18
7885.95654037564  3.065867E-18
7888.79601170038  1.147405E-18
7891.63548302512  4.405926E-18
7894.47495434986  -8.603187E-19
7897.3144256746  2.936689E-18
7900.15389699933  6.570187E-18
7902.99336832407  1.143879E-18
7905.83283964881  1.290420E-18
7908.67231097355  2.225224E-18
7911.51178229829  1.803170E-18
7914.35125362302  2.436076E-18
7917.19072494776  3.642633E-18
7920.0301962725  4.158917E-18
7922.86966759724  5.745879E-18
7925.70913892198  -1.843419E-19
7928.54861024672  4.467605E-18
7931.38808157145  3.264007E-18
7934.22755289619  2.427043E-18
7937.06702422093  1.886055E-18
7939.90649554567  3.672129E-18
7942.74596687041  6.100500E-18
7945.58543819514  1.766048E-18
7948.42490951988  8.274235E-19
7951.26438084462  2.033925E-18
7954.10385216936  1.403208E-18
7956.9433234941  3.452155E-18
7959.78279481883  2.045835E-18
7962.62226614357  1.832250E-18
7965.46173746831  3.467775E-18
7968.30120879305  1.165507E-18
7971.14068011778  5.009407E-18
7973.98015144252  3.936858E-18
7976.81962276726  1.824187E-18
7979.659094092  5.762943E-18
7982.49856541674  3.613135E-18
7985.33803674147  2.896047E-18
7988.17750806621  5.421101E-18
7991.01697939095  4.773825E-18
7993.85645071569  4.284138E-18
7996.69592204043  3.504359E-18
7999.53539336517  2.509161E-18
8002.3748646899  3.402157E-18
8005.21433601464  4.299318E-18
8008.05380733938  1.946621E-18
8010.89327866412  7.596021E-19
8013.73274998885  1.630144E-18
8016.57222131359  3.061725E-18
8019.41169263833  3.225545E-18
8022.25116396307  4.548446E-18
8025.09063528781  3.144716E-18
8027.93010661254  3.934448E-18
8030.76957793728  3.511814E-18
8033.60904926202  4.738506E-18
8036.44852058676  4.753118E-18
8039.2879919115  2.875797E-18
8042.12746323623  3.440282E-18
8044.96693456097  5.014074E-18
8047.80640588571  3.121939E-18
8050.64587721045  3.370637E-18
8053.48534853519  2.394965E-18
8056.32481985992  2.313987E-18
8059.16429118466  4.008628E-18
8062.0037625094  3.178282E-18
8064.84323383414  3.539876E-18
8067.68270515888  3.320310E-18
8070.52217648361  2.321760E-18
8073.36164780835  3.676365E-18
8076.20111913309  3.623361E-18
8079.04059045783  3.504541E-18
8081.88006178257  2.877463E-18
8084.7195331073  3.832261E-18
8087.55900443204  4.359998E-18
8090.39847575678  3.440213E-18
8093.23794708152  2.443553E-18
8096.07741840626  3.348152E-18
8098.91688973099  3.577990E-18
8101.75636105573  4.668875E-18
8104.59583238047  3.335894E-18
8107.43530370521  4.212121E-18
8110.27477502995  3.174843E-18
8113.11424635468  3.221596E-18
8115.95371767942  4.586894E-18
8118.79318900416  2.551610E-18
8121.6326603289  3.594857E-18
8124.47213165364  2.920612E-18
8127.31160297837  3.064802E-18
8130.15107430311  3.786800E-18
8132.99054562785  2.977160E-18
8135.83001695259  3.221352E-18
8138.66948827733  3.235030E-18
8141.50895960206  3.773643E-18
8144.3484309268  4.263854E-18
8147.18790225154  3.002737E-18
8150.02737357628  3.269858E-18
8152.86684490102  3.385446E-18
8155.70631622575  3.170814E-18
8158.54578755049  2.579962E-18
8161.38525887523  2.891356E-18
8164.22473019997  3.059897E-18
8167.06420152471  3.582698E-18
8169.90367284944  2.923588E-18
8172.74314417418  2.994185E-18
8175.58261549892  2.326684E-18
8178.42208682366  3.540199E-18
8181.2615581484  3.432338E-18
8184.10102947313  2.751580E-18
8186.94050079787  3.077080E-18
8189.77997212261  3.187455E-18
8192.61944344735  3.744966E-18
8195.45891477209  3.836478E-18
8198.29838609682  3.707850E-18
8201.13785742156  3.489354E-18
8203.9773287463  3.325190E-18
8206.81680007104  3.759906E-18
8209.65627139578  3.304686E-18
8212.49574272052  3.786247E-18
8215.33521404525  3.730026E-18
8218.17468536999  3.604800E-18
8221.01415669473  4.577466E-18
8223.85362801947  4.397926E-18
8226.69309934421  3.726178E-18
8229.53257066894  3.763483E-18
8232.37204199368  4.272217E-18
8235.21151331842  3.945833E-18
8238.05098464316  3.055543E-18
8240.8904559679  3.561470E-18
8243.72992729263  4.126836E-18
8246.56939861737  3.686266E-18
8249.40886994211  3.925697E-18
8252.24834126685  3.794291E-18
8255.08781259158  3.363129E-18
8257.92728391632  3.405532E-18
8260.76675524106  3.218946E-18
8263.6062265658  2.723364E-18
8266.44569789054  5.799992E-18
8269.28516921527  4.438776E-18
8272.12464054001  4.203851E-18
8274.96411186475  6.429921E-18
8277.80358318949  5.250153E-18
8280.64305451423  1.001218E-18
8283.48252583896  1.212393E-18
8286.3219971637  -1.736666E-19
8289.16146848844  2.241887E-18
8292.00093981318  2.326505E-18
8294.84041113792  1.781081E-18
8297.67988246265  6.690775E-18
8300.51935378739  5.570221E-18
8303.35882511213  4.686236E-18
8306.19829643687  3.246454E-18
8309.03776776161  4.110342E-18
8311.87723908634  3.387942E-18
8314.71671041108  5.144562E-18
8317.55618173582  3.036596E-18
8320.39565306056  5.571907E-18
8323.2351243853  2.996415E-18
8326.07459571004  7.126667E-18
8328.91406703477  1.907047E-18
8331.75353835951  5.326969E-18
8334.59300968425  8.197451E-18
8337.43248100899  2.478440E-18
8340.27195233372  2.073576E-18
8343.11142365846  2.603517E-18
8345.9508949832  5.006853E-18
8348.79036630794  7.066764E-18
8351.62983763268  -3.301017E-18
8354.46930895741  6.575260E-18
8357.30878028215  3.998580E-18
8360.14825160689  1.889514E-19
8362.98772293163  7.491818E-18
8365.82719425637  3.915392E-18
8368.6666655811  4.477594E-18
8371.50613690584  3.495001E-18
8374.34560823058  4.726765E-18
8377.18507955532  -2.233018E-18
8380.02455088006  1.385682E-17
8382.86402220479  4.111545E-18
8385.70349352953  6.040143E-18
8388.54296485427  7.986076E-18
8391.38243617901  5.450584E-18
8394.22190750375  3.140843E-18
8397.06137882848  8.148559E-18
8399.90085015322  5.121793E-18
8402.74032147796  8.615980E-18
8405.5797928027  9.780695E-18
8408.41926412744  -1.157033E-17
8411.25873545217  1.242996E-17
8414.09820677691  -6.850207E-19
8416.93767810165  2.286686E-18
8419.77714942639  3.975825E-18
8422.61662075112  -9.009023E-19
8425.45609207586  1.520041E-18
8428.2955634006  3.311680E-18
8431.13503472534  -1.425672E-18
8433.97450605008  4.541767E-18
8436.81397737482  3.535461E-18
8439.65344869955  4.880369E-19
8442.49292002429  4.217746E-18
8445.33239134903  1.413697E-18
8448.17186267377  7.698621E-18
8451.01133399851  7.502856E-18
8453.85080532324  5.390894E-18
8456.69027664798  2.482265E-18
8459.52974797272  3.714036E-18
8462.36921929746  4.013757E-18
8465.2086906222  3.493376E-18
8468.04816194693  3.864528E-18
8470.88763327167  8.835838E-18
8473.72710459641  -5.233378E-19
8476.56657592115  3.583355E-18
8479.40604724588  2.835951E-18
8482.24551857062  5.096747E-18
8485.08498989536  2.883482E-18
8487.9244612201  5.510839E-18
8490.76393254484  5.407944E-18
8493.60340386957  4.591471E-18
8496.44287519431  2.978457E-18
8499.28234651905  3.751045E-18
8502.12181784379  4.063487E-18
8504.96128916853  4.458001E-18
8507.80076049327  4.255140E-18
8510.640231818  4.575612E-18
8513.47970314274  4.965492E-18
8516.31917446748  4.977901E-18
8519.15864579222  2.992754E-18
8521.99811711696  2.114316E-18
8524.83758844169  2.796814E-18
8527.67705976643  4.409361E-18
8530.51653109117  2.559693E-18
8533.35600241591  3.090899E-18
8536.19547374064  4.391868E-18
8539.03494506538  3.706615E-18
8541.87441639012  3.001424E-18
8544.71388771486  3.205458E-18
8547.5533590396  4.716349E-18
8550.39283036433  4.085813E-18
8553.23230168907  2.166233E-18
8556.07177301381  4.005458E-18
8558.91124433855  4.946270E-18
8561.75071566329  4.907909E-18
8564.59018698802  4.783184E-18
8567.42965831277  4.906891E-18
8570.2691296375  3.900696E-18
8573.10860096224  3.497828E-18
8575.94807228698  4.641705E-18
8578.78754361172  4.205262E-18
8581.62701493645  5.262173E-18
8584.46648626119  4.093171E-18
8587.30595758593  3.691135E-18
8590.14542891067  2.262242E-18
8592.9849002354  3.425224E-18
8595.82437156014  5.645493E-18
8598.66384288488  5.288633E-18
8601.50331420962  5.443489E-18
8604.34278553436  5.614973E-18
8607.18225685909  3.673417E-18
8610.02172818383  3.189307E-18
8612.86119950857  2.963963E-18
8615.70067083331  4.193505E-18
8618.54014215805  3.910792E-18
8621.37961348278  4.470107E-18
8624.21908480752  3.843055E-18
8627.05855613226  1.236869E-18
8629.898027457  2.123386E-18
8632.73749878174  -1.949266E-19
8635.57697010647  4.206796E-18
8638.41644143121  2.493840E-18
8641.25591275595  4.290971E-18
8644.09538408069  6.819135E-18
8646.93485540543  3.282609E-18
8649.77432673016  2.627529E-18
8652.6137980549  3.067348E-19
8655.45326937964  6.137055E-18
8658.29274070438  1.126566E-18
8661.13221202912  2.965553E-18
8663.97168335385  5.186008E-18
8666.81115467859  1.822288E-18
8669.65062600333  6.325755E-18
8672.49009732807  2.366468E-18
8675.32956865281  4.533353E-18
8678.16903997754  2.987503E-18
8681.00851130228  4.043221E-18
8683.84798262702  4.356321E-18
8686.68745395176  4.346644E-18
8689.5269252765  4.288467E-18
8692.36639660123  3.216334E-18
8695.20586792597  3.639713E-18
8698.04533925071  4.542979E-18
8700.88481057545  4.095379E-18
8703.72428190019  3.677678E-18
8706.56375322492  3.695467E-18
8709.40322454966  4.704700E-18
8712.2426958744  4.441995E-18
8715.08216719914  4.201060E-18
8717.92163852388  3.949374E-18
8720.76110984861  4.351805E-18
8723.60058117335  4.064397E-18
8726.44005249809  4.381725E-18
8729.27952382283  4.266591E-18
8732.11899514757  3.783223E-18
8734.9584664723  4.964657E-18
8737.79793779704  7.388604E-18
8740.63740912178  2.116219E-18
8743.47688044652  1.075548E-18
8746.31635177126  4.051454E-18
8749.155823096  -2.994972E-18
8751.99529442073  2.062759E-18
8754.83476574547  6.140185E-18
8757.67423707021  1.737976E-18
8760.51370839495  -5.902303E-19
8763.35317971969  3.296286E-18
8766.19265104442  -3.518184E-18
8769.03212236916  1.116712E-17
8771.8715936939  -1.494046E-18
8774.71106501864  5.813574E-18
8777.55053634338  8.289235E-18
8780.39000766811  1.839277E-18
8783.22947899285  -1.818293E-18
8786.06895031759  7.717598E-18
8788.90842164232  6.156908E-18
8791.74789296706  3.558776E-18
8794.5873642918  4.585937E-18
8797.42683561654  3.222547E-18
8800.26630694128  6.044139E-18
8803.10577826602  -3.563511E-18
8805.94524959075  1.252640E-17
8808.78472091549  -6.140170E-18
8811.62419224023  -6.281032E-18
8814.46366356497  1.578595E-18
8817.30313488971  -2.441522E-18
8820.14260621444  2.487922E-18
8822.98207753918  3.420937E-18
8825.82154886392  -2.180620E-18
8828.66102018866  4.290685E-18
8831.5004915134  8.957098E-18
8834.33996283813  2.288151E-18
8837.17943416287  -6.603238E-18
8840.01890548761  1.029291E-17
8842.85837681235  1.983909E-18
8845.69784813709  -4.095288E-18
8848.53731946182  4.228603E-18
8851.37679078656  4.102741E-18
8854.2162621113  3.113321E-18
8857.05573343604  3.270170E-18
8859.89520476078  3.596037E-18
8862.73467608551  -1.135349E-18
8865.57414741025  4.520064E-18
8868.41361873499  1.394274E-17
8871.25309005973  7.298339E-18
8874.09256138447  8.761273E-18
8876.9320327092  6.125434E-18
8879.77150403394  6.745651E-18
8882.61097535868  5.202663E-18
8885.45044668342  3.660236E-18
8888.28991800816  2.614954E-18
8891.1293893329  7.857645E-18
8893.96886065763  1.452912E-17
8896.80833198237  3.891557E-18
8899.64780330711  -7.731363E-19
8902.48727463185  -2.761552E-18
8905.32674595658  2.555843E-18
8908.16621728132  2.789045E-18
8911.00568860606  4.196966E-18
8913.8451599308  3.580400E-20
8916.68463125554  2.401455E-18
8919.52410258027  2.829887E-18
8922.36357390501  -4.823092E-18
8925.20304522975  -6.806385E-18
8928.04251655449  1.046651E-17
8930.88198787923  -7.780408E-19
8933.72145920396  5.118353E-18
8936.5609305287  8.945104E-18
8939.40040185344  -6.424358E-19
8942.23987317818  4.493409E-18
8945.07934450292  7.989970E-18
8947.91881582765  1.640093E-18
8950.75828715239  3.182308E-18
8953.59775847713  4.507480E-18
8956.43722980187  2.916878E-18
8959.27670112661  7.323664E-18
8962.11617245134  -1.023133E-18
8964.95564377608  2.621811E-18
8967.79511510082  8.823793E-18
8970.63458642556  3.452071E-18
8973.4740577503  2.238263E-18
8976.31352907503  -1.756828E-19
8979.15300039977  3.824546E-18
8981.99247172451  4.028771E-18
8984.83194304925  3.011215E-18
8987.67141437399  1.434033E-18
8990.51088569873  5.345342E-18
8993.35035702346  4.515748E-18
8996.1898283482  1.053289E-18
8999.02929967294  4.018147E-18
9001.86877099767  1.689655E-18
9004.70824232241  5.238274E-18
9007.54771364715  7.045156E-18
9010.38718497189  -3.348181E-18
9013.22665629663  2.931510E-18
9016.06612762137  1.466381E-18
9018.9055989461  2.581049E-18
9021.74507027084  3.234536E-18
9024.58454159558  8.165556E-19
9027.42401292032  2.621735E-18
9030.26348424506  2.180785E-18
9033.10295556979  6.472019E-18
9035.94242689453  3.632279E-18
9038.78189821927  1.848247E-18
9041.62136954401  2.303957E-18
9044.46084086875  4.038458E-18
9047.30031219348  1.901797E-18
9050.13978351822  2.357159E-18
9052.97925484296  1.451810E-18
9055.8187261677  2.900673E-18
9058.65819749244  2.192609E-18
9061.49766881717  3.038662E-18
9064.33714014191  1.833835E-18
9067.17661146665  1.499962E-18
9070.01608279139  1.929753E-18
9072.85555411613  1.746906E-18
9075.69502544086  2.230440E-18
9078.5344967656  3.655415E-18
9081.37396809034  3.053497E-18
9084.21343941508  5.374256E-19
9087.05291073982  2.037307E-18
9089.89238206455  2.693366E-18
9092.73185338929  3.104400E-18
9095.57132471403  2.369981E-18
9098.41079603877  1.892830E-18
9101.25026736351  1.950162E-18
9104.08973868825  1.627368E-18
9106.92921001298  2.237949E-18
9109.76868133772  2.497197E-18
9112.60815266246  2.835701E-18
9115.4476239872  2.633692E-18
9118.28709531193  2.951671E-18
9121.12656663667  2.487311E-18
9123.96603796141  1.973490E-18
9126.80550928615  1.914896E-18
9129.64498061089  2.708446E-18
9132.48445193562  3.900081E-18
9135.32392326036  2.256286E-18
9138.1633945851  1.700281E-18
9141.00286590984  2.831972E-18
9143.84233723458  5.353856E-18
9146.68180855931  3.376956E-18
9149.52127988405  5.437400E-18
9152.36075120879  2.891890E-18
9155.20022253353  1.460896E-18
9158.03969385827  1.562974E-18
9160.879165183  3.092574E-18
9163.71863650774  3.519064E-18
9166.55810783248  2.324289E-18
9169.39757915722  2.188000E-18
9172.23705048196  3.545159E-18
9175.07652180669  2.774029E-18
9177.91599313143  4.492563E-18
9180.75546445617  7.496130E-19
9183.59493578091  1.715255E-18
9186.43440710565  1.573017E-18
9189.27387843038  2.124292E-18
9192.11334975512  3.415593E-18
9194.95282107986  3.914067E-18
9197.7922924046  2.161024E-18
9200.63176372934  1.309466E-18
9203.47123505407  3.465582E-18
9206.31070637881  3.647681E-18
9209.15017770355  2.779529E-18
9211.98964902829  4.557425E-18
9214.82912035303  3.655660E-18
9217.66859167776  3.978243E-18
9220.5080630025  4.295214E-18
9223.34753432724  3.225695E-18
9226.18700565198  1.161629E-18
9229.02647697672  1.030292E-18
9231.86594830145  1.904430E-18
9234.70541962619  3.643536E-18
9237.54489095093  2.985592E-18
9240.38436227567  2.517276E-18
9243.22383360041  2.599233E-18
9246.06330492514  4.054509E-18
9248.90277624988  2.417945E-18
9251.74224757462  3.338688E-18
9254.58171889936  5.294370E-18
9257.4211902241  4.129053E-18
9260.26066154883  3.007095E-18
9263.10013287357  4.163260E-18
9265.93960419831  3.464451E-18
9268.77907552305  2.844096E-18
9271.61854684779  3.568665E-18
9274.45801817253  3.124711E-18
9277.29748949726  2.528889E-18
9280.136960822  2.627045E-18
9282.97643214674  2.052665E-18
9285.81590347148  -4.761911E-18
9288.65537479621  5.049734E-18
9291.49484612095  -1.048257E-17
9294.33431744569  7.736204E-18
9297.17378877043  -3.456874E-18
9300.01326009517  4.461362E-20
9302.8527314199  -5.067238E-18
9305.69220274464  6.762673E-18
9308.53167406938  4.010184E-18
9311.37114539412  1.211486E-18
9314.21061671886  7.264969E-18
9317.05008804359  1.443966E-18
9319.88955936833  1.802077E-18
9322.72903069307  4.231505E-18
9325.56850201781  -1.307635E-18
9328.40797334255  -3.652306E-18
9331.24744466728  9.126140E-19
9334.08691599202  6.023963E-18
9336.92638731676  1.232085E-18
9339.7658586415  2.921151E-18
9342.60532996624  -6.786141E-20
9345.44480129097  8.078460E-19
9348.28427261571  3.304225E-18
9351.12374394045  3.338067E-18
9353.96321526519  9.466697E-18
9356.80268658993  -3.549758E-18
9359.64215791466  -7.229984E-18
9362.4816292394  5.541105E-18
9365.32110056414  2.168360E-18
9368.16057188888  -6.316751E-19
9371.00004321361  -9.739298E-19
9373.83951453835  8.320179E-19
9376.67898586309  -3.934244E-18
9379.51845718783  2.562901E-18
9382.35792851257  -8.354187E-18
9385.1973998373  4.680163E-18
9388.03687116204  2.973308E-18
9390.87634248678  2.687138E-18
9393.71581381152  2.026934E-18
9396.55528513626  -1.713547E-18
9399.394756461  4.839994E-18
9402.23422778573  4.895983E-18
9405.07369911047  4.861364E-18
9407.91317043521  1.299597E-18
9410.75264175995  -1.357183E-18
9413.59211308469  -2.732341E-18
9416.43158440942  6.503746E-18
9419.27105573416  5.353821E-18
9422.1105270589  -9.682533E-19
9424.94999838364  3.717980E-18
9427.78946970838  3.571026E-18
9430.62894103311  1.234867E-18
9433.46841235785  2.211601E-18
9436.30788368259  1.084310E-18
9439.14735500733  -4.519634E-19
9441.98682633206  -2.092610E-18
9444.8262976568  -8.335636E-19
9447.66576898154  5.463699E-19
9450.50524030628  -2.829270E-19
9453.34471163102  1.688894E-18
9456.18418295576  1.745506E-18
9459.02365428049  -6.201476E-18
9461.86312560523  -3.736688E-18
9464.70259692997  -5.776649E-18
9467.54206825471  1.356316E-18
9470.38153957945  -2.096962E-18
9473.22101090418  -2.911438E-18
9476.06048222892  -1.545979E-18
9478.89995355366  -3.167430E-19
9481.7394248784  -2.762556E-18
9484.57889620314  1.213901E-18
9487.41836752787  4.073019E-18
9490.25783885261  -2.006845E-18
9493.09731017735  -5.988170E-19
9495.93678150209  -2.049394E-18
9498.77625282683  3.807722E-18
9501.61572415156  5.031605E-19
9504.4551954763  8.869626E-19
9507.29466680104  2.589595E-18
9510.13413812578  7.599135E-20
9512.97360945052  -8.762240E-19
9515.81308077526  2.772881E-18
9518.65255209999  4.085162E-18
9521.49202342473  1.736885E-18
9524.33149474947  3.454213E-18
9527.17096607421  7.375285E-19
9530.01043739895  -4.495159E-18
9532.84990872368  4.927778E-19
9535.68938004842  7.459050E-19
9538.52885137316  1.178973E-18
9541.36832269789  9.094480E-19
9544.20779402263  2.424273E-18
9547.04726534737  2.424822E-18
9549.88673667211  -1.794985E-18
9552.72620799685  1.548751E-18
9555.56567932158  -1.833728E-19
9558.40515064632  3.382117E-19
9561.24462197106  2.832162E-18
9564.0840932958  2.878897E-19
9566.92356462053  1.259873E-18
9569.76303594528  1.765852E-18
9572.60250727001  -1.363749E-18
9575.44197859475  3.013573E-18
9578.28144991949  2.186154E-18
9581.12092124423  1.294324E-18
9583.96039256897  1.348389E-18
9586.7998638937  2.212462E-18
9589.63933521844  1.527618E-18
9592.47880654318  5.918232E-19
9595.31827786792  1.180753E-18
9598.15774919266  1.819820E-18
9600.99722051739  1.139659E-18
9603.83669184213  5.628324E-20
9606.67616316687  9.280638E-19
9609.51563449161  -1.334078E-19
9612.35510581635  2.730652E-19
9615.19457714108  2.100866E-18
9618.03404846582  9.971931E-19
9620.87351979056  1.213218E-18
9623.7129911153  1.029551E-18
9626.55246244004  1.580306E-18
9629.39193376477  4.695937E-19
9632.23140508951  1.019280E-19
9635.07087641425  6.599276E-19
9637.91034773899  6.253377E-19
9640.74981906373  1.200877E-18
9643.58929038846  8.183559E-19
9646.4287617132  9.350705E-19
9649.26823303794  4.289395E-19
9652.10770436268  7.372540E-19
9654.94717568742  6.204944E-19
9657.78664701215  9.134415E-19
9660.62611833689  1.517096E-18
9663.46558966163  5.259223E-19
9666.30506098637  1.469933E-18
9669.14453231111  1.534995E-18
9671.98400363584  1.151328E-18
9674.82347496058  6.089731E-19
9677.66294628532  2.344108E-18
9680.50241761006  1.254685E-18
9683.34188893479  2.368688E-19
9686.18136025953  -5.019678E-19
9689.02083158427  7.208348E-19
9691.86030290901  1.463338E-18
9694.69977423375  5.034812E-19
9697.53924555848  1.838709E-18
9700.37871688322  5.910159E-19
9703.21818820796  6.944537E-20
9706.0576595327  3.961651E-19
9708.89713085744  1.455731E-18
9711.73660218218  2.401016E-18
9714.57607350691  9.962169E-20
9717.41554483165  9.966684E-19
9720.25501615639  1.083334E-18
9723.09448748113  2.715527E-18
9725.93395880587  1.964849E-18
9728.7734301306  2.904710E-18
9731.61290145534  3.302755E-18
9734.45237278008  -3.521933E-19
9737.29184410482  -1.428801E-19
9740.13131542955  1.469218E-18
9742.97078675429  1.449664E-18
9745.81025807903  1.703925E-18
9748.64972940377  5.215948E-19
9751.48920072851  1.201727E-18
9754.32867205324  1.350930E-18
9757.16814337798  1.021163E-18
9760.00761470272  8.888195E-19
9762.84708602746  5.753337E-19
9765.6865573522  -1.245671E-19
9768.52602867693  6.535368E-19
9771.36550000167  -6.263571E-19
9774.20497132641  -2.136662E-18
9777.04444265115  -3.004268E-19
9779.88391397589  -4.102675E-19
9782.72338530063  9.430676E-19
9785.56285662536  1.463894E-18
9788.4023279501  9.671050E-19
9791.24179927484  -1.237178E-19
9794.08127059958  -2.900258E-19
9796.92074192431  4.544300E-18
9799.76021324905  -1.997009E-19
9802.59968457379  1.708753E-18
9805.43915589853  2.315730E-18
9808.27862722327  -9.020740E-19
9811.118098548  1.168731E-18
9813.95756987274  1.449407E-18
9816.79704119748  -5.926843E-19
9819.63651252222  1.209623E-18
9822.47598384696  2.024028E-19
9825.31545517169  8.632374E-19
9828.15492649643  -3.685945E-19
9830.99439782117  -2.075786E-19
9833.83386914591  8.637845E-19
9836.67334047065  8.188152E-19
9839.51281179538  8.181675E-19
9842.35228312012  -3.872817E-19
9845.19175444486  5.411246E-20
9848.0312257696  1.987868E-19
9850.87069709434  -2.622139E-19
9853.71016841907  -2.204574E-18
9856.54963974381  -6.213582E-19
9859.38911106855  4.644080E-19
9862.22858239329  3.304894E-19
9865.06805371803  3.953440E-19
9867.90752504276  2.055134E-18
9870.7469963675  1.208097E-18
9873.58646769224  1.289665E-19
9876.42593901698  -2.308342E-18
9879.26541034172  1.118958E-18
9882.10488166645  7.263797E-19
