4672.77880859375  9.121762E-19
4675.6153485775  2.597943E-18
4678.45188856125  3.969318E-18
4681.288428545  3.416781E-18
4684.12496852875  2.440441E-18
4686.9615085125  2.462741E-18
4689.79804849625  3.096877E-18
4692.63458848  3.620252E-18
4695.47112846375  5.025803E-18
4698.3076684475  7.165776E-18
4701.14420843125  3.163187E-18
4703.980748415  2.984060E-18
4706.81728839875  9.225099E-19
4709.6538283825  1.461217E-18
4712.49036836625  3.060041E-18
4715.32690835  1.832516E-19
4718.16344833374  -1.256338E-18
4720.99998831749  -4.663839E-19
4723.83652830124  2.026191E-18
4726.67306828499  3.015364E-18
4729.50960826874  4.366789E-18
4732.34614825249  2.934512E-18
4735.18268823624  2.758522E-18
4738.01922821999  1.941050E-18
4740.85576820374  2.582758E-18
4743.69230818749  6.149866E-19
4746.52884817124  2.920986E-18
4749.36538815499  5.052686E-18
4752.20192813874  3.696868E-18
4755.03846812249  3.099745E-18
4757.87500810624  1.361556E-18
4760.71154808999  1.875542E-18
4763.54808807374  5.547092E-18
4766.38462805748  4.091681E-18
4769.22116804123  9.622712E-19
4772.05770802498  1.610331E-18
4774.89424800873  6.134141E-19
4777.73078799248  -4.408281E-19
4780.56732797623  1.647081E-18
4783.40386795998  -2.702951E-19
4786.24040794373  2.183591E-18
4789.07694792748  8.868887E-19
4791.91348791123  1.845887E-18
4794.75002789498  4.938829E-18
4797.58656787873  2.450430E-18
4800.42310786248  3.540640E-18
4803.25964784623  -4.021225E-19
4806.09618782998  2.677689E-18
4808.93272781372  3.506216E-18
4811.76926779747  3.247970E-18
4814.60580778122  3.680502E-18
4817.44234776497  2.059397E-18
4820.27888774872  3.113214E-18
4823.11542773247  1.935415E-18
4825.95196771622  2.442961E-18
4828.78850769997  2.853271E-18
4831.62504768372  5.231657E-18
4834.46158766747  4.136925E-18
4837.29812765122  3.902111E-18
4840.13466763497  3.942722E-18
4842.97120761872  2.707846E-18
4845.80774760247  5.213619E-18
4848.64428758622  2.815324E-18
4851.48082756997  2.429037E-18
4854.31736755372  4.079996E-18
4857.15390753746  2.199595E-18
4859.99044752121  2.110995E-18
4862.82698750496  4.309346E-18
4865.66352748871  4.124722E-18
4868.50006747246  4.003112E-18
4871.33660745621  5.427203E-18
4874.17314743996  3.499675E-18
4877.00968742371  1.646651E-18
4879.84622740746  2.878478E-18
4882.68276739121  2.800982E-18
4885.51930737496  2.349293E-18
4888.35584735871  2.554146E-18
4891.19238734246  5.753970E-19
4894.02892732621  7.728100E-20
4896.86546730996  1.088289E-18
4899.70200729371  4.934750E-18
4902.53854727746  4.936077E-18
4905.3750872612  4.402268E-18
4908.21162724495  1.966460E-18
4911.0481672287  1.948879E-18
4913.88470721245  2.084139E-18
4916.7212471962  1.931623E-18
4919.55778717995  2.710102E-18
4922.3943271637  4.293800E-18
4925.23086714745  4.835129E-18
4928.0674071312  2.593084E-18
4930.90394711495  1.991188E-18
4933.7404870987  4.819202E-18
4936.57702708245  3.603198E-18
4939.4135670662  1.641732E-18
4942.25010704995  3.569006E-18
4945.0866470337  4.831203E-18
4947.92318701745  3.011352E-18
4950.75972700119  2.505748E-18
4953.59626698494  2.437091E-18
4956.43280696869  4.082814E-18
4959.26934695244  4.350628E-18
4962.10588693619  3.359362E-18
4964.94242691994  4.851152E-18
4967.77896690369  5.932779E-18
4970.61550688744  4.571477E-18
4973.45204687119  2.604786E-18
4976.28858685494  3.990495E-18
4979.12512683869  4.712578E-18
4981.96166682244  4.402231E-18
4984.79820680619  4.371081E-18
4987.63474678994  7.875886E-19
4990.47128677369  1.297356E-17
4993.30782675744  9.895411E-17
4996.14436674119  9.131148E-17
4998.98090672494  2.685522E-17
5001.81744670868  1.280246E-17
5004.65398669243  8.074898E-19
5007.49052667618  6.244360E-18
5010.32706665993  2.059784E-18
5013.16360664368  3.258212E-18
5016.00014662743  3.225340E-18
5018.83668661118  1.506435E-18
5021.67322659493  3.206495E-18
5024.50976657868  2.014558E-18
5027.34630656243  2.216340E-18
5030.18284654618  1.537982E-18
5033.01938652993  2.419189E-18
5035.85592651368  3.557596E-18
5038.69246649743  3.086820E-18
5041.52900648118  -5.805251E-19
5044.36554646493  4.008926E-18
5047.20208644868  3.140789E-18
5050.03862643242  4.231700E-18
5052.87516641617  4.164878E-18
5055.71170639992  2.508165E-18
5058.54824638367  9.449851E-19
5061.38478636742  2.616228E-18
5064.22132635117  3.949147E-18
5067.05786633492  2.376468E-18
5069.89440631867  1.863275E-18
5072.73094630242  1.729550E-18
5075.56748628617  1.871189E-18
5078.40402626992  2.772097E-18
5081.24056625367  9.281862E-18
5084.07710623742  4.003298E-17
5086.91364622117  8.596938E-17
5089.75018620492  7.046707E-17
5092.58672618867  7.713216E-17
5095.42326617241  6.637274E-17
5098.25980615616  6.971582E-17
5101.09634613991  9.014522E-17
5103.93288612366  8.047855E-17
5106.76942610741  7.621393E-17
5109.60596609116  4.430257E-17
5112.44250607491  6.377159E-17
5115.27904605866  5.185106E-17
5118.11558604241  2.051070E-17
5120.95212602616  2.496687E-18
5123.78866600991  4.809678E-18
5126.62520599366  5.602244E-18
5129.46174597741  5.057584E-18
5132.29828596116  4.788543E-18
5135.13482594491  4.316374E-18
5137.97136592866  5.006396E-18
5140.80790591241  5.225503E-18
5143.64444589616  5.744514E-18
5146.4809858799  4.259526E-18
5149.31752586365  2.794086E-18
5152.1540658474  2.584948E-18
5154.99060583115  3.241127E-18
5157.8271458149  3.060660E-18
5160.66368579865  4.818707E-18
5163.5002257824  3.987309E-18
5166.33676576615  2.825566E-18
5169.1733057499  4.014606E-18
5172.00984573365  4.636144E-18
5174.8463857174  2.952412E-18
5177.68292570115  3.085300E-18
5180.5194656849  2.960030E-18
5183.35600566865  2.646344E-18
5186.1925456524  4.454477E-18
5189.02908563615  4.329853E-18
5191.86562561989  4.659075E-18
5194.70216560364  8.083934E-18
5197.53870558739  3.694019E-18
5200.37524557114  5.718042E-18
5203.21178555489  4.648791E-18
5206.04832553864  3.969787E-18
5208.88486552239  4.270026E-18
5211.72140550614  4.129773E-18
5214.55794548989  2.420411E-18
5217.39448547364  5.510620E-18
5220.23102545739  4.073001E-18
5223.06756544114  5.336504E-18
5225.90410542489  4.133654E-18
5228.74064540864  3.031529E-18
5231.57718539239  7.684475E-18
5234.41372537614  4.535875E-18
5237.25026535988  6.215564E-18
5240.08680534363  3.065413E-18
5242.92334532738  4.098238E-18
5245.75988531113  1.674545E-18
5248.59642529488  5.257301E-18
5251.43296527863  4.200186E-18
5254.26950526238  5.309874E-18
5257.10604524613  3.779865E-18
5259.94258522988  5.738272E-18
5262.77912521363  4.842293E-18
5265.61566519738  6.969979E-18
5268.45220518113  3.922378E-18
5271.28874516488  4.500007E-18
5274.12528514863  2.967357E-18
5276.96182513238  4.174891E-18
5279.79836511612  6.182044E-18
5282.63490509987  5.446399E-18
5285.47144508363  4.345010E-18
5288.30798506737  6.002848E-18
5291.14452505112  4.667051E-18
5293.98106503487  2.698832E-18
5296.81760501862  3.063924E-18
5299.65414500237  4.760265E-18
5302.49068498612  4.553361E-18
5305.32722496987  4.411120E-18
5308.16376495362  6.292338E-18
5311.00030493737  5.251977E-18
5313.83684492112  4.519259E-18
5316.67338490487  5.902721E-18
5319.50992488862  6.433094E-18
5322.34646487237  4.263591E-18
5325.18300485611  5.424215E-18
5328.01954483987  6.563124E-18
5330.85608482361  5.836195E-18
5333.69262480736  4.148134E-18
5336.52916479111  5.657650E-18
5339.36570477486  5.430571E-18
5342.20224475861  5.225197E-18
5345.03878474236  6.142373E-18
5347.87532472611  5.862863E-18
5350.71186470986  5.091249E-18
5353.54840469361  4.438311E-18
5356.38494467736  5.086088E-18
5359.22148466111  5.393058E-18
5362.05802464486  3.613918E-18
5364.89456462861  4.120560E-18
5367.73110461236  5.777744E-18
5370.56764459611  5.400332E-18
5373.40418457986  5.307302E-18
5376.2407245636  4.416428E-18
5379.07726454735  4.691309E-18
5381.9138045311  5.472749E-18
5384.75034451485  5.802771E-18
5387.5868844986  5.841856E-18
5390.42342448235  6.631175E-18
5393.2599644661  5.326438E-18
5396.09650444985  3.650903E-18
5398.9330444336  3.245510E-18
5401.76958441735  5.650159E-18
5404.6061244011  6.720941E-18
5407.44266438485  4.300622E-18
5410.2792043686  4.178566E-18
5413.11574435235  3.492128E-18
5415.9522843361  3.157379E-18
5418.78882431985  1.998437E-18
5421.62536430359  4.058759E-18
5424.46190428734  3.344445E-18
5427.29844427109  6.913161E-18
5430.13498425484  4.142954E-18
5432.97152423859  3.940503E-18
5435.80806422234  3.333776E-18
5438.64460420609  4.535629E-18
5441.48114418984  4.904260E-18
5444.31768417359  3.074515E-18
5447.15422415734  6.346267E-18
5449.99076414109  6.845844E-18
5452.82730412484  3.726500E-18
5455.66384410859  4.571222E-18
5458.50038409234  6.434706E-18
5461.33692407609  7.002202E-18
5464.17346405984  7.273083E-18
5467.01000404358  8.184243E-18
5469.84654402734  3.878994E-18
5472.68308401108  4.215925E-18
5475.51962399483  8.356686E-18
5478.35616397858  8.437949E-18
5481.19270396233  5.824759E-18
5484.02924394608  3.482554E-18
5486.86578392983  3.640219E-18
5489.70232391358  5.927051E-18
5492.53886389733  5.300185E-18
5495.37540388108  5.448623E-18
5498.21194386483  6.418044E-18
5501.04848384858  6.033084E-18
5503.88502383233  3.633469E-18
5506.72156381608  6.836632E-18
5509.55810379983  8.691991E-18
5512.39464378358  7.782191E-18
5515.23118376733  6.478770E-18
5518.06772375107  6.985245E-18
5520.90426373482  5.712332E-18
5523.74080371857  6.378766E-18
5526.57734370232  5.014014E-18
5529.41388368607  4.497012E-18
5532.25042366982  5.078616E-18
5535.08696365357  5.484739E-18
5537.92350363732  6.217184E-18
5540.76004362107  7.038717E-18
5543.59658360482  4.954351E-18
5546.43312358857  5.140197E-18
5549.26966357232  7.356733E-18
5552.10620355607  5.822353E-18
5554.94274353982  5.114039E-18
5557.77928352357  3.356116E-18
5560.61582350732  7.051385E-18
5563.45236349107  -2.310702E-17
5566.28890347481  -1.150774E-17
5569.12544345856  1.650361E-18
5571.96198344231  8.262983E-18
5574.79852342606  1.394474E-18
5577.63506340981  4.844040E-18
5580.47160339356  1.048033E-17
5583.30814337731  8.416820E-18
5586.14468336106  8.163337E-18
5588.98122334481  1.461108E-17
5591.81776332856  4.117801E-17
5594.65430331231  1.349590E-17
5597.49084329606  -2.806098E-19
5600.32738327981  5.809506E-18
5603.16392326356  4.623859E-18
5606.00046324731  5.034908E-18
5608.83700323106  4.954609E-18
5611.67354321481  5.809635E-18
5614.51008319856  5.300770E-18
5617.3466231823  4.819088E-18
5620.18316316605  5.372096E-18
5623.0197031498  3.924014E-18
5625.85624313355  5.845039E-18
5628.6927831173  6.636943E-18
5631.52932310105  3.634919E-18
5634.3658630848  4.361824E-18
5637.20240306855  5.202466E-18
5640.0389430523  6.325079E-18
5642.87548303605  6.794456E-18
5645.7120230198  6.199770E-18
5648.54856300355  5.452170E-18
5651.3851029873  6.508637E-18
5654.22164297105  5.396877E-18
5657.0581829548  4.667880E-18
5659.89472293854  5.556113E-18
5662.73126292229  5.693611E-18
5665.56780290604  3.670047E-18
5668.40434288979  3.936534E-18
5671.24088287354  5.523270E-18
5674.07742285729  3.214569E-18
5676.91396284104  6.896557E-18
5679.75050282479  7.055634E-17
5682.58704280854  1.186303E-16
5685.42358279229  4.940144E-17
5688.26012277604  -9.039137E-19
5691.09666275979  2.798970E-18
5693.93320274354  4.144016E-18
5696.76974272729  5.292886E-18
5699.60628271104  5.656718E-18
5702.44282269478  4.361746E-18
5705.27936267854  4.031581E-18
5708.11590266228  3.794456E-18
5710.95244264603  4.872591E-18
5713.78898262978  4.277754E-18
5716.62552261353  2.650910E-18
5719.46206259728  2.419054E-18
5722.29860258103  5.465009E-18
5725.13514256478  5.739973E-18
5727.97168254853  5.459143E-18
5730.80822253228  5.672643E-18
5733.64476251603  5.371635E-18
5736.48130249978  4.017493E-18
5739.31784248353  5.406794E-18
5742.15438246728  5.298448E-18
5744.99092245103  5.065269E-18
5747.82746243478  5.826008E-18
5750.66400241852  5.444785E-18
5753.50054240227  5.384156E-18
5756.33708238602  5.550982E-18
5759.17362236977  5.416904E-18
5762.01016235352  5.767758E-18
5764.84670233727  6.556761E-18
5767.68324232102  6.269049E-18
5770.51978230477  5.895333E-18
5773.35632228852  5.462976E-18
5776.19286227227  5.657188E-18
5779.02940225602  5.097034E-18
5781.86594223977  3.443742E-18
5784.70248222352  6.045687E-18
5787.53902220727  4.918078E-18
5790.37556219102  3.714779E-18
5793.21210217477  5.700773E-18
5796.04864215852  5.142336E-18
5798.88518214226  6.503775E-18
5801.72172212601  5.954077E-18
5804.55826210976  5.463651E-18
5807.39480209351  6.574087E-18
5810.23134207726  7.292950E-18
5813.06788206101  9.045645E-18
5815.90442204476  8.200362E-18
5818.74096202851  6.988245E-18
5821.57750201226  7.042237E-18
5824.41404199601  6.811499E-18
5827.25058197976  7.586491E-18
5830.08712196351  8.767870E-18
5832.92366194726  7.195212E-18
5835.76020193101  5.832121E-18
5838.59674191475  6.083004E-18
5841.43328189851  7.171553E-18
5844.26982188225  6.926195E-18
5847.106361866  7.906015E-18
5849.94290184975  5.772695E-18
5852.7794418335  4.492207E-18
5855.61598181725  6.182835E-18
5858.452521801  5.589156E-18
5861.28906178475  5.319606E-18
5864.1256017685  6.496028E-18
5866.96214175225  6.457346E-18
5869.798681736  6.769086E-18
5872.63522171975  7.214813E-18
5875.4717617035  -2.115144E-18
5878.30830168725  1.078966E-17
5881.144841671  -2.524402E-19
5883.98138165475  5.008379E-18
5886.8179216385  7.305487E-18
5889.65446162225  6.294437E-18
5892.49100160599  8.562251E-18
5895.32754158974  7.590304E-18
5898.16408157349  3.769518E-18
5901.00062155724  9.481451E-18
5903.83716154099  1.270486E-17
5906.67370152474  1.111988E-17
5909.51024150849  1.216444E-17
5912.34678149224  5.724908E-18
5915.18332147599  7.726630E-18
5918.01986145974  5.384123E-18
5920.85640144349  6.155845E-18
5923.69294142724  1.581074E-17
5926.52948141099  4.401651E-17
5929.36602139474  3.865687E-18
5932.20256137849  7.734935E-18
5935.03910136223  8.232014E-18
5937.87564134598  6.110519E-18
5940.71218132973  5.503673E-18
5943.54872131348  9.780669E-18
5946.38526129723  8.412884E-18
5949.22180128098  6.420387E-18
5952.05834126473  6.377038E-18
5954.89488124848  7.115649E-18
5957.73142123223  7.254342E-18
5960.56796121598  8.672662E-18
5963.40450119973  9.096345E-18
5966.24104118348  1.014759E-17
5969.07758116723  7.157639E-18
5971.91412115098  6.812578E-18
5974.75066113473  7.435504E-18
5977.58720111848  9.169810E-18
5980.42374110222  7.655071E-18
5983.26028108598  7.034933E-18
5986.09682106972  6.294024E-18
5988.93336105347  1.090489E-17
5991.76990103722  6.439090E-17
5994.60644102097  9.834542E-17
5997.44298100472  -5.149973E-18
6000.27952098847  9.710530E-18
6003.11606097222  5.717441E-18
6005.95260095597  4.926403E-18
6008.78914093972  6.485014E-18
6011.62568092347  6.178436E-18
6014.46222090722  6.067771E-18
6017.29876089097  7.825708E-18
6020.13530087472  6.275715E-18
6022.97184085847  5.423832E-18
6025.80838084222  6.554812E-18
6028.64492082597  5.787963E-18
6031.48146080971  5.328647E-18
6034.31800079346  6.713589E-18
6037.15454077721  5.915757E-18
6039.99108076096  6.435749E-18
6042.82762074471  7.203512E-18
6045.66416072846  7.017911E-18
6048.50070071221  6.535943E-18
6051.33724069596  5.996911E-18
6054.17378067971  5.758718E-18
6057.01032066346  5.321074E-18
6059.84686064721  5.766635E-18
6062.68340063096  7.181716E-18
6065.51994061471  7.174362E-18
6068.35648059846  7.565129E-18
6071.19302058221  6.650839E-18
6074.02956056595  5.826229E-18
6076.8661005497  5.153443E-18
6079.70264053345  5.149437E-18
6082.5391805172  5.027732E-18
6085.37572050095  6.252008E-18
6088.2122604847  7.251993E-18
6091.04880046845  6.552571E-18
6093.8853404522  5.041019E-18
6096.72188043595  5.922210E-18
6099.5584204197  6.503406E-18
6102.39496040345  4.306215E-18
6105.2315003872  5.144384E-18
6108.06804037095  6.955539E-18
6110.9045803547  5.326094E-18
6113.74112033845  3.823204E-18
6116.5776603222  4.710938E-18
6119.41420030595  5.376938E-18
6122.2507402897  5.677611E-18
6125.08728027345  6.212725E-18
6127.9238202572  6.038578E-18
6130.76036024094  4.859540E-18
6133.59690022469  5.685154E-18
6136.43344020844  5.208482E-18
6139.26998019219  4.529829E-18
6142.10652017594  5.650604E-18
6144.94306015969  6.491673E-18
6147.77960014344  7.184808E-18
6150.61614012719  7.032109E-18
6153.45268011094  6.317631E-18
6156.28922009469  5.334506E-18
6159.12576007844  5.297066E-18
6161.96230006219  5.694649E-18
6164.79884004594  5.866132E-18
6167.63538002969  8.685107E-18
6170.47192001344  2.219969E-17
6173.30845999718  2.585250E-17
6176.14499998093  7.670775E-18
6178.98153996468  6.009866E-18
6181.81807994843  8.063486E-18
6184.65461993218  6.503160E-18
6187.49115991593  5.790827E-18
6190.32769989968  5.378946E-18
6193.16423988343  6.438087E-18
6196.00077986718  6.686092E-18
6198.83731985093  6.409077E-18
6201.67385983468  7.032633E-18
6204.51039981843  7.420789E-18
6207.34693980218  6.845948E-18
6210.18347978593  5.995872E-18
6213.02001976968  5.578971E-18
6215.85655975343  6.870284E-18
6218.69309973718  6.529295E-18
6221.52963972092  7.145705E-18
6224.36617970467  2.103371E-17
6227.20271968842  1.958969E-17
6230.03925967217  5.668091E-18
6232.87579965592  8.872001E-18
6235.71233963967  8.276905E-18
6238.54887962342  6.811012E-18
6241.38541960717  6.740699E-18
6244.22195959092  6.180628E-18
6247.05849957467  7.232313E-18
6249.89503955842  7.759034E-18
6252.73157954217  7.104855E-18
6255.56811952592  6.711712E-18
6258.40465950967  7.270305E-18
6261.24119949342  7.708195E-18
6264.07773947716  6.341194E-18
6266.91427946091  4.469128E-18
6269.75081944466  6.772316E-18
6272.58735942841  6.319516E-18
6275.42389941216  4.020127E-18
6278.26043939591  5.248200E-18
6281.09697937966  5.857486E-18
6283.93351936341  3.895223E-18
6286.77005934716  -2.447987E-19
6289.60659933091  6.190484E-18
6292.44313931466  6.285175E-18
6295.27967929841  7.404650E-18
6298.11621928216  9.092727E-18
6300.95275926591  9.121058E-18
6303.78929924966  9.059735E-18
6306.62583923341  1.147691E-17
6309.46237921716  6.173807E-18
6312.29891920091  1.285157E-17
6315.13545918465  1.194961E-17
6317.9719991684  7.007106E-18
6320.80853915215  8.718408E-18
6323.6450791359  6.750733E-18
6326.48161911965  8.445747E-18
6329.3181591034  7.634507E-18
6332.15469908715  7.232778E-18
6334.9912390709  5.963915E-18
6337.82777905465  4.213180E-18
6340.6643190384  7.652500E-18
6343.50085902215  8.814400E-18
6346.3373990059  7.637219E-18
6349.17393898965  5.159497E-18
6352.0104789734  6.388207E-18
6354.84701895715  8.962791E-18
6357.6835589409  7.384422E-18
6360.52009892464  7.182114E-18
6363.35663890839  8.694546E-18
6366.19317889214  9.267812E-18
6369.02971887589  9.932675E-18
6371.86625885964  7.854690E-18
6374.70279884339  9.097712E-18
6377.53933882714  1.105472E-17
6380.37587881089  9.498415E-18
6383.21241879464  1.005632E-17
6386.04895877839  9.909812E-18
6388.88549876214  9.381909E-18
6391.72203874589  9.572376E-18
6394.55857872964  9.935012E-18
6397.39511871339  1.057587E-17
6400.23165869714  1.037269E-17
6403.06819868089  1.002272E-17
6405.90473866463  1.067210E-17
6408.74127864838  1.019937E-17
6411.57781863213  1.071736E-17
6414.41435861588  1.016108E-17
6417.25089859963  9.735381E-18
6420.08743858338  1.044303E-17
6422.92397856713  1.115224E-17
6425.76051855088  1.050412E-17
6428.59705853463  1.150409E-17
6431.43359851838  1.109349E-17
6434.27013850213  9.778158E-18
6437.10667848588  1.038866E-17
6439.94321846963  1.114371E-17
6442.77975845338  1.072123E-17
6445.61629843713  1.034369E-17
6448.45283842088  1.123524E-17
6451.28937840462  1.185831E-17
6454.12591838837  1.231347E-17
6456.96245837212  1.012137E-17
6459.79899835587  1.120331E-17
6462.63553833962  1.242380E-17
6465.47207832337  1.108102E-17
6468.30861830712  1.073065E-17
6471.14515829087  1.015934E-17
6473.98169827462  1.089843E-17
6476.81823825837  1.089868E-17
6479.65477824212  1.197089E-17
6482.49131822587  1.212398E-17
6485.32785820962  1.126328E-17
6488.16439819337  1.121556E-17
6491.00093817712  9.142216E-18
6493.83747816086  1.119001E-17
6496.67401814462  1.233588E-17
6499.51055812836  1.284318E-17
6502.34709811211  1.317900E-17
6505.18363809586  1.312312E-17
6508.02017807961  1.275395E-17
6510.85671806336  1.401875E-17
6513.69325804711  1.217688E-17
6516.52979803086  1.197361E-17
6519.36633801461  1.171630E-17
6522.20287799836  1.272260E-17
6525.03941798211  1.048627E-17
6527.87595796586  3.506088E-17
6530.71249794961  2.946450E-17
6533.54903793336  1.270634E-17
6536.38557791711  1.285921E-17
6539.22211790086  1.217819E-17
6542.05865788461  1.484266E-17
6544.89519786836  1.426180E-17
6547.7317378521  1.218492E-17
6550.56827783585  1.254104E-17
6553.4048178196  1.378577E-17
6556.24135780335  1.340758E-17
6559.0778977871  1.245811E-17
6561.91443777085  1.558333E-17
6564.7509777546  1.222596E-17
6567.58751773835  1.120188E-17
6570.4240577221  1.640723E-17
6573.26059770585  1.469785E-17
6576.0971376896  1.356456E-17
6578.93367767335  1.273798E-17
6581.7702176571  1.393109E-17
6584.60675764085  1.391045E-17
6587.4432976246  1.279940E-17
6590.27983760834  1.456781E-17
6593.11637759209  1.230174E-17
6595.95291757584  1.395704E-17
6598.78945755959  1.267642E-17
6601.62599754334  1.480137E-17
6604.46253752709  1.359370E-17
6607.29907751084  1.194382E-17
6610.13561749459  1.312931E-17
6612.97215747834  1.391889E-17
6615.80869746209  1.256622E-17
6618.64523744584  1.324878E-17
6621.48177742959  1.199694E-17
6624.31831741334  1.215796E-17
6627.15485739709  1.233302E-17
6629.99139738084  1.312684E-17
6632.82793736459  1.278049E-17
6635.66447734833  1.127115E-17
6638.50101733209  1.096669E-17
6641.33755731583  1.205615E-17
6644.17409729958  1.216270E-17
6647.01063728333  1.139745E-17
6649.84717726708  1.153823E-17
6652.68371725083  1.295504E-17
6655.52025723458  1.331582E-17
6658.35679721833  1.307335E-17
6661.19333720208  1.254541E-17
6664.02987718583  1.181842E-17
6666.86641716958  1.097463E-17
6669.70295715333  1.304252E-17
6672.53949713708  1.138118E-17
6675.37603712083  1.002272E-17
6678.21257710458  1.180081E-17
6681.04911708833  2.486648E-17
6683.88565707208  4.636402E-17
6686.72219705582  2.048014E-17
6689.55873703957  1.025266E-17
6692.39527702332  1.153166E-17
6695.23181700707  1.121275E-17
6698.06835699082  1.018336E-17
6700.90489697457  1.042475E-17
6703.74143695832  1.063695E-17
6706.57797694207  1.115035E-17
6709.41451692582  1.087924E-17
6712.25105690957  1.173801E-17
6715.08759689332  1.165200E-17
6717.92413687707  1.113841E-17
6720.76067686082  1.071830E-17
6723.59721684457  1.013431E-17
6726.43375682832  7.665098E-18
6729.27029681207  1.172849E-17
6732.10683679582  1.156098E-17
6734.94337677956  1.150012E-17
6737.77991676331  1.059509E-17
6740.61645674706  1.010072E-17
6743.45299673081  1.081985E-17
6746.28953671456  1.039786E-17
6749.12607669831  1.020793E-17
6751.96261668206  1.040335E-17
6754.79915666581  1.124091E-17
6757.63569664956  9.098239E-18
6760.47223663331  9.623244E-18
6763.30877661706  1.027585E-17
6766.14531660081  8.401123E-18
6768.98185658456  8.968856E-18
6771.81839656831  9.827030E-18
6774.65493655206  9.147713E-18
6777.49147653581  9.923380E-18
6780.32801651956  8.677592E-18
6783.1645565033  9.527436E-18
6786.00109648705  8.711885E-18
6788.8376364708  8.965332E-18
6791.67417645455  9.344370E-18
6794.5107164383  8.465758E-18
6797.34725642205  9.353972E-18
6800.1837964058  8.860779E-18
6803.02033638955  9.057040E-18
6805.8568763733  8.437081E-18
6808.69341635705  9.477041E-18
6811.5299563408  5.668414E-18
6814.36649632455  9.423731E-18
6817.2030363083  6.476337E-18
6820.03957629205  8.457492E-18
6822.8761162758  8.325771E-18
6825.71265625955  1.768328E-17
6828.54919624329  7.398184E-18
6831.38573622704  7.163700E-18
6834.22227621079  7.105381E-18
6837.05881619454  9.719789E-18
6839.89535617829  7.341579E-18
6842.73189616204  8.034243E-18
6845.56843614579  6.566191E-18
6848.40497612954  6.260220E-18
6851.24151611329  8.774380E-18
6854.07805609704  7.053394E-18
6856.91459608079  8.596759E-18
6859.75113606454  6.663142E-18
6862.58767604829  8.084040E-18
6865.42421603204  5.618353E-18
6868.26075601579  6.538457E-18
6871.09729599954  6.001096E-18
6873.93383598329  1.237158E-17
6876.77037596703  5.852074E-18
6879.60691595078  8.358158E-18
6882.44345593453  9.650194E-18
6885.27999591828  8.835635E-18
6888.11653590203  8.338542E-18
6890.95307588578  7.199042E-18
6893.78961586953  8.538157E-18
6896.62615585328  6.905736E-18
6899.46269583703  8.143891E-18
6902.29923582078  8.583919E-18
6905.13577580453  9.384263E-18
6907.97231578828  8.806176E-18
6910.80885577203  9.433467E-18
6913.64539575578  8.880183E-18
6916.48193573953  9.845156E-18
6919.31847572328  8.197421E-18
6922.15501570702  9.043059E-18
6924.99155569077  8.329008E-18
6927.82809567452  7.933292E-18
6930.66463565827  8.221242E-18
6933.50117564202  1.218913E-17
6936.33771562577  8.317909E-18
6939.17425560952  9.288792E-18
6942.01079559327  9.307612E-18
6944.84733557702  8.999286E-18
6947.68387556077  9.129168E-18
6950.52041554452  9.336221E-18
6953.35695552827  9.576339E-18
6956.19349551202  8.636889E-18
6959.03003549577  1.288688E-17
6961.86657547952  8.450589E-18
6964.70311546326  1.266469E-17
6967.53965544702  1.051181E-17
6970.37619543076  1.011874E-17
6973.21273541451  9.933034E-18
6976.04927539826  9.383540E-18
6978.88581538201  1.178296E-17
6981.72235536576  1.010598E-17
6984.55889534951  1.185456E-17
6987.39543533326  1.225469E-17
6990.23197531701  9.948511E-18
6993.06851530076  1.021647E-17
6995.90505528451  8.614691E-18
6998.74159526826  1.033239E-17
7001.57813525201  1.008766E-17
7004.41467523576  1.072075E-17
7007.25121521951  1.225151E-17
7010.08775520326  1.122202E-17
7012.92429518701  9.528947E-18
7015.76083517076  1.061301E-17
7018.5973751545  1.054142E-17
7021.43391513825  1.248558E-17
7024.270455122  1.087808E-17
7027.10699510575  1.056668E-17
7029.9435350895  1.019781E-17
7032.78007507325  9.412913E-18
7035.616615057  9.244608E-18
7038.45315504075  1.106922E-17
7041.2896950245  1.155734E-17
7044.12623500825  1.012115E-17
7046.962774992  1.018732E-17
7049.79931497575  1.112934E-17
7052.6358549595  1.013127E-17
7055.47239494325  9.400025E-18
7058.308934927  1.088762E-17
7061.14547491074  9.799625E-18
7063.98201489449  1.010763E-17
7066.81855487824  1.035787E-17
7069.65509486199  1.046246E-17
7072.49163484574  1.131378E-17
7075.32817482949  1.079631E-17
7078.16471481324  9.192046E-18
7081.00125479699  9.526107E-18
7083.83779478074  9.706266E-18
7086.67433476449  8.531094E-18
7089.51087474824  1.079905E-17
7092.34741473199  1.256824E-17
7095.18395471574  1.106656E-17
7098.02049469949  9.450200E-18
7100.85703468324  9.185535E-18
7103.69357466699  1.020848E-17
7106.53011465073  1.026816E-17
7109.36665463449  9.498690E-18
7112.20319461823  1.053561E-17
7115.03973460198  8.367995E-18
7117.87627458573  9.297925E-18
7120.71281456948  9.868626E-18
7123.54935455323  1.043231E-17
7126.38589453698  1.002094E-17
7129.22243452073  8.826911E-18
7132.05897450448  1.015956E-17
7134.89551448823  1.102614E-17
7137.73205447198  1.122836E-17
7140.56859445573  1.170927E-17
7143.40513443948  1.128901E-17
7146.24167442323  1.304607E-17
7149.07821440698  1.308380E-17
7151.91475439073  1.181956E-17
7154.75129437448  1.150525E-17
7157.58783435822  1.043309E-17
7160.42437434197  9.404953E-18
7163.26091432572  1.204801E-17
7166.09745430947  1.201499E-17
7168.93399429322  1.011169E-17
7171.77053427697  9.655129E-18
7174.60707426072  9.580781E-18
7177.44361424447  9.337988E-18
7180.28015422822  1.114483E-17
7183.11669421197  1.128058E-17
7185.95323419572  1.093329E-17
7188.78977417947  1.210806E-17
7191.62631416322  1.244792E-17
7194.46285414697  1.240714E-17
7197.29939413072  1.195462E-17
7200.13593411447  1.127401E-17
7202.97247409821  1.198332E-17
7205.80901408196  1.240149E-17
7208.64555406571  1.268162E-17
7211.48209404946  1.259786E-17
7214.31863403321  1.098172E-17
7217.15517401696  1.197271E-17
7219.99171400071  1.268280E-17
7222.82825398446  1.086655E-17
7225.66479396821  1.314990E-17
7228.50133395196  7.915214E-18
7231.33787393571  1.467676E-17
7234.17441391946  1.424030E-17
7237.01095390321  1.241786E-17
7239.84749388696  1.362761E-17
7242.68403387071  1.255133E-17
7245.52057385446  1.162495E-17
7248.3571138382  1.490050E-17
7251.19365382196  1.485078E-17
7254.0301938057  1.421043E-17
7256.86673378945  1.347400E-17
7259.7032737732  8.821545E-18
7262.53981375695  1.611615E-17
7265.3763537407  1.063984E-17
7268.21289372445  1.239191E-17
7271.0494337082  2.218310E-17
7273.88597369195  2.200753E-17
7276.7225136757  9.606769E-18
7279.55905365945  1.136420E-17
7282.3955936432  1.336797E-17
7285.23213362695  1.566102E-17
7288.0686736107  1.158081E-17
7290.90521359445  1.454089E-17
7293.7417535782  1.322917E-17
7296.57829356195  9.947859E-18
7299.41483354569  8.784815E-18
7302.25137352944  1.397229E-17
7305.08791351319  1.138185E-17
7307.92445349694  9.283972E-18
7310.76099348069  9.296004E-18
7313.59753346444  1.130299E-17
7316.43407344819  1.184457E-17
7319.27061343194  1.372472E-17
7322.10715341569  1.317845E-17
7324.94369339944  1.042560E-17
7327.78023338319  1.513849E-17
7330.61677336694  1.112328E-17
7333.45331335069  1.403614E-17
7336.28985333444  1.384603E-17
7339.12639331819  1.422949E-17
7341.96293330193  1.043553E-17
7344.79947328569  1.102594E-17
7347.63601326943  1.254972E-17
7350.47255325318  1.578842E-17
7353.30909323693  4.314857E-18
7356.14563322068  1.369628E-17
7358.98217320443  1.156974E-17
7361.81871318818  1.174956E-17
7364.65525317193  1.015372E-17
7367.49179315568  1.200030E-17
7370.32833313943  1.147316E-17
7373.16487312318  1.145609E-17
7376.00141310693  1.028525E-17
7378.83795309068  1.246053E-17
7381.67449307443  7.762110E-18
7384.51103305818  1.012867E-17
7387.34757304193  1.009221E-17
7390.18411302567  1.055321E-17
7393.02065300943  1.122569E-17
7395.85719299317  9.313081E-18
7398.69373297692  1.044446E-17
7401.53027296067  1.135658E-17
7404.36681294442  1.032153E-17
7407.20335292817  1.052541E-17
7410.03989291192  1.016735E-17
7412.87643289567  9.299810E-18
7415.71297287942  9.888666E-18
7418.54951286317  1.080901E-17
7421.38605284692  9.574707E-18
7424.22259283067  1.045350E-17
7427.05913281442  1.029162E-17
7429.89567279817  1.088929E-17
7432.73221278191  1.115891E-17
7435.56875276566  1.070745E-17
7438.40529274941  9.823915E-18
7441.24183273316  8.969252E-18
7444.07837271691  9.551005E-18
7446.91491270066  9.608436E-18
7449.75145268441  1.061646E-17
7452.58799266816  1.090127E-17
7455.42453265191  8.816654E-18
7458.26107263566  8.635829E-18
7461.09761261941  8.980023E-18
7463.93415260316  7.616396E-18
7466.77069258691  6.783963E-18
7469.60723257066  7.918635E-18
7472.44377255441  8.676019E-18
7475.28031253816  9.504567E-18
7478.1168525219  8.192996E-18
7480.95339250566  9.793835E-18
7483.7899324894  9.288081E-18
7486.62647247315  1.035432E-17
7489.4630124569  7.315707E-18
7492.29955244065  2.214545E-17
7495.1360924244  6.769051E-17
7497.97263240815  6.034783E-17
7500.8091723919  1.627653E-17
7503.64571237565  1.019398E-17
7506.4822523594  8.313489E-18
7509.31879234315  8.073212E-18
7512.1553323269  7.763323E-18
7514.99187231065  8.245436E-18
7517.8284122944  8.254214E-18
7520.66495227815  8.331193E-18
7523.5014922619  8.259513E-18
7526.33803224565  9.852837E-18
7529.17457222939  6.767819E-18
7532.01111221314  9.062183E-18
7534.84765219689  1.084743E-17
7537.68419218064  8.458682E-18
7540.52073216439  1.077726E-17
7543.35727214814  9.530116E-18
7546.19381213189  7.345552E-18
7549.03035211564  8.343364E-18
7551.86689209939  8.503114E-18
7554.70343208314  6.853611E-18
7557.53997206689  7.228101E-18
7560.37651205064  7.525570E-18
7563.21305203439  9.059465E-18
7566.04959201814  1.068601E-17
7568.88613200189  1.034985E-17
7571.72267198564  9.637875E-18
7574.55921196938  1.008347E-17
7577.39575195313  1.024830E-17
7580.23229193688  7.470707E-18
7583.06883192063  5.930612E-18
7585.90537190438  6.491519E-18
7588.74191188813  6.395093E-18
7591.57845187188  5.733740E-18
7594.41499185563  4.520736E-18
7597.25153183938  3.737329E-18
7600.08807182313  4.067393E-18
7602.92461180688  4.618901E-18
7605.76115179063  4.856540E-18
7608.59769177438  4.108331E-18
7611.43423175813  4.345793E-18
7614.27077174188  7.301525E-18
7617.10731172563  7.783832E-18
7619.94385170937  7.164780E-18
7622.78039169313  5.502434E-18
7625.61693167687  6.795199E-18
7628.45347166062  7.278520E-18
7631.29001164437  6.901605E-18
7634.12655162812  6.122250E-18
7636.96309161187  6.747092E-18
7639.79963159562  7.697237E-18
7642.63617157937  9.321237E-18
7645.47271156312  8.542251E-18
7648.30925154687  7.616979E-18
7651.14579153062  8.342628E-18
7653.98233151437  9.527227E-18
7656.81887149812  1.024250E-17
7659.65541148187  9.936784E-18
7662.49195146562  8.656946E-18
7665.32849144937  7.830795E-18
7668.16503143312  8.226007E-18
7671.00157141686  8.931195E-18
7673.83811140061  9.876443E-18
7676.67465138436  9.240005E-18
7679.51119136811  9.439506E-18
7682.34773135186  9.453824E-18
7685.18427133561  1.026124E-17
7688.02081131936  8.835075E-18
7690.85735130311  1.244510E-17
7693.69389128686  1.006838E-17
7696.53043127061  1.151935E-17
7699.36697125436  1.194410E-17
7702.20351123811  7.873752E-18
7705.04005122186  9.514810E-18
7707.87659120561  9.659903E-18
7710.71313118936  9.255773E-18
7713.54967117311  1.187459E-17
7716.38621115685  9.971082E-18
7719.2227511406  1.112524E-17
7722.05929112435  6.730957E-18
7724.8958311081  9.067169E-18
7727.73237109185  1.161775E-17
7730.5689110756  9.868119E-18
7733.40545105935  1.434660E-17
7736.2419910431  1.098967E-17
7739.07853102685  1.170956E-17
7741.9150710106  1.170075E-17
7744.75161099435  9.582102E-18
7747.5881509781  1.103910E-17
7750.42469096185  8.382149E-18
7753.2612309456  1.259674E-17
7756.09777092935  7.990119E-18
7758.9343109131  1.002142E-17
7761.77085089684  1.397144E-17
7764.6073908806  7.328923E-18
7767.44393086434  1.073856E-17
7770.28047084809  9.564688E-18
7773.11701083184  1.258934E-17
7775.95355081559  1.297013E-17
7778.79009079934  8.237048E-18
7781.62663078309  8.036809E-18
7784.46317076684  5.832604E-18
7787.29971075059  9.951031E-18
7790.13625073434  8.497533E-18
7792.97279071809  6.788385E-18
7795.80933070184  9.356046E-18
7798.64587068559  4.575812E-18
7801.48241066934  1.100925E-17
7804.31895065309  1.405541E-17
7807.15549063684  6.084901E-18
7809.99203062059  1.047378E-17
7812.82857060433  1.059536E-17
7815.66511058808  1.060157E-17
7818.50165057183  8.165176E-18
7821.33819055558  9.097739E-18
7824.17473053933  1.541125E-17
7827.01127052308  8.391875E-18
7829.84781050683  2.469705E-18
7832.68435049058  1.257040E-17
7835.52089047433  1.577656E-17
7838.35743045808  9.166945E-18
7841.19397044183  9.924586E-18
7844.03051042558  1.180146E-17
7846.86705040933  9.081793E-18
7849.70359039308  8.482683E-18
7852.54013037683  1.649677E-17
7855.37667036057  3.158006E-17
7858.21321034432  2.692697E-17
7861.04975032807  1.760043E-17
7863.88629031182  1.209401E-17
7866.72283029557  7.593819E-18
7869.55937027932  5.783452E-18
7872.39591026307  1.515068E-17
7875.23245024682  8.787159E-18
7878.06899023057  1.174214E-17
7880.90553021432  9.145689E-18
7883.74207019807  9.480553E-18
7886.57861018182  9.013870E-18
7889.41515016557  3.295335E-18
7892.25169014932  1.058437E-17
7895.08823013307  1.546498E-17
7897.92477011682  7.383691E-18
7900.76131010057  6.269622E-18
7903.59785008431  1.516392E-17
7906.43439006807  9.012436E-18
7909.27093005181  7.269842E-18
7912.10747003556  5.999642E-18
7914.94401001931  1.502888E-17
7917.78055000306  1.245175E-17
7920.61708998681  1.699408E-17
7923.45362997056  -2.315795E-18
7926.29016995431  1.170849E-17
7929.12670993806  4.504017E-18
7931.96324992181  1.058694E-17
7934.79978990556  1.147943E-17
7937.63632988931  1.316425E-17
7940.47286987306  4.563939E-18
7943.30940985681  1.030509E-17
7946.14594984056  1.160442E-17
7948.9824898243  1.139640E-17
7951.81902980806  1.518822E-17
7954.6555697918  1.094398E-17
7957.49210977555  8.773939E-18
7960.3286497593  1.252408E-17
7963.16518974305  1.559764E-17
7966.0017297268  1.149361E-17
7968.83826971055  1.012422E-17
7971.6748096943  2.007102E-17
7974.51134967805  -6.429304E-18
7977.3478896618  1.415032E-17
7980.18442964555  9.818612E-18
7983.0209696293  1.088211E-17
7985.85750961305  1.057961E-17
7988.6940495968  6.198391E-18
7991.53058958055  1.083612E-17
7994.3671295643  7.540281E-18
7997.20366954805  1.167360E-17
8000.04020953179  1.782833E-17
8002.87674951554  3.482110E-18
8005.71328949929  2.879786E-18
8008.54982948304  9.140079E-17
8011.38636946679  1.189225E-16
8014.22290945054  -1.520323E-18
8017.05944943429  1.152119E-17
8019.89598941804  7.910413E-18
8022.73252940179  1.069965E-17
8025.56906938554  8.994561E-18
8028.40560936929  1.019822E-17
8031.24214935304  1.063360E-17
8034.07868933679  1.228878E-17
8036.91522932054  1.012474E-17
8039.75176930429  1.224768E-17
8042.58830928804  7.700112E-18
8045.42484927178  1.103124E-17
8048.26138925553  1.180778E-17
8051.09792923928  1.058472E-17
8053.93446922303  9.337036E-18
8056.77100920678  8.309179E-18
8059.60754919053  1.256274E-17
8062.44408917428  1.090741E-17
8065.28062915803  1.035970E-17
8068.11716914178  1.058035E-17
8070.95370912553  8.599782E-18
8073.79024910928  9.275089E-18
8076.62678909303  1.113938E-17
8079.46332907678  1.142708E-17
8082.29986906053  1.022506E-17
8085.13640904428  1.014719E-17
8087.97294902803  1.044418E-17
8090.80948901177  9.623285E-18
8093.64602899553  9.039988E-18
8096.48256897927  8.574511E-18
8099.31910896302  8.771661E-18
8102.15564894677  1.131142E-17
8104.99218893052  1.108348E-17
8107.82872891427  8.974571E-18
8110.66526889802  9.592362E-18
8113.50180888177  8.769944E-18
8116.33834886552  9.022866E-18
8119.17488884927  1.004176E-17
8122.01142883302  1.031162E-17
8124.84796881677  1.105007E-17
8127.68450880052  1.042570E-17
8130.52104878427  9.748807E-18
8133.35758876802  9.699381E-18
8136.19412875177  9.179337E-18
8139.03066873552  9.949566E-18
8141.86720871926  1.611467E-17
8144.70374870301  2.542822E-17
8147.54028868676  2.696042E-17
8150.37682867051  1.449071E-17
8153.21336865426  7.438244E-18
8156.04990863801  9.825476E-18
8158.88644862176  8.180187E-18
8161.72298860551  8.165623E-18
8164.55952858926  9.616353E-18
8167.39606857301  9.948048E-18
8170.23260855676  8.003236E-18
8173.06914854051  7.720155E-18
8175.90568852426  9.391026E-18
8178.74222850801  9.198469E-18
8181.57876849176  8.914883E-18
8184.41530847551  9.850437E-18
8187.25184845925  9.892876E-18
8190.088388443  1.032798E-17
8192.92492842675  9.111547E-18
8195.7614684105  1.053876E-17
8198.59800839425  9.953367E-18
8201.434548378  1.031949E-17
8204.27108836175  1.103679E-17
8207.1076283455  9.923905E-18
8209.94416832925  1.170479E-17
8212.780708313  1.109858E-17
8215.61724829675  1.033660E-17
8218.4537882805  9.290702E-18
8221.29032826425  8.458492E-18
8224.126868248  9.522105E-18
8226.96340823175  1.016990E-17
8229.7999482155  1.161028E-17
8232.63648819924  1.038039E-17
8235.473028183  9.359779E-18
8238.30956816675  9.989904E-18
8241.14610815049  9.837944E-18
8243.98264813424  7.313349E-18
8246.81918811799  8.252954E-18
8249.65572810174  9.614264E-18
8252.49226808549  1.012896E-17
8255.32880806924  8.641611E-18
8258.16534805299  1.065047E-17
8261.00188803674  1.306888E-17
8263.83842802049  7.245755E-18
8266.67496800424  7.090302E-18
8269.51150798799  2.002472E-17
8272.34804797174  1.253716E-17
8275.18458795548  1.111387E-17
8278.02112793924  1.406474E-17
8280.85766792298  7.943623E-18
8283.69420790673  1.078693E-17
8286.53074789049  1.023700E-17
8289.36728787423  3.710026E-18
8292.20382785798  1.430897E-17
8295.04036784173  1.090944E-18
8297.87690782548  1.328044E-17
8300.71344780923  1.429787E-17
8303.54998779298  1.924600E-17
8306.38652777673  -7.616235E-19
8309.22306776048  1.073672E-17
8312.05960774423  8.587792E-18
8314.89614772798  1.439982E-17
8317.73268771173  7.526874E-18
8320.56922769548  5.792383E-18
8323.40576767923  6.958545E-18
8326.24230766297  3.068843E-17
8329.07884764672  1.000003E-17
8331.91538763047  7.281020E-18
8334.75192761422  1.351394E-17
8337.58846759797  1.291779E-17
8340.42500758172  1.690038E-17
8343.26154756547  8.401334E-18
8346.09808754922  1.600821E-17
8348.93462753297  5.273605E-17
8351.77116751672  -2.481598E-17
8354.60770750047  1.060764E-17
8357.44424748422  2.856741E-17
8360.28078746797  -6.175091E-18
8363.11732745172  2.080300E-17
8365.95386743547  1.389849E-17
8368.79040741922  1.602853E-17
8371.62694740296  9.881203E-18
8374.46348738671  2.094319E-17
8377.30002737046  -5.861741E-18
8380.13656735421  4.176190E-17
8382.97310733796  2.298863E-17
8385.80964732171  2.232291E-17
8388.64618730546  1.788178E-17
8391.48272728921  2.116960E-17
8394.31926727296  1.453570E-17
8397.15580725671  2.274229E-17
8399.99234724046  1.899581E-17
8402.82888722421  1.565038E-17
8405.66542720796  2.638341E-17
8408.50196719171  5.365266E-18
8411.33850717546  2.370465E-17
8414.17504715921  1.624974E-17
8417.01158714296  1.136542E-17
8419.8481271267  1.484770E-17
8422.68466711045  9.851284E-18
8425.5212070942  1.019418E-17
8428.35774707795  1.193152E-17
8431.1942870617  3.099839E-18
8434.03082704545  -7.867493E-18
8436.8673670292  1.467578E-17
8439.70390701295  2.203581E-17
8442.5404469967  2.586235E-17
8445.37698698045  1.552055E-17
8448.2135269642  9.065320E-18
8451.05006694795  1.779793E-17
8453.8866069317  1.568382E-17
8456.72314691545  1.057501E-17
8459.5596868992  3.451515E-17
8462.39622688295  5.845358E-17
8465.2327668667  3.147602E-17
8468.06930685044  8.654423E-18
8470.90584683419  2.234036E-17
8473.74238681794  2.166517E-17
8476.57892680169  1.425848E-17
8479.41546678544  1.820705E-17
8482.25200676919  2.616083E-17
8485.08854675294  1.689594E-17
8487.92508673669  1.534459E-17
8490.76162672044  1.851726E-17
8493.59816670419  1.795708E-17
8496.43470668794  1.777560E-17
8499.27124667169  1.908404E-17
8502.10778665544  2.270791E-17
8504.94432663919  1.998986E-17
8507.78086662294  1.660333E-17
8510.61740660669  1.670442E-17
8513.45394659044  2.162743E-17
8516.29048657418  2.201541E-17
8519.12702655793  2.293894E-17
8521.96356654168  2.228231E-17
8524.80010652543  1.996696E-17
8527.63664650918  2.241727E-17
8530.47318649293  2.142034E-17
8533.30972647668  2.157129E-17
8536.14626646043  2.280080E-17
8538.98280644418  2.150764E-17
8541.81934642793  2.091670E-17
8544.65588641168  2.295764E-17
8547.49242639543  2.321657E-17
8550.32896637918  2.489499E-17
8553.16550636293  2.084912E-17
8556.00204634668  2.387720E-17
8558.83858633042  2.399501E-17
8561.67512631417  2.282277E-17
8564.51166629792  2.177647E-17
8567.34820628167  2.299757E-17
8570.18474626542  2.203399E-17
8573.02128624917  2.232803E-17
8575.85782623292  2.510530E-17
8578.69436621667  2.570967E-17
8581.53090620042  2.455152E-17
8584.36744618417  2.428713E-17
8587.20398616792  2.480806E-17
8590.04052615167  2.530550E-17
8592.87706613542  2.504670E-17
8595.71360611917  2.451463E-17
8598.55014610292  2.263411E-17
8601.38668608667  2.277926E-17
8604.22322607041  2.216630E-17
8607.05976605417  2.467693E-17
8609.89630603791  2.261783E-17
8612.73284602166  2.165179E-17
8615.56938600541  2.442414E-17
8618.40592598916  2.736826E-17
8621.24246597291  2.812036E-17
8624.07900595666  2.618636E-17
8626.91554594041  2.281588E-17
8629.75208592416  2.149923E-17
8632.58862590791  2.235089E-17
8635.42516589166  2.328117E-17
8638.26170587541  2.678107E-17
8641.09824585916  2.082921E-17
8643.93478584291  2.594541E-17
8646.77132582666  2.180124E-17
8649.60786581041  2.600211E-17
8652.44440579416  2.734938E-17
8655.2809457779  2.032743E-17
8658.11748576165  2.702552E-17
8660.9540257454  2.633230E-17
8663.79056572915  2.800724E-17
8666.6271057129  2.646803E-17
8669.46364569665  2.422565E-17
8672.3001856804  2.783018E-17
8675.13672566415  2.279735E-17
8677.9732656479  2.520804E-17
8680.80980563165  1.988517E-17
8683.6463456154  2.508198E-17
8686.48288559915  2.076792E-17
8689.3194255829  2.122858E-17
8692.15596556665  2.102409E-17
8694.9925055504  2.276058E-17
8697.82904553415  2.366115E-17
8700.66558551789  2.354399E-17
8703.50212550164  2.340595E-17
8706.33866548539  2.438358E-17
8709.17520546914  2.400544E-17
8712.01174545289  2.526679E-17
8714.84828543664  2.761985E-17
8717.68482542039  2.809171E-17
8720.52136540414  2.848869E-17
8723.35790538789  2.719722E-17
8726.19444537164  2.434853E-17
8729.03098535539  2.306115E-17
8731.86752533914  2.231530E-17
8734.70406532289  2.130542E-17
8737.54060530664  2.844733E-17
8740.37714529039  2.128018E-17
8743.21368527414  2.070430E-17
8746.05022525788  2.951034E-17
8748.88676524164  1.324163E-17
8751.72330522538  2.153488E-17
8754.55984520913  2.877354E-17
8757.39638519288  1.797086E-17
8760.23292517663  6.214477E-18
8763.06946516038  2.045606E-17
8765.90600514413  1.318141E-17
8768.74254512788  2.115792E-17
8771.57908511163  1.407662E-17
8774.41562509538  1.306880E-17
8777.25216507913  2.208458E-17
8780.08870506288  1.327439E-17
8782.92524504663  9.684023E-18
8785.76178503038  1.526311E-17
8788.59832501412  2.037718E-17
8791.43486499788  1.677447E-17
8794.27140498163  1.405370E-17
8797.10794496537  1.600400E-17
8799.94448494912  1.609091E-17
8802.78102493287  1.502017E-17
8805.61756491662  1.010229E-17
8808.45410490037  3.674817E-17
8811.29064488412  -4.727476E-18
8814.12718486787  1.513058E-17
8816.96372485162  2.112467E-17
8819.80026483537  5.031643E-18
8822.63680481912  1.509829E-17
8825.47334480287  1.520263E-17
8828.30988478662  1.210361E-17
8831.14642477037  1.968130E-17
8833.98296475412  -1.913884E-17
8836.81950473786  8.378135E-18
8839.65604472161  8.706657E-18
8842.49258470536  1.731247E-17
8845.32912468911  -3.607797E-18
8848.16566467286  3.729961E-17
8851.00220465661  6.547771E-17
8853.83874464036  1.299327E-17
8856.67528462411  1.183895E-17
8859.51182460786  1.132008E-17
8862.34836459161  1.235570E-17
8865.18490457536  -1.297389E-17
8868.02144455911  4.868162E-17
8870.85798454286  5.201476E-18
8873.69452452661  2.444694E-17
8876.53106451036  -3.514083E-19
8879.36760449411  9.617195E-18
8882.20414447786  -4.642169E-18
8885.0406844616  1.463682E-17
8887.87722444535  -4.092200E-18
8890.71376442911  8.046136E-18
8893.55030441285  1.458637E-17
8896.3868443966  2.998344E-17
8899.22338438035  -8.751989E-18
8902.0599243641  3.477200E-17
8904.89646434785  7.320940E-18
8907.7330043316  8.072452E-18
8910.56954431535  1.946160E-17
8913.4060842991  9.460694E-18
8916.24262428285  1.167681E-17
8919.0791642666  1.966140E-17
8921.91570425035  8.648879E-18
8924.7522442341  -2.705398E-18
8927.58878421785  2.791123E-17
8930.4253242016  1.628497E-17
8933.26186418534  1.987492E-17
8936.09840416909  2.947157E-17
8938.93494415284  -4.249615E-18
8941.77148413659  5.841850E-18
8944.60802412034  7.814428E-18
8947.44456410409  7.017544E-18
8950.28110408784  1.448068E-17
8953.11764407159  1.022091E-17
8955.95418405534  7.987154E-18
8958.79072403909  9.604304E-18
8961.62726402284  1.117053E-17
8964.46380400659  2.878536E-18
8967.30034399034  2.195470E-17
8970.13688397409  7.060981E-18
8972.97342395784  8.907101E-18
8975.80996394159  9.731253E-18
8978.64650392534  1.919007E-17
8981.48304390908  4.579843E-17
8984.31958389283  4.696009E-17
8987.15612387658  3.064977E-17
8989.99266386033  1.159105E-17
8992.82920384408  1.404522E-17
8995.66574382783  2.800287E-17
8998.50228381158  1.008423E-16
9001.33882379533  3.453871E-17
9004.17536377908  1.246771E-17
9007.01190376283  9.412137E-18
9009.84844374658  1.192072E-17
9012.68498373033  1.069436E-17
9015.52152371408  6.977651E-18
9018.35806369783  1.768675E-17
9021.19460368158  1.211672E-17
9024.03114366532  1.249173E-17
9026.86768364908  7.464111E-18
9029.70422363282  1.915269E-17
9032.54076361657  1.033648E-17
9035.37730360032  9.678710E-18
9038.21384358407  1.307250E-17
9041.05038356782  1.232493E-17
9043.88692355157  8.761957E-18
9046.72346353532  9.253100E-18
9049.56000351907  9.145688E-18
9052.39654350282  7.885596E-18
9055.23308348657  1.221907E-17
9058.06962347032  8.171402E-18
9060.90616345407  1.200864E-17
9063.74270343782  1.031092E-17
9066.57924342157  1.087833E-17
9069.41578340532  1.274981E-17
9072.25232338906  1.188236E-17
9075.08886337281  1.224849E-17
9077.92540335656  1.181403E-17
9080.76194334031  1.065732E-17
9083.59848332406  1.038447E-17
9086.43502330781  1.097060E-17
9089.27156329156  8.341489E-18
9092.10810327531  1.218953E-17
9094.94464325906  1.301360E-17
9097.78118324281  1.053231E-17
9100.61772322656  9.919162E-18
9103.45426321031  9.410103E-18
9106.29080319406  1.054736E-17
9109.12734317781  1.208052E-17
9111.96388316156  1.417902E-17
9114.8004231453  1.242696E-17
9117.63696312905  1.128680E-17
9120.4735031128  1.274665E-17
9123.31004309655  1.263593E-17
9126.1465830803  1.157546E-17
9128.98312306405  1.081130E-17
9131.8196630478  1.246825E-17
9134.65620303155  1.132286E-17
9137.4927430153  1.167878E-17
9140.32928299905  1.298024E-17
9143.1658229828  9.482436E-18
9146.00236296655  9.287945E-18
9148.8389029503  1.164490E-17
9151.67544293405  1.173154E-17
9154.5119829178  1.144681E-17
9157.34852290155  9.554849E-18
9160.1850628853  1.337386E-17
9163.02160286905  1.120086E-17
9165.85814285279  1.138718E-17
9168.69468283654  1.037680E-17
9171.53122282029  1.155114E-17
9174.36776280404  1.044249E-17
9177.20430278779  1.193136E-17
9180.04084277154  1.175207E-17
9182.87738275529  1.299138E-17
9185.71392273904  1.537903E-17
9188.55046272279  1.317146E-17
9191.38700270654  1.229515E-17
9194.22354269029  1.114774E-17
9197.06008267404  1.215754E-17
9199.89662265779  1.444941E-17
9202.73316264154  9.479902E-18
9205.56970262529  1.318061E-17
9208.40624260904  1.534562E-17
9211.24278259278  3.169566E-17
9214.07932257653  6.414624E-17
9216.91586256028  8.418109E-17
9219.75240254403  5.589991E-17
9222.58894252778  5.182008E-17
9225.42548251153  6.558882E-17
9228.26202249528  6.341205E-17
9231.09856247903  5.748268E-17
9233.93510246278  6.706167E-17
9236.77164244653  1.063120E-16
9239.60818243028  9.538812E-17
9242.44472241403  5.567691E-17
9245.28126239778  5.305333E-17
9248.11780238153  6.696386E-17
9250.95434236528  7.112458E-17
9253.79088234903  7.625666E-17
9256.62742233277  9.751419E-17
9259.46396231653  7.801617E-17
9262.30050230027  4.774805E-17
9265.13704228402  9.900400E-17
9267.97358226777  1.474300E-16
9270.81012225152  9.204141E-17
9273.64666223527  6.786350E-17
9276.48320221902  6.018486E-17
9279.31974220277  2.081442E-17
9282.15628218652  1.011767E-17
9284.99282217027  2.673155E-17
9287.82936215402  1.021908E-17
9290.66590213777  2.232251E-17
9293.50244212152  2.020575E-17
9296.33898210527  1.936329E-17
9299.17552208902  5.299022E-17
9302.01206207277  8.096627E-17
9304.84860205652  2.678110E-17
9307.68514204026  -1.460755E-18
9310.52168202401  1.366531E-17
9313.35822200776  1.500763E-17
9316.19476199151  2.484274E-17
9319.03130197526  2.952600E-17
9321.86784195901  -1.288551E-17
9324.70438194276  1.381966E-17
9327.54092192651  2.205176E-17
9330.37746191026  2.845004E-17
9333.21400189401  -1.819524E-17
9336.05054187776  1.464540E-17
9338.88708186151  6.237097E-18
9341.72362184526  1.367615E-17
9344.56016182901  1.921967E-17
9347.39670181276  1.472437E-18
9350.23324179651  1.485829E-17
9353.06978178026  2.246402E-17
9355.90632176401  -3.525513E-17
9358.74286174775  2.742324E-17
9361.5794017315  -1.550077E-18
9364.41594171525  6.471626E-18
9367.252481699  -3.526036E-18
9370.08902168275  1.046551E-17
9372.9255616665  2.892088E-18
9375.76210165025  6.707471E-18
9378.598641634  -1.290370E-17
9381.43518161775  -1.231227E-17
9384.2717216015  5.246127E-17
9387.10826158525  1.346396E-18
9389.944801569  1.002297E-17
9392.78134155275  4.548707E-18
9395.6178815365  1.259939E-17
9398.45442152025  1.249950E-17
9401.29096150399  2.388830E-18
9404.12750148775  1.016982E-17
9406.96404147149  1.038863E-17
9409.80058145524  1.075621E-17
9412.63712143899  9.597887E-18
9415.47366142274  1.108609E-17
9418.31020140649  -2.766267E-18
9421.14674139024  1.270872E-17
9423.98328137399  1.883949E-18
9426.81982135774  1.038153E-17
9429.65636134149  1.192516E-17
9432.49290132524  3.533761E-18
9435.32944130899  1.000124E-18
9438.16598129274  -2.124070E-18
9441.00252127649  2.149010E-17
9443.83906126024  9.876185E-18
9446.67560124399  1.552406E-17
9449.51214122774  -6.151291E-18
9452.34868121148  3.323411E-18
9455.18522119523  -1.450597E-17
9458.02176117898  2.698269E-18
9460.85830116273  3.566146E-18
9463.69484114648  1.048654E-18
9466.53138113023  -2.971935E-18
9469.36792111398  -6.612818E-20
9472.20446109773  1.088329E-18
9475.04100108148  3.698396E-18
9477.87754106523  4.515764E-19
9480.71408104898  -5.734219E-18
9483.55062103273  1.651088E-17
9486.38716101648  2.627919E-19
9489.22370100023  5.542219E-18
9492.06024098398  2.860087E-18
9494.89678096773  6.883575E-18
9497.73332095147  1.352569E-17
9500.56986093522  -7.184610E-18
9503.40640091897  5.060714E-18
9506.24294090272  6.465656E-18
9509.07948088647  5.935667E-18
9511.91602087022  1.014391E-17
9514.75256085397  8.318664E-18
9517.58910083772  8.846726E-18
9520.42564082147  7.313857E-18
9523.26218080522  9.353241E-18
9526.09872078897  5.035524E-18
9528.93526077272  1.189763E-17
9531.77180075647  7.345237E-18
9534.60834074022  4.701253E-18
9537.44488072397  3.040376E-18
9540.28142070772  1.527079E-18
9543.11796069147  5.067637E-18
9545.95450067521  -5.695618E-19
9548.79104065896  1.018824E-17
9551.62758064271  3.825068E-18
9554.46412062646  3.465006E-18
9557.30066061021  8.010047E-18
9560.13720059396  3.874306E-18
9562.97374057771  7.316399E-18
9565.81028056146  5.457673E-18
9568.64682054521  3.930460E-18
9571.48336052896  4.773858E-18
9574.31990051271  1.079976E-17
9577.15644049646  4.119596E-18
9579.99298048021  3.913449E-18
9582.82952046396  3.754833E-18
9585.66606044771  4.575143E-18
9588.50260043145  1.988920E-18
9591.33914041521  1.637666E-18
9594.17568039895  2.231306E-18
9597.0122203827  4.852115E-18
9599.84876036645  3.504005E-18
9602.6853003502  3.552145E-18
9605.52184033395  4.472039E-18
9608.3583803177  4.352114E-18
9611.19492030145  3.013818E-18
9614.0314602852  4.219230E-18
9616.86800026895  6.909890E-18
9619.7045402527  7.474839E-18
9622.54108023645  5.708043E-18
9625.3776202202  4.471935E-18
9628.21416020395  5.104951E-18
9631.0507001877  6.453456E-18
9633.88724017145  3.977769E-18
9636.7237801552  4.172736E-18
9639.56032013895  4.908314E-18
9642.39686012269  4.604193E-18
9645.23340010644  3.038632E-18
9648.06994009019  4.691782E-18
9650.90648007394  2.772492E-18
9653.74302005769  3.824587E-18
9656.57956004144  4.679111E-18
9659.41610002519  2.411537E-18
9662.25264000894  2.020906E-18
9665.08917999269  4.483582E-18
9667.92571997644  4.473166E-18
9670.76225996019  4.717561E-18
9673.59879994394  5.737853E-18
9676.43533992769  3.544619E-18
9679.27187991144  1.209024E-18
9682.10841989519  3.763680E-18
9684.94495987893  4.938708E-18
9687.78149986268  4.979983E-18
9690.61803984643  1.731904E-18
9693.45457983018  1.014760E-18
9696.29111981393  3.669025E-18
9699.12765979768  1.852057E-18
9701.96419978143  2.894310E-18
9704.80073976518  3.437678E-18
9707.63727974893  3.165586E-18
9710.47381973268  4.618946E-18
9713.31035971643  4.232894E-18
9716.14689970018  4.894177E-18
9718.98343968393  2.536074E-18
9721.81997966768  1.714974E-18
9724.65651965143  3.027912E-18
9727.49305963518  7.565724E-18
9730.32959961892  8.153241E-18
9733.16613960268  3.352895E-18
9736.00267958642  3.978959E-18
9738.83921957017  2.866696E-18
9741.67575955392  5.237845E-18
9744.51229953767  5.420773E-18
9747.34883952142  6.394979E-18
9750.18537950517  4.941939E-18
9753.02191948892  4.034722E-18
9755.85845947267  4.608781E-18
9758.69499945642  1.748416E-18
9761.53153944017  2.465108E-18
9764.36807942392  -1.037676E-19
9767.20461940767  2.525464E-17
9770.04115939142  5.699759E-17
9772.87769937517  2.262586E-17
9775.71423935892  7.430424E-18
9778.55077934266  3.483843E-19
9781.38731932641  2.720723E-18
9784.22385931016  4.913313E-18
9787.06039929391  1.376906E-18
9789.89693927766  4.456917E-18
9792.73347926141  9.389212E-18
9795.57001924516  6.416944E-18
9798.40655922891  9.739542E-18
9801.24309921266  1.532198E-17
9804.07963919641  2.320666E-18
9806.91617918016  7.126263E-18
9809.75271916391  9.257622E-18
9812.58925914766  5.873391E-18
9815.42579913141  7.675019E-18
9818.26233911516  6.383030E-18
9821.09887909891  6.434756E-18
9823.93541908266  5.185147E-18
9826.7719590664  7.542148E-18
9829.60849905015  7.093348E-18
9832.4450390339  1.942749E-18
9835.28157901765  1.386281E-18
9838.1181190014  1.725164E-18
9840.95465898515  1.837435E-18
9843.7911989689  1.836395E-18
