4629.08293090116  -3.237773E-19
4631.9224022259  -1.950247E-19
4634.76187355064  -4.895547E-19
4637.60134487538  2.010488E-19
4640.44081620012  1.786201E-19
4643.28028752486  -2.153178E-19
4646.11975884959  -4.044357E-19
4648.95923017433  1.170241E-18
4651.79870149907  -5.795864E-19
4654.63817282381  -2.434152E-19
4657.47764414854  1.154458E-18
4660.31711547328  2.111579E-19
4663.15658679802  1.034241E-18
4665.99605812276  9.566781E-19
4668.8355294475  1.143520E-18
4671.67500077224  -3.313040E-19
4674.51447209697  7.853718E-19
4677.35394342171  7.187767E-19
4680.19341474645  -2.396108E-19
4683.03288607119  4.736260E-19
4685.87235739592  1.091609E-19
4688.71182872066  1.467395E-19
4691.5513000454  2.063784E-19
4694.39077137014  6.459416E-19
4697.23024269488  1.588982E-19
4700.06971401962  2.819897E-19
4702.90918534435  -7.112377E-20
4705.74865666909  5.225100E-20
4708.58812799383  -1.493693E-19
4711.42759931857  7.381562E-19
4714.2670706433  1.121526E-18
4717.10654196804  8.664161E-19
4719.94601329278  6.101950E-20
4722.78548461752  -3.201780E-19
4725.62495594226  2.403503E-19
4728.464427267  2.534474E-19
4731.30389859173  -1.000680E-20
4734.14336991647  6.142375E-19
4736.98284124121  6.021188E-19
4739.82231256595  9.215166E-19
4742.66178389068  8.116078E-19
4745.50125521542  -2.683775E-19
4748.34072654016  -4.683573E-19
4751.1801978649  4.385943E-19
4754.01966918964  2.506983E-19
4756.85914051437  9.182720E-19
4759.69861183911  5.452229E-19
4762.53808316385  6.159050E-20
4765.37755448859  3.927559E-19
4768.21702581333  4.962170E-19
4771.05649713806  6.228238E-20
4773.8959684628  1.040893E-19
4776.73543978754  -3.757382E-19
4779.57491111228  -3.147566E-19
4782.41438243702  -5.606843E-19
4785.25385376175  -2.336062E-19
4788.09332508649  1.241337E-19
4790.93279641123  -1.331310E-19
4793.77226773597  3.097380E-19
4796.61173906071  8.270105E-19
4799.45121038544  4.844991E-19
4802.29068171018  5.222519E-19
4805.13015303492  8.952842E-19
4807.96962435966  6.205757E-19
4810.8090956844  2.903480E-19
4813.64856700913  2.887442E-19
4816.48803833387  2.033111E-19
4819.32750965861  -1.945287E-19
4822.16698098335  -1.974819E-20
4825.00645230809  2.446185E-19
4827.84592363282  1.561020E-19
4830.68539495756  5.054687E-21
4833.5248662823  3.690008E-19
4836.36433760704  3.606110E-19
4839.20380893178  7.611093E-19
4842.04328025651  8.287616E-19
4844.88275158125  7.711902E-19
4847.72222290599  9.314964E-19
4850.56169423073  1.654454E-19
4853.40116555547  -2.644760E-19
4856.24063688021  -3.578394E-19
4859.08010820494  5.175270E-19
4861.91957952968  3.307528E-19
4864.75905085442  6.539813E-19
4867.59852217916  7.840603E-19
4870.43799350389  3.998941E-19
4873.27746482863  -2.267591E-20
4876.11693615337  1.908534E-19
4878.95640747811  4.561072E-19
4881.79587880285  4.940033E-19
4884.63535012758  3.604621E-19
4887.47482145232  6.035132E-19
4890.31429277706  -4.191824E-19
4893.1537641018  -4.094727E-19
4895.99323542654  6.861242E-19
4898.83270675127  3.026630E-19
4901.67217807601  5.646306E-19
4904.51164940075  -2.279435E-19
4907.35112072549  -1.999209E-19
4910.19059205023  1.021131E-19
4913.03006337496  8.711059E-19
4915.8695346997  1.020471E-18
4918.70900602444  4.170711E-19
4921.54847734918  -9.216169E-20
4924.38794867392  7.038392E-19
4927.22741999865  4.778712E-19
4930.06689132339  8.296910E-19
4932.90636264813  5.101907E-19
4935.74583397287  9.552084E-19
4938.58530529761  1.502764E-18
4941.42477662234  -1.066581E-19
4944.26424794708  -5.133730E-19
4947.10371927182  5.619730E-19
4949.94319059656  4.807816E-19
4952.7826619213  5.467074E-19
4955.62213324603  3.031382E-19
4958.46160457077  -5.660844E-21
4961.30107589551  3.262112E-19
4964.14054722025  1.098374E-18
4966.98001854499  2.669536E-19
4969.81948986973  1.077256E-18
4972.65896119446  6.833087E-19
4975.4984325192  5.969873E-20
4978.33790384394  6.662734E-20
4981.17737516868  4.600053E-19
4984.01684649341  4.147679E-19
4986.85631781815  9.563412E-19
4989.69578914289  1.140040E-18
4992.53526046763  9.022242E-19
4995.37473179237  8.522570E-19
4998.2142031171  2.538780E-19
5001.05367444184  3.126878E-19
5003.89314576658  5.429178E-20
5006.73261709132  2.986610E-19
5009.57208841606  9.041033E-20
5012.4115597408  -3.223757E-20
5015.25103106553  1.058208E-19
5018.09050239027  4.241808E-19
5020.92997371501  3.767496E-19
5023.76944503975  3.881309E-19
5026.60891636448  9.619096E-19
5029.44838768922  7.319521E-19
5032.28785901396  5.655879E-19
5035.1273303387  7.818149E-19
5037.96680166344  8.252508E-19
5040.80627298817  5.992613E-19
5043.64574431291  7.272888E-19
5046.48521563765  8.079522E-19
5049.32468696239  5.495753E-19
5052.16415828713  6.607715E-19
5055.00362961186  9.923667E-19
5057.8431009366  5.989337E-19
5060.68257226134  9.396008E-19
5063.52204358608  9.492955E-19
5066.36151491082  2.636967E-19
5069.20098623555  -2.844581E-20
5072.04045756029  5.218487E-19
5074.87992888503  7.289582E-19
5077.71940020977  9.893080E-19
5080.55887153451  8.210101E-19
5083.39834285924  4.379153E-19
5086.23781418398  7.510846E-19
5089.07728550872  2.552563E-19
5091.91675683346  6.053985E-20
5094.7562281582  6.983510E-19
5097.59569948293  -3.115012E-20
5100.43517080767  8.878113E-19
5103.27464213241  6.262496E-19
5106.11411345715  4.556026E-19
5108.95358478189  1.034812E-18
5111.79305610663  2.302011E-19
5114.63252743136  9.651753E-19
5117.4719987561  7.162100E-19
5120.31147008084  6.237400E-19
5123.15094140558  8.195512E-19
5125.99041273031  1.719780E-19
5128.82988405505  -2.574863E-19
5131.66935537979  5.612408E-19
5134.50882670453  1.207445E-18
5137.34829802927  8.887777E-19
5140.187769354  1.291310E-18
5143.02724067874  1.082739E-18
5145.86671200348  8.879887E-19
5148.70618332822  5.284090E-19
5151.54565465296  1.110177E-18
5154.38512597769  8.233429E-19
5157.22459730243  3.088118E-19
5160.06406862717  -5.736505E-19
5162.90353995191  5.826170E-20
5165.74301127665  7.498035E-20
5168.58248260139  3.249044E-19
5171.42195392612  2.234910E-19
5174.26142525086  3.209033E-19
5177.1008965756  2.613872E-19
5179.94036790034  4.079662E-19
5182.77983922508  8.459200E-19
5185.61931054981  9.549228E-19
5188.45878187455  3.863334E-19
5191.29825319929  4.407629E-19
5194.13772452403  8.464965E-19
5196.97719584876  5.095509E-19
5199.8166671735  2.525163E-19
5202.65613849824  7.109401E-19
5205.49560982298  5.377450E-19
5208.33508114772  1.903256E-19
5211.17455247245  5.195927E-19
5214.01402379719  7.879676E-19
5216.85349512193  4.976045E-19
5219.69296644667  4.142931E-19
5222.53243777141  3.549840E-19
5225.37190909614  2.589585E-19
5228.21138042088  5.485661E-19
5231.05085174562  4.822759E-19
5233.89032307036  7.146908E-19
5236.7297943951  4.275905E-19
5239.56926571984  6.180361E-19
5242.40873704457  1.171286E-18
5245.24820836931  6.162208E-19
5248.08767969405  5.734380E-19
5250.92715101879  5.895723E-19
5253.76662234352  3.826694E-19
5256.60609366826  5.508765E-19
5259.445564993  1.570548E-19
5262.28503631774  -9.179274E-20
5265.12450764248  5.570743E-19
5267.96397896721  5.939032E-19
5270.80345029195  5.550918E-19
5273.64292161669  7.077414E-19
5276.48239294143  7.431208E-19
5279.32186426617  7.086752E-19
5282.1613355909  1.253716E-18
5285.00080691564  3.843211E-19
5287.84027824038  5.980355E-19
5290.67974956512  1.257347E-18
5293.51922088986  6.986410E-19
5296.35869221459  7.661278E-19
5299.19816353933  3.641920E-19
5302.03763486407  6.606532E-19
5304.87710618881  5.126272E-19
5307.71657751355  6.944399E-19
5310.55604883828  3.030574E-19
5313.39552016302  9.632104E-19
5316.23499148776  5.031766E-19
5319.0744628125  5.087315E-19
5321.91393413724  4.155489E-19
5324.75340546197  7.286874E-19
5327.59287678671  9.491519E-19
5330.43234811145  8.286225E-19
5333.27181943619  -1.829192E-19
5336.11129076093  7.452377E-19
5338.95076208566  1.033701E-18
5341.7902334104  8.888128E-19
5344.62970473514  9.168209E-19
5347.46917605988  1.450290E-18
5350.30864738462  3.986557E-19
5353.14811870935  7.632460E-21
5355.98759003409  -3.144025E-19
5358.82706135883  6.425059E-19
5361.66653268357  8.075762E-19
5364.50600400831  2.325953E-19
5367.34547533304  9.571522E-19
5370.18494665778  2.730701E-19
5373.02441798252  8.501440E-19
5375.86388930726  1.620539E-18
5378.703360632  1.079697E-18
5381.54283195673  1.085786E-18
5384.38230328147  6.147612E-19
5387.22177460621  7.570830E-19
5390.06124593095  9.297337E-19
5392.90071725569  1.261584E-18
5395.74018858042  4.101412E-19
5398.57965990516  6.928189E-19
5401.4191312299  2.953310E-19
5404.25860255464  3.647797E-21
5407.09807387938  8.602404E-19
5409.93754520411  7.757959E-19
5412.77701652885  5.848369E-19
5415.61648785359  1.170681E-18
5418.45595917833  5.028764E-19
5421.29543050307  7.307227E-19
5424.1349018278  7.545371E-19
5426.97437315254  6.095204E-19
5429.81384447728  6.687826E-19
5432.65331580202  9.862715E-19
5435.49278712676  7.820195E-19
5438.33225845149  8.624888E-19
5441.17172977623  6.068412E-19
5444.01120110097  1.011126E-18
5446.85067242571  1.374249E-18
5449.69014375045  1.458809E-18
5452.52961507518  1.151627E-18
5455.36908639992  1.285731E-18
5458.20855772466  1.026370E-18
5461.0480290494  6.885974E-19
5463.88750037414  5.306533E-19
5466.72697169887  2.739687E-19
5469.56644302361  5.754472E-19
5472.40591434835  1.190644E-18
5475.24538567309  1.414810E-18
5478.08485699783  1.022992E-18
5480.92432832256  1.105043E-18
5483.7637996473  6.978327E-19
5486.60327097204  1.293973E-19
5489.44274229678  1.746032E-19
5492.28221362152  8.975136E-19
5495.12168494625  9.268522E-19
5497.96115627099  9.955139E-19
5500.80062759573  8.605824E-19
5503.64009892047  1.134908E-18
5506.47957024521  9.931612E-19
5509.31904156994  8.280982E-19
5512.15851289468  1.017031E-18
5514.99798421942  3.441009E-19
5517.83745554416  9.030140E-19
5520.6769268689  1.535147E-18
5523.51639819363  1.132114E-18
5526.35586951837  1.197970E-18
5529.19534084311  7.375739E-19
5532.03481216785  1.016471E-18
5534.87428349259  1.121681E-18
5537.71375481732  8.245581E-19
5540.55322614206  1.221275E-18
5543.3926974668  7.453473E-19
5546.23216879154  8.696487E-19
5549.07164011628  7.409663E-19
5551.91111144101  1.022366E-18
5554.75058276575  5.770168E-19
5557.59005409049  -5.734438E-20
5560.42952541523  2.126228E-18
5563.26899673996  -7.031642E-18
5566.1084680647  5.569146E-18
5568.94793938944  -1.292953E-19
5571.78741071418  -1.619158E-18
5574.62688203892  7.710420E-19
5577.46635336365  -1.816101E-18
5580.30582468839  5.151635E-19
5583.14529601313  1.343642E-18
5585.98476733787  -7.628589E-21
5588.82423866261  5.233436E-18
5591.66370998735  5.686411E-18
5594.50318131208  -8.563188E-18
5597.34265263682  2.810751E-18
5600.18212396156  1.901623E-19
5603.0215952863  1.400846E-18
5605.86106661104  9.242826E-19
5608.70053793577  8.777039E-19
5611.54000926051  1.526743E-18
5614.37948058525  8.026964E-19
5617.21895190999  6.346346E-19
5620.05842323473  5.141290E-19
5622.89789455946  1.901418E-18
5625.7373658842  1.830251E-18
5628.57683720894  1.930353E-18
5631.41630853368  1.694852E-18
5634.25577985842  1.634765E-18
5637.09525118315  2.768978E-18
5639.93472250789  5.793612E-19
5642.77419383263  1.532256E-18
5645.61366515737  1.420028E-18
5648.45313648211  7.750128E-19
5651.29260780684  9.562543E-19
5654.13207913158  5.709520E-19
5656.97155045632  2.656788E-19
5659.81102178106  1.171829E-18
5662.6504931058  1.485979E-18
5665.48996443053  1.350716E-18
5668.32943575527  1.003878E-18
5671.16890708001  1.046484E-18
5674.00837840475  1.154748E-18
5676.84784972949  1.024092E-18
5679.68732105422  1.533542E-18
5682.52679237896  9.890693E-19
5685.3662637037  7.222765E-19
5688.20573502844  8.868713E-19
5691.04520635318  1.333662E-18
5693.88467767791  1.894811E-18
5696.72414900265  1.840483E-18
5699.56362032739  6.773586E-19
5702.40309165213  1.385818E-18
5705.24256297687  7.490247E-19
5708.0820343016  1.707994E-18
5710.92150562634  1.224173E-18
5713.76097695108  1.365076E-18
5716.60044827582  1.917137E-18
5719.43991960056  1.350293E-18
5722.27939092529  1.807036E-18
5725.11886225003  1.147332E-18
5727.95833357477  8.051263E-19
5730.79780489951  1.487332E-18
5733.63727622425  1.230164E-18
5736.47674754898  1.165541E-18
5739.31621887372  1.290639E-18
5742.15569019846  8.675777E-19
5744.9951615232  1.295388E-18
5747.83463284794  1.618949E-18
5750.67410417267  1.607730E-18
5753.51357549741  1.176353E-18
5756.35304682215  1.085695E-18
5759.19251814689  1.436636E-18
5762.03198947163  2.071163E-18
5764.87146079636  1.278199E-18
5767.7109321211  5.662339E-19
5770.55040344584  1.019564E-18
5773.38987477058  1.587878E-18
5776.22934609531  1.446029E-18
5779.06881742005  1.271610E-18
5781.90828874479  1.232740E-18
5784.74776006953  1.111713E-18
5787.58723139427  1.825939E-18
5790.42670271901  1.430555E-18
5793.26617404374  7.594702E-19
5796.10564536848  1.190392E-18
5798.94511669322  1.132250E-18
5801.78458801796  1.029515E-18
5804.6240593427  1.390956E-18
5807.46353066743  1.231063E-18
5810.30300199217  1.700230E-18
5813.14247331691  1.757124E-18
5815.98194464165  1.356507E-18
5818.82141596638  1.670168E-18
5821.66088729112  1.349407E-18
5824.50035861586  1.539801E-18
5827.3398299406  2.396030E-18
5830.17930126534  1.735674E-18
5833.01877259007  1.673526E-18
5835.85824391481  1.423131E-18
5838.69771523955  1.306626E-18
5841.53718656429  1.445909E-18
5844.37665788903  1.644104E-18
5847.21612921377  1.859230E-18
5850.0556005385  1.159306E-18
5852.89507186324  1.001094E-18
5855.73454318798  6.082918E-19
5858.57401451272  9.871615E-19
5861.41348583746  1.415874E-18
5864.25295716219  1.462513E-18
5867.09242848693  1.539788E-18
5869.93189981167  1.134050E-18
5872.77137113641  6.182723E-19
5875.61084246114  1.580501E-18
5878.45031378588  1.512004E-18
5881.28978511062  -7.541367E-21
5884.12925643536  1.395680E-18
5886.9687277601  -6.013788E-19
5889.80819908483  -6.526495E-19
5892.64767040957  6.444059E-19
5895.48714173431  1.353111E-18
5898.32661305905  1.477704E-18
5901.16608438379  1.887005E-20
5904.00555570853  1.293134E-18
5906.84502703326  2.713201E-18
5909.684498358  1.947410E-18
5912.52396968274  2.208286E-18
5915.36344100748  1.652920E-18
5918.20291233222  1.513727E-18
5921.04238365695  1.812000E-18
5923.88185498169  6.662813E-19
5926.72132630643  9.126634E-19
5929.56079763117  1.320433E-18
5932.40026895591  1.677503E-18
5935.23974028064  1.969428E-18
5938.07921160538  2.186086E-18
5940.91868293012  1.429225E-18
5943.75815425486  9.851776E-19
5946.59762557959  1.059205E-18
5949.43709690433  1.564042E-18
5952.27656822907  1.500887E-18
5955.11603955381  1.123924E-18
5957.95551087855  8.575569E-19
5960.79498220328  8.620459E-19
5963.63445352802  1.321119E-18
5966.47392485276  2.216119E-18
5969.3133961775  2.122326E-18
5972.15286750224  1.725192E-18
5974.99233882697  1.070973E-18
5977.83181015171  9.856370E-19
5980.67128147645  1.792314E-18
5983.51075280119  1.625510E-18
5986.35022412593  1.541225E-18
5989.18969545066  1.185568E-18
5992.0291667754  8.870318E-19
5994.86863810014  2.420533E-18
5997.70810942488  2.274417E-18
6000.54758074962  2.428877E-18
6003.38705207435  2.316951E-18
6006.22652339909  1.825713E-18
6009.06599472383  1.993171E-18
6011.90546604857  1.861094E-18
6014.74493737331  1.642821E-18
6017.58440869804  2.161328E-18
6020.42388002278  1.419226E-18
6023.26335134752  2.073272E-18
6026.10282267226  2.291301E-18
6028.942293997  2.093828E-18
6031.78176532173  1.444275E-18
6034.62123664647  1.093821E-18
6037.46070797121  1.129895E-18
6040.30017929595  1.237151E-18
6043.13965062069  1.769213E-18
6045.97912194542  2.633492E-18
6048.81859327016  1.316585E-18
6051.6580645949  1.911802E-18
6054.49753591964  1.289926E-18
6057.33700724438  1.576897E-18
6060.17647856911  1.261388E-18
6063.01594989385  1.042037E-18
6065.85542121859  2.231609E-18
6068.69489254333  1.494529E-18
6071.53436386807  1.579703E-18
6074.3738351928  1.576394E-18
6077.21330651754  1.110623E-18
6080.05277784228  1.406909E-18
6082.89224916702  1.384937E-18
6085.73172049176  1.364936E-18
6088.57119181649  9.074041E-19
6091.41066314123  1.750300E-18
6094.25013446597  1.174738E-18
6097.08960579071  1.000518E-18
6099.92907711545  1.455666E-18
6102.76854844018  1.096242E-18
6105.60801976492  1.124372E-18
6108.44749108966  2.248362E-18
6111.2869624144  1.834531E-18
6114.12643373914  1.652744E-18
6116.96590506387  1.841680E-18
6119.80537638861  2.344964E-18
6122.64484771335  1.564279E-18
6125.48431903809  1.284696E-18
6128.32379036283  1.693620E-18
6131.16326168756  1.318262E-18
6134.0027330123  1.888043E-18
6136.84220433704  1.632738E-18
6139.68167566178  1.826959E-18
6142.52114698652  2.022021E-18
6145.36061831125  2.074195E-18
6148.20008963599  1.120629E-18
6151.03956096073  9.087134E-19
6153.87903228547  1.684464E-18
6156.71850361021  1.544837E-18
6159.55797493494  6.172528E-19
6162.39744625968  8.002684E-19
6165.23691758442  1.849910E-18
6168.07638890916  1.941487E-18
6170.9158602339  1.813638E-18
6173.75533155863  1.120905E-18
6176.59480288337  1.665744E-18
6179.43427420811  1.576132E-18
6182.27374553285  1.613100E-18
6185.11321685759  1.711812E-18
6187.95268818232  1.695929E-18
6190.79215950706  1.723362E-18
6193.6316308318  1.738657E-18
6196.47110215654  1.769560E-18
6199.31057348128  1.729634E-18
6202.15004480601  1.780997E-18
6204.98951613075  1.557536E-18
6207.82898745549  1.581026E-18
6210.66845878023  1.467820E-18
6213.50793010497  1.624665E-18
6216.3474014297  1.481834E-18
6219.18687275444  1.841838E-18
6222.02634407918  1.293774E-18
6224.86581540392  1.157706E-18
6227.70528672866  1.038718E-18
6230.54475805339  7.695383E-19
6233.38422937813  1.556191E-18
6236.22370070287  1.730812E-18
6239.06317202761  1.230702E-18
6241.90264335235  1.738337E-18
6244.74211467708  1.106201E-18
6247.58158600182  1.113374E-18
6250.42105732656  1.892393E-18
6253.2605286513  9.519929E-19
6256.09999997604  1.419159E-18
6258.93947130077  1.381744E-18
6261.77894262551  1.422056E-18
6264.61841395025  1.435361E-18
6267.45788527499  1.667370E-18
6270.29735659973  2.450729E-18
6273.13682792446  1.778277E-18
6275.9762992492  8.534536E-19
6278.81577057394  1.665439E-18
6281.65524189868  1.101991E-18
6284.49471322342  1.938545E-18
6287.33418454815  7.264063E-19
6290.17365587289  -3.390330E-20
6293.01312719763  1.840284E-18
6295.85259852237  1.547670E-18
6298.69206984711  2.335414E-18
6301.53154117184  1.843961E-18
6304.37101249658  8.051228E-19
6307.21048382132  1.118571E-18
6310.04995514606  1.210288E-18
6312.8894264708  3.045473E-18
6315.72889779553  2.354586E-18
6318.56836912027  5.675151E-19
6321.40784044501  1.242242E-18
6324.24731176975  6.297950E-19
6327.08678309448  6.994708E-19
6329.92625441922  1.123399E-18
6332.76572574396  1.743535E-18
6335.6051970687  2.302887E-18
6338.44466839344  1.818983E-18
6341.28413971818  2.029113E-18
6344.12361104291  1.986828E-18
6346.96308236765  1.358822E-18
6349.80255369239  1.107008E-18
6352.64202501713  1.773153E-18
6355.48149634187  1.442627E-18
6358.3209676666  9.357300E-19
6361.16043899134  1.821177E-18
6363.99991031608  2.051628E-18
6366.83938164082  1.640433E-18
6369.67885296556  1.832406E-18
6372.51832429029  1.436433E-18
6375.35779561503  7.822162E-19
6378.19726693977  1.584987E-18
6381.03673826451  1.932667E-18
6383.87620958925  1.780353E-18
6386.71568091398  1.468235E-18
6389.55515223872  1.363471E-18
6392.39462356346  1.419475E-18
6395.2340948882  1.067609E-18
6398.07356621294  8.855323E-19
6400.91303753767  1.629066E-18
6403.75250886241  1.905103E-18
6406.59198018715  1.419214E-18
6409.43145151189  1.797647E-18
6412.27092283663  1.713483E-18
6415.11039416136  1.633247E-18
6417.9498654861  1.949378E-18
6420.78933681084  1.840129E-18
6423.62880813558  1.627372E-18
6426.46827946032  1.653101E-18
6429.30775078505  1.223262E-18
6432.14722210979  1.366336E-18
6434.98669343453  1.810616E-18
6437.82616475927  1.656000E-18
6440.66563608401  1.646582E-18
6443.50510740875  1.689574E-18
6446.34457873348  1.295937E-18
6449.18405005822  1.197223E-18
6452.02352138296  1.339904E-18
6454.8629927077  1.510977E-18
6457.70246403243  1.743916E-18
6460.54193535717  1.846963E-18
6463.38140668191  1.975896E-18
6466.22087800665  1.472462E-18
6469.06034933138  1.458616E-18
6471.89982065612  2.089478E-18
6474.73929198086  1.820136E-18
6477.5787633056  2.167455E-18
6480.41823463034  1.921675E-18
6483.25770595507  1.723533E-18
6486.09717727981  1.476042E-18
6488.93664860455  2.320451E-18
6491.77611992929  1.607055E-18
6494.61559125403  1.752377E-18
6497.45506257877  2.169566E-18
6500.2945339035  2.055623E-18
6503.13400522824  2.047445E-18
6505.97347655298  1.728162E-18
6508.81294787772  1.482963E-18
6511.65241920246  1.787368E-18
6514.49189052719  1.951255E-18
6517.33136185193  1.811438E-18
6520.17083317667  1.839905E-18
6523.01030450141  1.408787E-18
6525.84977582614  1.598777E-18
6528.68924715088  1.719127E-18
6531.52871847562  1.459551E-18
6534.36818980036  1.455334E-18
6537.2076611251  1.666530E-18
6540.04713244983  1.517643E-18
6542.88660377457  1.344479E-18
6545.72607509931  7.467007E-19
6548.56554642405  6.312046E-19
6551.40501774879  1.303189E-20
6554.24448907353  1.030141E-19
6557.08396039826  -8.670962E-21
6559.923431723  7.959647E-19
6562.76290304774  7.129774E-19
6565.60237437248  7.950930E-19
6568.44184569722  7.298060E-19
6571.28131702195  -2.813864E-19
6574.12078834669  8.796663E-19
6576.96025967143  1.640241E-18
6579.79973099617  8.923222E-19
6582.6392023209  1.319513E-18
6585.47867364564  1.216008E-18
6588.31814497038  1.140095E-18
6591.15761629512  1.552473E-18
6593.99708761986  1.769655E-18
6596.83655894459  2.258173E-18
6599.67603026933  1.661368E-18
6602.51550159407  1.423258E-18
6605.35497291881  1.535796E-18
6608.19444424355  1.911832E-18
6611.03391556829  1.626789E-18
6613.87338689302  1.661207E-18
6616.71285821776  1.752337E-18
6619.5523295425  1.683037E-18
6622.39180086724  1.934376E-18
6625.23127219198  2.168637E-18
6628.07074351671  1.963175E-18
6630.91021484145  1.698874E-18
6633.74968616619  1.645392E-18
6636.58915749093  1.722726E-18
6639.42862881567  2.198463E-18
6642.2681001404  1.738120E-18
6645.10757146514  1.604716E-18
6647.94704278988  2.172779E-18
6650.78651411462  2.744012E-18
6653.62598543936  1.543977E-18
6656.46545676409  1.605060E-18
6659.30492808883  1.803789E-18
6662.14439941357  2.103602E-18
6664.98387073831  1.682031E-18
6667.82334206305  2.253356E-18
6670.66281338778  2.099517E-18
6673.50228471252  2.199505E-18
6676.34175603726  2.076935E-18
6679.181227362  2.101274E-18
6682.02069868674  2.119076E-18
6684.86017001147  1.947323E-18
6687.69964133621  2.073569E-18
6690.53911266095  1.685445E-18
6693.37858398569  1.640048E-18
6696.21805531043  1.713873E-18
6699.05752663516  1.754831E-18
6701.8969979599  1.865709E-18
6704.73646928464  1.764838E-18
6707.57594060938  1.734326E-18
6710.41541193411  1.445269E-18
6713.25488325885  1.461148E-18
6716.09435458359  1.228966E-18
6718.93382590833  1.071324E-18
6721.77329723307  1.353554E-18
6724.61276855781  1.354509E-18
6727.45223988254  2.011427E-18
6730.29171120728  2.058415E-18
6733.13118253202  2.310490E-18
6735.97065385676  2.266109E-18
6738.8101251815  1.372724E-18
6741.64959650623  1.831136E-18
6744.48906783097  2.030727E-18
6747.32853915571  1.904034E-18
6750.16801048045  1.711533E-18
6753.00748180518  1.522857E-18
6755.84695312992  1.746250E-18
6758.68642445466  1.807486E-18
6761.5258957794  1.426084E-18
6764.36536710414  1.558583E-18
6767.20483842887  1.896352E-18
6770.04430975361  2.024753E-18
6772.88378107835  1.924804E-18
6775.72325240309  1.653379E-18
6778.56272372783  1.868159E-18
6781.40219505256  2.045694E-18
6784.2416663773  1.981767E-18
6787.08113770204  1.608141E-18
6789.92060902678  2.291282E-18
6792.76008035152  2.099913E-18
6795.59955167626  1.378234E-18
6798.43902300099  2.060788E-18
6801.27849432573  2.386729E-18
6804.11796565047  2.129244E-18
6806.95743697521  1.908750E-18
6809.79690829994  1.532480E-18
6812.63637962468  2.267034E-18
6815.47585094942  1.321582E-18
6818.31532227416  1.843668E-18
6821.1547935989  1.017378E-18
6823.99426492363  1.819402E-18
6826.83373624837  1.829755E-18
6829.67320757311  1.974295E-18
6832.51267889785  7.721240E-19
6835.35215022259  1.002066E-18
6838.19162154732  2.515796E-18
6841.03109287206  2.444640E-18
6843.8705641968  2.374678E-18
6846.71003552154  1.653579E-18
6849.54950684628  7.385595E-19
6852.38897817101  1.708799E-18
6855.22844949575  2.064882E-18
6858.06792082049  1.572162E-18
6860.90739214523  1.681142E-18
6863.74686346997  1.779043E-18
6866.5863347947  1.307627E-18
6869.42580611944  8.107630E-19
6872.26527744418  2.758671E-18
6875.10474876892  1.239814E-18
6877.94422009366  1.703881E-18
6880.78369141839  2.036141E-18
6883.62316274313  2.158643E-18
6886.46263406787  1.581275E-18
6889.30210539261  1.987287E-18
6892.14157671735  2.003701E-18
6894.98104804208  1.485036E-18
6897.82051936682  2.013425E-18
6900.65999069156  1.393972E-18
6903.4994620163  1.974661E-18
6906.33893334104  2.073599E-18
6909.17840466578  2.519309E-18
6912.01787599051  2.240198E-18
6914.85734731525  1.930358E-18
6917.69681863999  2.095793E-18
6920.53628996473  1.949831E-18
6923.37576128947  1.351615E-18
6926.2152326142  1.599549E-18
6929.05470393894  2.004892E-18
6931.89417526368  2.031114E-18
6934.73364658842  1.378504E-18
6937.57311791316  2.327496E-18
6940.41258923789  1.300491E-18
6943.25206056263  1.735062E-18
6946.09153188737  2.404196E-18
6948.93100321211  2.680666E-18
6951.77047453684  1.888097E-18
6954.60994586158  1.883983E-18
6957.44941718632  2.580725E-18
6960.28888851106  8.614359E-19
6963.1283598358  2.908006E-18
6965.96783116054  1.238323E-18
6968.80730248527  2.227932E-18
6971.64677381001  2.134391E-18
6974.48624513475  2.373178E-18
6977.32571645949  1.861015E-18
6980.16518778423  2.097134E-18
6983.00465910896  2.206171E-18
6985.8441304337  2.062118E-18
6988.68360175844  2.406626E-18
6991.52307308318  2.801316E-18
6994.36254440792  2.052732E-18
6997.20201573265  2.312798E-18
7000.04148705739  2.194301E-18
7002.88095838213  1.682042E-18
7005.72042970687  2.082599E-18
7008.5599010316  2.441331E-18
7011.39937235634  1.828955E-18
7014.23884368108  2.028090E-18
7017.07831500582  2.778250E-18
7019.91778633056  2.362865E-18
7022.75725765529  1.803335E-18
7025.59672898003  2.215959E-18
7028.43620030477  1.789141E-18
7031.27567162951  2.435136E-18
7034.11514295425  2.215473E-18
7036.95461427899  2.026752E-18
7039.79408560372  2.335238E-18
7042.63355692846  2.691121E-18
7045.4730282532  2.244707E-18
7048.31249957794  2.245128E-18
7051.15197090268  2.142854E-18
7053.99144222741  1.846819E-18
7056.83091355215  2.150275E-18
7059.67038487689  2.205692E-18
7062.50985620162  2.108280E-18
7065.34932752636  1.865314E-18
7068.1887988511  2.335805E-18
7071.02827017584  2.180759E-18
7073.86774150058  2.278660E-18
7076.70721282532  2.156689E-18
7079.54668415005  1.951057E-18
7082.38615547479  2.457727E-18
7085.22562679953  1.674722E-18
7088.06509812427  2.434309E-18
7090.90456944901  2.828352E-18
7093.74404077374  2.479335E-18
7096.58351209848  2.200574E-18
7099.42298342322  2.182043E-18
7102.26245474796  2.164725E-18
7105.1019260727  1.914425E-18
7107.94139739743  2.308462E-18
7110.78086872217  2.478925E-18
7113.62034004691  2.517492E-18
7116.45981137165  2.350925E-18
7119.29928269639  2.039861E-18
7122.13875402112  2.915053E-18
7124.97822534586  2.431361E-18
7127.8176966706  2.485778E-18
7130.65716799534  2.981664E-18
7133.49663932008  2.333122E-18
7136.33611064481  2.606754E-18
7139.17558196955  2.448261E-18
7142.01505329429  2.450981E-18
7144.85452461903  2.771293E-18
7147.69399594377  2.321972E-18
7150.5334672685  2.914623E-18
7153.37293859324  2.751400E-18
7156.21240991798  2.420713E-18
7159.05188124272  2.644717E-18
7161.89135256746  2.429868E-18
7164.73082389219  2.292063E-18
7167.57029521693  2.271090E-18
7170.40976654167  2.084418E-18
7173.24923786641  2.390148E-18
7176.08870919115  2.616414E-18
7178.92818051588  2.401718E-18
7181.76765184062  2.590198E-18
7184.60712316536  2.449798E-18
7187.4465944901  2.020088E-18
7190.28606581484  2.198636E-18
7193.12553713957  1.768189E-18
7195.96500846431  2.123071E-18
7198.80447978905  2.095968E-18
7201.64395111379  1.952649E-18
7204.48342243853  1.712679E-18
7207.32289376327  1.978039E-18
7210.162365088  2.344991E-18
7213.00183641274  2.087072E-18
7215.84130773748  2.566919E-18
7218.68077906222  2.369950E-18
7221.52025038695  2.293410E-18
7224.35972171169  1.706065E-18
7227.19919303643  1.978607E-18
7230.03866436117  2.360033E-18
7232.87813568591  1.860892E-18
7235.71760701064  2.108639E-18
7238.55707833538  3.109955E-18
7241.39654966012  2.070089E-18
7244.23602098486  1.892236E-18
7247.0754923096  1.781698E-18
7249.91496363433  3.672183E-18
7252.75443495907  1.853518E-18
7255.59390628381  4.268173E-18
7258.43337760855  1.750903E-18
7261.27284893329  1.109069E-18
7264.11232025803  2.128865E-18
7266.95179158276  1.613266E-18
7269.7912629075  1.165634E-18
7272.63073423224  1.316622E-18
7275.47020555698  1.683625E-18
7278.30967688171  2.626269E-18
7281.14914820645  1.938180E-18
7283.98861953119  5.160601E-19
7286.82809085593  4.092959E-18
7289.66756218067  2.001643E-18
7292.5070335054  1.169806E-18
7295.34650483014  3.615508E-18
7298.18597615488  2.583156E-18
7301.02544747962  3.796453E-19
7303.86491880436  1.832893E-18
7306.70439012909  2.237345E-18
7309.54386145383  1.880376E-18
7312.38333277857  1.160632E-18
7315.22280410331  2.373577E-18
7318.06227542805  1.902674E-18
7320.90174675278  2.749371E-18
7323.74121807752  2.951462E-19
7326.58068940226  4.337919E-18
7329.420160727  2.425915E-18
7332.25963205174  2.810116E-18
7335.09910337647  1.732826E-18
7337.93857470121  1.822731E-18
7340.77804602595  2.867832E-18
7343.61751735069  2.415339E-18
7346.45698867543  1.827738E-18
7349.29646000016  1.871803E-18
7352.1359313249  3.471239E-18
7354.97540264964  2.268615E-18
7357.81487397438  4.267751E-18
7360.65434529912  5.437743E-18
7363.49381662385  5.424456E-18
7366.33328794859  1.859612E-18
7369.17275927333  3.311961E-18
7372.01223059807  2.653432E-18
7374.8517019228  1.774357E-18
7377.69117324754  1.161330E-18
7380.53064457228  4.170743E-18
7383.37011589702  3.516100E-18
7386.20958722176  1.128144E-18
7389.0490585465  2.372584E-18
7391.88852987123  2.568243E-18
7394.72800119597  2.907074E-18
7397.56747252071  2.264239E-18
7400.40694384545  4.617133E-18
7403.24641517019  5.243658E-18
7406.08588649492  2.849460E-18
7408.92535781966  1.752877E-18
7411.7648291444  3.342250E-18
7414.60430046914  1.871464E-18
7417.44377179388  2.370481E-18
7420.28324311861  3.272575E-18
7423.12271444335  2.488121E-18
7425.96218576809  2.069657E-18
7428.80165709283  2.518815E-18
7431.64112841756  2.847672E-18
7434.4805997423  2.672157E-18
7437.32007106704  2.544295E-18
7440.15954239178  2.739887E-18
7442.99901371652  2.312135E-18
7445.83848504126  2.252811E-18
7448.67795636599  2.851098E-18
7451.51742769073  2.483614E-18
7454.35689901547  2.868212E-18
7457.19637034021  2.539920E-18
7460.03584166495  2.357545E-18
7462.87531298968  2.554025E-18
7465.71478431442  3.563074E-18
7468.55425563916  3.000923E-18
7471.3937269639  2.626632E-18
7474.23319828864  2.832907E-18
7477.07266961337  2.410418E-18
7479.91214093811  2.581898E-18
7482.75161226285  3.143218E-18
7485.59108358759  3.021361E-18
7488.43055491232  2.168518E-18
7491.27002623706  2.541786E-18
7494.1094975618  2.843319E-18
7496.94896888654  2.500611E-18
7499.78844021128  2.748451E-18
7502.62791153602  2.640976E-18
7505.46738286075  3.212809E-18
7508.30685418549  1.705910E-18
7511.14632551023  1.740474E-18
7513.98579683497  2.809329E-18
7516.82526815971  2.753604E-18
7519.66473948444  2.828755E-18
7522.50421080918  2.970644E-18
7525.34368213392  2.532776E-18
7528.18315345866  2.269231E-18
7531.0226247834  2.524654E-18
7533.86209610813  2.725950E-18
7536.70156743287  2.975369E-18
7539.54103875761  3.080872E-18
7542.38051008235  3.751308E-18
7545.21998140708  3.312023E-18
7548.05945273182  2.489323E-18
7550.89892405656  2.002592E-18
7553.7383953813  2.826883E-18
7556.57786670604  1.921229E-18
7559.41733803078  2.610761E-18
7562.25680935551  2.538546E-18
7565.09628068025  2.863448E-18
7567.93575200499  2.661849E-18
7570.77522332973  1.806906E-18
7573.61469465447  2.334604E-18
7576.4541659792  2.236195E-18
7579.29363730394  2.037507E-18
7582.13310862868  1.599382E-18
7584.97257995342  1.561771E-18
7587.81205127815  1.378520E-18
7590.65152260289  1.384427E-18
7593.49099392763  1.234927E-18
7596.33046525237  1.305824E-18
7599.16993657711  1.362559E-18
7602.00940790184  1.638813E-18
7604.84887922658  2.402040E-18
7607.68835055132  1.793418E-18
7610.52782187606  2.583194E-18
7613.3672932008  1.432903E-18
7616.20676452554  1.951036E-18
7619.04623585027  1.779215E-18
7621.88570717501  1.747475E-18
7624.72517849975  1.603245E-18
7627.56464982449  1.098728E-18
7630.40412114923  2.220457E-18
7633.24359247396  2.046927E-18
7636.0830637987  2.466686E-18
7638.92253512344  1.855305E-18
7641.76200644818  1.989529E-18
7644.60147777291  3.060153E-18
7647.44094909765  2.594586E-18
7650.28042042239  3.196415E-18
7653.11989174713  2.944186E-18
7655.95936307187  2.365424E-18
7658.7988343966  3.627761E-18
7661.63830572134  2.267974E-18
7664.47777704608  2.686719E-18
7667.31724837082  2.555048E-18
7670.15671969556  3.051594E-18
7672.99619102029  2.819853E-18
7675.83566234503  2.605875E-18
7678.67513366977  2.085026E-18
7681.51460499451  1.939567E-18
7684.35407631925  2.402408E-18
7687.19354764399  2.227658E-18
7690.03301896872  3.199239E-18
7692.87249029346  -6.145960E-19
7695.7119616182  5.539956E-18
7698.55143294294  2.439721E-18
7701.39090426767  4.003713E-18
7704.23037559241  3.760061E-18
7707.06984691715  3.812227E-18
7709.90931824189  2.705544E-18
7712.74878956663  3.358856E-18
7715.58826089136  3.388345E-18
7718.4277322161  4.647292E-18
7721.26720354084  1.812539E-18
7724.10667486558  5.341104E-18
7726.94614619032  -1.467830E-18
7729.78561751505  5.659243E-19
7732.62508883979  5.268222E-18
7735.46456016453  4.382838E-18
7738.30403148927  4.428999E-18
7741.14350281401  3.056610E-18
7743.98297413875  4.722886E-18
7746.82244546348  2.582061E-18
7749.66191678822  4.694997E-18
7752.50138811296  2.314448E-18
7755.3408594377  5.085652E-18
7758.18033076243  1.079822E-17
7761.01980208717  -2.433563E-18
7763.85927341191  5.857648E-18
7766.69874473665  4.541015E-18
7769.53821606139  1.045815E-18
7772.37768738612  3.203580E-18
7775.21715871086  5.296162E-20
7778.0566300356  7.275002E-18
7780.89610136034  3.518406E-18
7783.73557268508  2.120724E-18
7786.57504400981  4.933394E-18
7789.41451533455  1.740005E-18
7792.25398665929  5.085800E-18
7795.09345798403  3.123831E-18
7797.93292930877  4.123959E-18
7800.7724006335  5.587024E-18
7803.61187195824  -4.888197E-19
7806.45134328298  3.071344E-18
7809.29081460772  2.282331E-18
7812.13028593246  2.507051E-18
7814.96975725719  4.243774E-18
7817.80922858193  2.675816E-18
7820.64869990667  3.340751E-18
7823.48817123141  2.861806E-18
7826.32764255615  1.434810E-18
7829.16711388088  6.814550E-18
7832.00658520562  6.029875E-19
7834.84605653036  -2.259614E-20
7837.6855278551  4.521826E-18
7840.52499917984  1.115711E-18
7843.36447050457  2.898329E-18
7846.20394182931  2.532413E-18
7849.04341315405  3.569690E-18
7851.88288447879  8.303238E-19
7854.72235580353  4.061960E-18
7857.56182712826  2.897678E-18
7860.401298453  5.590171E-18
7863.24076977774  7.244653E-19
7866.08024110248  4.013638E-18
7868.91971242722  3.984905E-18
7871.75918375195  9.094888E-19
7874.59865507669  2.224911E-18
7877.43812640143  2.515607E-18
7880.27759772617  1.229283E-18
7883.11706905091  2.580207E-18
7885.95654037564  3.839853E-18
7888.79601170038  2.638795E-18
7891.63548302512  3.067799E-18
7894.47495434986  -3.142543E-18
7897.3144256746  5.917960E-18
7900.15389699933  1.335227E-18
7902.99336832407  2.044139E-18
7905.83283964881  4.580034E-18
7908.67231097355  4.187464E-18
7911.51178229829  1.892114E-18
7914.35125362302  3.042288E-18
7917.19072494776  1.882213E-18
7920.0301962725  2.416167E-18
7922.86966759724  4.288281E-18
7925.70913892198  2.580796E-18
7928.54861024672  3.867795E-18
7931.38808157145  1.397645E-18
7934.22755289619  2.411139E-18
7937.06702422093  2.286028E-18
7939.90649554567  3.817508E-18
7942.74596687041  3.588092E-18
7945.58543819514  7.162913E-19
7948.42490951988  3.844026E-18
7951.26438084462  3.777696E-18
7954.10385216936  4.523655E-18
7956.9433234941  4.625450E-18
7959.78279481883  2.998559E-18
7962.62226614357  2.758986E-18
7965.46173746831  2.736810E-18
7968.30120879305  3.045682E-18
7971.14068011778  1.932518E-18
7973.98015144252  2.128341E-18
7976.81962276726  3.149999E-18
7979.659094092  1.974431E-18
7982.49856541674  1.899083E-18
7985.33803674147  1.978037E-18
7988.17750806621  2.809040E-18
7991.01697939095  2.834430E-18
7993.85645071569  3.589468E-18
7996.69592204043  1.503199E-18
7999.53539336517  1.712817E-19
8002.3748646899  5.506282E-18
8005.21433601464  4.951889E-18
8008.05380733938  9.050275E-19
8010.89327866412  2.008103E-18
8013.73274998885  1.947155E-18
8016.57222131359  2.056724E-18
8019.41169263833  3.021735E-18
8022.25116396307  4.010203E-18
8025.09063528781  3.130144E-18
8027.93010661254  2.553994E-18
8030.76957793728  2.950573E-18
8033.60904926202  2.797361E-18
8036.44852058676  3.314878E-18
8039.2879919115  3.602647E-18
8042.12746323623  3.571943E-18
8044.96693456097  1.350725E-18
8047.80640588571  2.693585E-18
8050.64587721045  2.970290E-18
8053.48534853519  2.979039E-18
8056.32481985992  3.829357E-18
8059.16429118466  3.372636E-18
8062.0037625094  4.067899E-18
8064.84323383414  3.225204E-18
8067.68270515888  2.902219E-18
8070.52217648361  3.583044E-18
8073.36164780835  2.963530E-18
8076.20111913309  2.702320E-18
8079.04059045783  3.045405E-18
8081.88006178257  2.870722E-18
8084.7195331073  2.573387E-18
8087.55900443204  2.496549E-18
8090.39847575678  2.684091E-18
8093.23794708152  2.883060E-18
8096.07741840626  2.774742E-18
8098.91688973099  3.620788E-18
8101.75636105573  2.932318E-18
8104.59583238047  2.840683E-18
8107.43530370521  2.604784E-18
8110.27477502995  2.378082E-18
8113.11424635468  3.663160E-18
8115.95371767942  2.755107E-18
8118.79318900416  3.677707E-18
8121.6326603289  2.861190E-18
8124.47213165364  3.398388E-18
8127.31160297837  3.577674E-18
8130.15107430311  2.788413E-18
8132.99054562785  3.119610E-18
8135.83001695259  3.485445E-18
8138.66948827733  3.719027E-18
8141.50895960206  3.582305E-18
8144.3484309268  3.745478E-18
8147.18790225154  3.284031E-18
8150.02737357628  2.827964E-18
8152.86684490102  3.500197E-18
8155.70631622575  3.247012E-18
8158.54578755049  3.357592E-18
8161.38525887523  3.678405E-18
8164.22473019997  2.927038E-18
8167.06420152471  2.373471E-18
8169.90367284944  2.650571E-18
8172.74314417418  2.615106E-18
8175.58261549892  2.952405E-18
8178.42208682366  3.649837E-18
8181.2615581484  2.757230E-18
8184.10102947313  2.661724E-18
8186.94050079787  3.762319E-18
8189.77997212261  2.863321E-18
8192.61944344735  2.782289E-18
8195.45891477209  3.137128E-18
8198.29838609682  4.055883E-18
8201.13785742156  3.985833E-18
8203.9773287463  3.051996E-18
8206.81680007104  3.092254E-18
8209.65627139578  2.995378E-18
8212.49574272052  2.630850E-18
8215.33521404525  2.914271E-18
8218.17468536999  2.787077E-18
8221.01415669473  3.241412E-18
8223.85362801947  3.351192E-18
8226.69309934421  3.259250E-18
8229.53257066894  3.036811E-18
8232.37204199368  2.667754E-18
8235.21151331842  3.163510E-18
8238.05098464316  3.343172E-18
8240.8904559679  3.324857E-18
8243.72992729263  3.447230E-18
8246.56939861737  3.629921E-18
8249.40886994211  2.936011E-18
8252.24834126685  3.407309E-18
8255.08781259158  3.813767E-18
8257.92728391632  2.879342E-18
8260.76675524106  2.063548E-18
8263.6062265658  3.774300E-18
8266.44569789054  2.446261E-18
8269.28516921527  2.015037E-18
8272.12464054001  2.525337E-18
8274.96411186475  4.038556E-18
8277.80358318949  8.666598E-19
8280.64305451423  2.915783E-18
8283.48252583896  2.684202E-18
8286.3219971637  1.804566E-18
8289.16146848844  2.553258E-18
8292.00093981318  1.383228E-18
8294.84041113792  3.982583E-18
8297.67988246265  4.080296E-18
8300.51935378739  2.560794E-18
8303.35882511213  2.084185E-18
8306.19829643687  5.327114E-18
8309.03776776161  4.234030E-18
8311.87723908634  2.326567E-18
8314.71671041108  2.631146E-18
8317.55618173582  4.186089E-18
8320.39565306056  4.068761E-18
8323.2351243853  6.820504E-18
8326.07459571004  -8.660629E-19
8328.91406703477  -1.378113E-18
8331.75353835951  3.372171E-18
8334.59300968425  1.463878E-18
8337.43248100899  2.402753E-18
8340.27195233372  2.898193E-18
8343.11142365846  4.299833E-18
8345.9508949832  5.191362E-18
8348.79036630794  -2.472472E-18
8351.62983763268  7.688722E-18
8354.46930895741  6.164691E-18
8357.30878028215  -1.384012E-18
8360.14825160689  6.256047E-18
8362.98772293163  2.876651E-18
8365.82719425637  1.621651E-18
8368.6666655811  3.967740E-18
8371.50613690584  4.571627E-18
8374.34560823058  3.063926E-18
8377.18507955532  8.758835E-18
8380.02455088006  -1.358112E-18
8382.86402220479  -1.390274E-18
8385.70349352953  1.606067E-18
8388.54296485427  -1.013488E-18
8391.38243617901  5.326010E-19
8394.22190750375  5.433932E-18
8397.06137882848  2.879807E-18
8399.90085015322  4.165307E-18
8402.74032147796  8.060011E-18
8405.5797928027  -4.182146E-19
8408.41926412744  1.121031E-17
8411.25873545217  -3.308167E-19
8414.09820677691  -1.882939E-18
8416.93767810165  1.403057E-18
8419.77714942639  2.443644E-19
8422.61662075112  1.846777E-18
8425.45609207586  2.246178E-18
8428.2955634006  1.449266E-18
8431.13503472534  1.855761E-18
8433.97450605008  3.858440E-18
8436.81397737482  -3.552384E-18
8439.65344869955  2.712083E-18
8442.49292002429  5.487352E-19
8445.33239134903  6.801914E-18
8448.17186267377  5.284288E-18
8451.01133399851  2.267706E-18
8453.85080532324  3.423842E-18
8456.69027664798  3.262457E-18
8459.52974797272  2.675305E-18
8462.36921929746  3.653660E-18
8465.2086906222  5.217412E-18
8468.04816194693  6.964598E-18
8470.88763327167  8.524391E-19
8473.72710459641  3.106085E-18
8476.56657592115  2.318526E-18
8479.40604724588  2.693560E-18
8482.24551857062  -1.782726E-19
8485.08498989536  3.501873E-18
8487.9244612201  5.823133E-18
8490.76393254484  3.339345E-18
8493.60340386957  3.953599E-18
8496.44287519431  4.256984E-18
8499.28234651905  3.773809E-18
8502.12181784379  3.671268E-18
8504.96128916853  3.163975E-18
8507.80076049327  3.906408E-18
8510.640231818  3.915401E-18
8513.47970314274  4.584603E-18
8516.31917446748  2.022279E-18
8519.15864579222  3.671212E-18
8521.99811711696  2.832314E-18
8524.83758844169  2.695237E-18
8527.67705976643  2.479552E-18
8530.51653109117  2.425831E-18
8533.35600241591  3.941966E-18
8536.19547374064  2.604315E-18
8539.03494506538  3.298370E-18
8541.87441639012  3.433667E-18
8544.71388771486  3.990645E-18
8547.5533590396  3.670519E-18
8550.39283036433  2.816785E-18
8553.23230168907  2.871179E-18
8556.07177301381  3.745603E-18
8558.91124433855  3.505826E-18
8561.75071566329  4.124151E-18
8564.59018698802  4.136554E-18
8567.42965831277  3.700664E-18
8570.2691296375  3.507993E-18
8573.10860096224  4.021765E-18
8575.94807228698  3.308257E-18
8578.78754361172  3.559436E-18
8581.62701493645  4.754357E-18
8584.46648626119  4.754460E-18
8587.30595758593  3.643270E-18
8590.14542891067  3.338811E-18
8592.9849002354  3.896048E-18
8595.82437156014  4.847324E-18
8598.66384288488  5.067447E-18
8601.50331420962  4.482045E-18
8604.34278553436  4.229154E-18
8607.18225685909  2.900492E-18
8610.02172818383  2.105502E-18
8612.86119950857  2.538286E-18
8615.70067083331  3.123508E-18
8618.54014215805  2.051910E-18
8621.37961348278  1.490236E-18
8624.21908480752  3.338585E-18
8627.05855613226  3.824382E-18
8629.898027457  2.109764E-18
8632.73749878174  2.227633E-18
8635.57697010647  1.259001E-18
8638.41644143121  2.410363E-18
8641.25591275595  3.906065E-18
8644.09538408069  2.840405E-18
8646.93485540543  4.226317E-18
8649.77432673016  3.054184E-18
8652.6137980549  3.520357E-18
8655.45326937964  1.929910E-18
8658.29274070438  3.813663E-18
8661.13221202912  4.116172E-18
8663.97168335385  1.856049E-18
8666.81115467859  5.120790E-18
8669.65062600333  4.539468E-18
8672.49009732807  3.683185E-18
8675.32956865281  3.997826E-18
8678.16903997754  2.503435E-18
8681.00851130228  2.943605E-18
8683.84798262702  1.820168E-18
8686.68745395176  3.705428E-18
8689.5269252765  2.766594E-18
8692.36639660123  4.499265E-18
8695.20586792597  3.983538E-18
8698.04533925071  4.043298E-18
8700.88481057545  2.986552E-18
8703.72428190019  3.091277E-18
8706.56375322492  2.915680E-18
8709.40322454966  3.136043E-18
8712.2426958744  3.238317E-18
8715.08216719914  2.575451E-18
8717.92163852388  2.279365E-18
8720.76110984861  2.952322E-18
8723.60058117335  2.525644E-18
8726.44005249809  2.895868E-18
8729.27952382283  2.956357E-18
8732.11899514757  3.183818E-18
8734.9584664723  3.298397E-18
8737.79793779704  3.079434E-18
8740.63740912178  2.339029E-18
8743.47688044652  8.404169E-18
8746.31635177126  1.005602E-18
8749.155823096  -8.630956E-19
8751.99529442073  2.774357E-18
8754.83476574547  3.184365E-18
8757.67423707021  8.827944E-19
8760.51370839495  3.005807E-18
8763.35317971969  4.356394E-18
8766.19265104442  1.295924E-17
8769.03212236916  1.107256E-17
8771.8715936939  -2.488692E-18
8774.71106501864  8.463928E-18
8777.55053634338  1.779835E-18
8780.39000766811  2.002554E-18
8783.22947899285  3.317973E-18
8786.06895031759  6.030597E-18
8788.90842164232  7.765690E-19
8791.74789296706  2.632091E-18
8794.5873642918  2.491817E-18
8797.42683561654  2.187290E-18
8800.26630694128  3.367505E-18
8803.10577826602  8.486202E-18
8805.94524959075  1.091069E-17
8808.78472091549  -6.540756E-18
8811.62419224023  7.300912E-18
8814.46366356497  7.048990E-18
8817.30313488971  6.092174E-18
8820.14260621444  5.511977E-18
8822.98207753918  3.510673E-18
8825.82154886392  4.029386E-18
8828.66102018866  2.279714E-18
8831.5004915134  -1.207044E-18
8834.33996283813  4.100069E-19
8837.17943416287  9.513240E-18
8840.01890548761  2.633642E-18
8842.85837681235  1.984828E-18
8845.69784813709  6.300631E-18
8848.53731946182  3.869629E-18
8851.37679078656  2.126285E-19
8854.2162621113  2.382415E-18
8857.05573343604  2.242749E-19
8859.89520476078  1.757121E-18
8862.73467608551  4.391651E-18
8865.57414741025  6.611356E-18
8868.41361873499  -3.137690E-18
8871.25309005973  -1.516601E-19
8874.09256138447  -1.741489E-18
8876.9320327092  8.923478E-19
8879.77150403394  1.619624E-18
8882.61097535868  -2.317713E-18
8885.45044668342  2.718829E-18
8888.28991800816  -1.742244E-18
8891.1293893329  8.447607E-18
8893.96886065763  -1.185353E-17
8896.80833198237  1.797867E-18
8899.64780330711  4.063406E-18
8902.48727463185  9.607776E-18
8905.32674595658  3.544793E-18
8908.16621728132  7.415684E-18
8911.00568860606  -2.384908E-18
8913.8451599308  5.284363E-18
8916.68463125554  4.369123E-18
8919.52410258027  6.481003E-18
8922.36357390501  1.098447E-18
8925.20304522975  1.799690E-17
8928.04251655449  -7.898136E-18
8930.88198787923  3.124023E-18
8933.72145920396  3.665834E-18
8936.5609305287  -5.218757E-19
8939.40040185344  7.855692E-18
8942.23987317818  5.738154E-18
8945.07934450292  6.585071E-18
8947.91881582765  7.007464E-18
8950.75828715239  6.490145E-18
8953.59775847713  3.292647E-18
8956.43722980187  3.902423E-18
8959.27670112661  3.575197E-18
8962.11617245134  -9.676413E-20
8964.95564377608  7.916765E-18
8967.79511510082  2.307668E-18
8970.63458642556  2.613171E-18
8973.4740577503  4.166717E-18
8976.31352907503  3.682213E-18
8979.15300039977  6.294795E-18
8981.99247172451  1.324298E-19
8984.83194304925  -3.087539E-19
8987.67141437399  1.020254E-18
8990.51088569873  1.386734E-18
8993.35035702346  -4.503352E-19
8996.1898283482  2.905515E-18
8999.02929967294  2.259212E-18
9001.86877099767  1.604046E-18
9004.70824232241  4.339527E-20
9007.54771364715  -2.704475E-18
9010.38718497189  6.135726E-18
9013.22665629663  2.841097E-18
9016.06612762137  2.792808E-18
9018.9055989461  3.783777E-18
9021.74507027084  3.001168E-18
9024.58454159558  3.150543E-18
9027.42401292032  4.114611E-18
9030.26348424506  4.737555E-18
9033.10295556979  2.165359E-18
9035.94242689453  2.716082E-18
9038.78189821927  2.634004E-18
9041.62136954401  3.534271E-18
9044.46084086875  3.039518E-18
9047.30031219348  4.382147E-18
9050.13978351822  3.459742E-18
9052.97925484296  3.485737E-18
9055.8187261677  1.756584E-18
9058.65819749244  2.684880E-18
9061.49766881717  2.361262E-18
9064.33714014191  2.551929E-18
9067.17661146665  2.073094E-18
9070.01608279139  2.639266E-18
9072.85555411613  3.192659E-18
9075.69502544086  3.276663E-18
9078.5344967656  3.388464E-18
9081.37396809034  2.608502E-18
9084.21343941508  3.843929E-18
9087.05291073982  2.196248E-18
9089.89238206455  3.403151E-18
9092.73185338929  3.178154E-18
9095.57132471403  2.879338E-18
9098.41079603877  3.197372E-18
9101.25026736351  2.956918E-18
9104.08973868825  3.334271E-18
9106.92921001298  2.669248E-18
9109.76868133772  4.319086E-18
9112.60815266246  3.431552E-18
9115.4476239872  3.080869E-18
9118.28709531193  3.430945E-18
9121.12656663667  3.074666E-18
9123.96603796141  2.924448E-18
9126.80550928615  2.368214E-18
9129.64498061089  3.030501E-18
9132.48445193562  3.207101E-18
9135.32392326036  3.215185E-18
9138.1633945851  3.263595E-18
9141.00286590984  3.490740E-18
9143.84233723458  3.325289E-18
9146.68180855931  4.275956E-18
9149.52127988405  3.433059E-18
9152.36075120879  3.055339E-18
9155.20022253353  2.716831E-18
9158.03969385827  2.837902E-18
9160.879165183  4.107330E-18
9163.71863650774  3.092350E-18
9166.55810783248  2.829611E-18
9169.39757915722  4.120038E-18
9172.23705048196  3.983517E-18
9175.07652180669  3.363071E-18
9177.91599313143  3.173195E-18
9180.75546445617  3.680732E-18
9183.59493578091  3.143050E-18
9186.43440710565  3.036527E-18
9189.27387843038  3.796441E-18
9192.11334975512  3.610264E-18
9194.95282107986  3.055285E-18
9197.7922924046  1.796534E-18
9200.63176372934  3.150099E-18
9203.47123505407  3.473762E-18
9206.31070637881  4.515775E-18
9209.15017770355  4.032927E-18
9211.98964902829  3.605391E-18
9214.82912035303  3.513225E-18
9217.66859167776  3.986032E-18
9220.5080630025  4.271567E-18
9223.34753432724  3.903854E-18
9226.18700565198  3.484429E-18
9229.02647697672  4.175090E-18
9231.86594830145  4.755804E-18
9234.70541962619  4.261690E-18
9237.54489095093  3.625185E-18
9240.38436227567  3.681919E-18
9243.22383360041  3.329645E-18
9246.06330492514  4.458599E-18
9248.90277624988  4.677092E-18
9251.74224757462  4.726128E-18
9254.58171889936  4.115764E-18
9257.4211902241  4.086334E-18
9260.26066154883  4.282209E-18
9263.10013287357  3.814410E-18
9265.93960419831  3.400028E-18
9268.77907552305  3.469926E-18
9271.61854684779  4.168921E-18
9274.45801817253  3.589699E-18
9277.29748949726  4.638582E-18
9280.136960822  5.747883E-18
9282.97643214674  9.054197E-18
9285.81590347148  1.749519E-17
9288.65537479621  2.238619E-18
9291.49484612095  1.641337E-17
9294.33431744569  -8.528813E-19
9297.17378877043  -3.550131E-18
9300.01326009517  2.913522E-18
9302.8527314199  6.663933E-18
9305.69220274464  -7.421723E-18
9308.53167406938  1.379813E-18
9311.37114539412  -5.328439E-18
9314.21061671886  -3.199988E-18
9317.05008804359  2.447010E-18
9319.88955936833  -9.748063E-18
9322.72903069307  -3.353219E-18
9325.56850201781  2.183559E-19
9328.40797334255  -3.362730E-18
9331.24744466728  2.196189E-18
9334.08691599202  2.944295E-18
9336.92638731676  2.333534E-18
9339.7658586415  2.294908E-18
9342.60532996624  3.708044E-18
9345.44480129097  2.438801E-18
9348.28427261571  -4.543674E-19
9351.12374394045  2.787713E-18
9353.96321526519  -1.282421E-17
9356.80268658993  -7.067927E-18
9359.64215791466  1.354670E-17
9362.4816292394  -1.155695E-17
9365.32110056414  -4.915592E-18
9368.16057188888  -2.274480E-18
9371.00004321361  -1.669442E-18
9373.83951453835  -4.903796E-18
9376.67898586309  -6.534914E-19
9379.51845718783  -4.929277E-18
9382.35792851257  2.145107E-18
9385.1973998373  5.153104E-18
9388.03687116204  -1.021292E-18
9390.87634248678  2.696689E-19
9393.71581381152  1.364701E-18
9396.55528513626  4.774461E-18
9399.394756461  2.313222E-18
9402.23422778573  -8.629306E-19
9405.07369911047  1.313895E-18
9407.91317043521  6.697028E-19
9410.75264175995  3.356940E-18
9413.59211308469  1.552508E-18
9416.43158440942  6.463328E-18
9419.27105573416  6.179021E-18
9422.1105270589  -3.576939E-18
9424.94999838364  2.149192E-18
9427.78946970838  3.813235E-18
9430.62894103311  6.307643E-18
9433.46841235785  3.459649E-18
9436.30788368259  4.704037E-18
9439.14735500733  1.790624E-19
9441.98682633206  -1.872134E-19
9444.8262976568  2.698774E-19
9447.66576898154  -1.617044E-18
9450.50524030628  3.454546E-18
9453.34471163102  -1.201356E-18
9456.18418295576  -2.330885E-18
9459.02365428049  6.910963E-18
9461.86312560523  9.612826E-19
9464.70259692997  4.380006E-18
9467.54206825471  -2.369017E-18
9470.38153957945  2.975323E-18
9473.22101090418  4.140166E-18
9476.06048222892  3.435616E-18
9478.89995355366  2.522181E-18
9481.7394248784  2.098758E-18
9484.57889620314  6.818194E-18
9487.41836752787  -4.634848E-18
9490.25783885261  3.017544E-18
9493.09731017735  1.117771E-18
9495.93678150209  2.413653E-18
9498.77625282683  1.624003E-18
9501.61572415156  -2.263792E-18
9504.4551954763  1.686483E-18
9507.29466680104  5.267605E-19
9510.13413812578  2.134782E-18
9512.97360945052  2.554957E-19
9515.81308077526  1.191499E-18
9518.65255209999  3.604447E-19
9521.49202342473  6.669735E-19
9524.33149474947  7.359992E-19
9527.17096607421  1.653753E-18
9530.01043739895  3.176368E-18
9532.84990872368  2.174973E-18
9535.68938004842  -2.608306E-19
9538.52885137316  1.674597E-18
9541.36832269789  1.349858E-18
9544.20779402263  2.369543E-18
9547.04726534737  1.987255E-18
9549.88673667211  -1.083943E-21
9552.72620799685  1.290375E-18
9555.56567932158  1.625232E-18
9558.40515064632  1.358702E-18
9561.24462197106  -2.063381E-18
9564.0840932958  1.044775E-19
9566.92356462053  4.669589E-19
9569.76303594528  5.541966E-19
9572.60250727001  3.183562E-18
9575.44197859475  -7.825793E-19
9578.28144991949  2.344713E-19
9581.12092124423  7.184483E-19
9583.96039256897  9.157251E-19
9586.7998638937  7.253725E-19
9589.63933521844  1.720307E-18
9592.47880654318  1.683324E-18
9595.31827786792  7.154664E-19
9598.15774919266  1.691918E-18
9600.99722051739  4.665893E-19
9603.83669184213  2.072109E-18
9606.67616316687  1.118810E-18
9609.51563449161  8.975290E-19
9612.35510581635  4.998018E-19
9615.19457714108  2.408252E-18
9618.03404846582  1.680684E-18
9620.87351979056  1.571654E-18
9623.7129911153  8.623737E-19
9626.55246244004  9.446982E-19
9629.39193376477  2.183989E-18
9632.23140508951  1.654807E-18
9635.07087641425  1.220391E-18
9637.91034773899  7.752522E-19
9640.74981906373  6.875879E-19
9643.58929038846  1.345741E-18
9646.4287617132  8.713151E-19
9649.26823303794  9.735625E-19
9652.10770436268  1.057357E-18
9654.94717568742  5.795203E-19
9657.78664701215  2.768567E-18
9660.62611833689  2.385916E-18
9663.46558966163  2.351052E-18
9666.30506098637  3.040606E-18
9669.14453231111  1.663459E-18
9671.98400363584  4.823463E-19
9674.82347496058  2.458838E-18
9677.66294628532  -9.899633E-19
9680.50241761006  3.510764E-18
9683.34188893479  2.886537E-18
9686.18136025953  1.112874E-18
9689.02083158427  1.715260E-18
9691.86030290901  -1.021429E-18
9694.69977423375  1.234769E-18
9697.53924555848  2.030999E-18
9700.37871688322  -9.322891E-19
9703.21818820796  3.127792E-19
9706.0576595327  2.807700E-19
9708.89713085744  6.242287E-19
9711.73660218218  1.425334E-18
9714.57607350691  1.225421E-18
9717.41554483165  8.757916E-19
9720.25501615639  1.240448E-18
9723.09448748113  9.947814E-19
9725.93395880587  2.785061E-19
9728.7734301306  1.367231E-18
9731.61290145534  1.232473E-18
9734.45237278008  1.197373E-18
9737.29184410482  1.286903E-18
9740.13131542955  9.509794E-19
9742.97078675429  1.447384E-18
9745.81025807903  1.404457E-18
9748.64972940377  8.539830E-19
9751.48920072851  1.001696E-18
9754.32867205324  9.263557E-19
9757.16814337798  8.611722E-19
9760.00761470272  9.282862E-19
9762.84708602746  3.929047E-19
9765.6865573522  5.382593E-19
9768.52602867693  -4.307199E-19
9771.36550000167  -2.610295E-18
9774.20497132641  2.259340E-18
9777.04444265115  6.560927E-19
9779.88391397589  6.833681E-19
9782.72338530063  8.921204E-19
9785.56285662536  1.191769E-18
9788.4023279501  9.605679E-19
9791.24179927484  1.211145E-18
9794.08127059958  -6.596903E-19
9796.92074192431  -7.289160E-19
9799.76021324905  2.550708E-18
9802.59968457379  1.911670E-18
9805.43915589853  1.088692E-18
9808.27862722327  1.570073E-18
9811.118098548  1.077607E-18
9813.95756987274  8.855567E-19
9816.79704119748  9.284829E-19
9819.63651252222  1.145353E-18
9822.47598384696  1.521835E-18
9825.31545517169  7.983580E-19
9828.15492649643  1.221672E-19
9830.99439782117  5.088366E-19
9833.83386914591  1.010258E-18
9836.67334047065  1.429377E-18
9839.51281179538  1.232939E-18
9842.35228312012  1.163440E-18
9845.19175444486  2.937173E-19
9848.0312257696  9.854510E-19
9850.87069709434  -1.945009E-18
9853.71016841907  1.128762E-18
9856.54963974381  1.164902E-19
9859.38911106855  2.195415E-19
9862.22858239329  5.959146E-19
9865.06805371803  1.438692E-18
9867.90752504276  -4.225266E-19
9870.7469963675  -1.092868E-18
9873.58646769224  -1.603989E-18
9876.42593901698  -3.165018E-18
9879.26541034172  -1.845096E-18
9882.10488166645  -1.623794E-18
