4672.77880859375  2.096299E-14
4675.6153485775  -1.626655E-14
4678.45188856125  -1.532162E-14
4681.288428545  1.095975E-15
4684.12496852875  8.692075E-14
4686.9615085125  1.009220E-13
4689.79804849625  2.887241E-14
4692.63458848  2.735797E-14
4695.47112846375  3.339493E-14
4698.3076684475  1.140091E-14
4701.14420843125  5.461133E-14
4703.980748415  8.392356E-14
4706.81728839875  2.861733E-14
4709.6538283825  4.759780E-14
4712.49036836625  2.340714E-14
4715.32690835  4.239773E-14
4718.16344833374  3.930812E-14
4720.99998831749  3.353209E-14
4723.83652830124  7.411562E-14
4726.67306828499  4.204504E-14
4729.50960826874  4.314989E-14
4732.34614825249  5.145221E-14
4735.18268823624  1.806760E-14
4738.01922821999  5.043157E-15
4740.85576820374  1.322860E-15
4743.69230818749  2.617036E-14
4746.52884817124  7.286505E-14
4749.36538815499  6.313000E-14
4752.20192813874  5.620584E-14
4755.03846812249  5.932548E-14
4757.87500810624  3.501471E-14
4760.71154808999  -2.659810E-14
4763.54808807374  3.284309E-14
4766.38462805748  1.936568E-14
4769.22116804123  2.356595E-14
4772.05770802498  1.638887E-14
4774.89424800873  2.931961E-14
4777.73078799248  5.646532E-15
4780.56732797623  1.886061E-14
4783.40386795998  2.428282E-14
4786.24040794373  2.429037E-15
4789.07694792748  2.298592E-14
4791.91348791123  -4.302335E-15
4794.75002789498  -2.069994E-15
4797.58656787873  1.572298E-14
4800.42310786248  2.696714E-15
4803.25964784623  4.709828E-14
4806.09618782998  7.072307E-14
4808.93272781372  2.668287E-14
4811.76926779747  3.701022E-14
4814.60580778122  6.291438E-14
4817.44234776497  4.326177E-14
4820.27888774872  4.063139E-14
4823.11542773247  5.239888E-14
4825.95196771622  2.478909E-14
4828.78850769997  3.976501E-15
4831.62504768372  4.628454E-15
4834.46158766747  1.668630E-14
4837.29812765122  4.744059E-14
4840.13466763497  2.541535E-14
4842.97120761872  4.227824E-15
4845.80774760247  3.167019E-14
4848.64428758622  3.477087E-14
4851.48082756997  4.380176E-14
4854.31736755372  3.671535E-14
4857.15390753746  4.650293E-14
4859.99044752121  4.873182E-14
4862.82698750496  4.200337E-14
4865.66352748871  3.302288E-14
4868.50006747246  3.038831E-14
4871.33660745621  2.757989E-14
4874.17314743996  2.071852E-14
4877.00968742371  -5.054012E-16
4879.84622740746  5.798126E-15
4882.68276739121  3.640109E-14
4885.51930737496  1.164299E-14
4888.35584735871  5.441191E-16
4891.19238734246  1.915358E-14
4894.02892732621  2.416997E-14
4896.86546730996  1.586997E-14
4899.70200729371  -6.311257E-16
4902.53854727746  2.801617E-14
4905.3750872612  6.053154E-14
4908.21162724495  4.755643E-14
4911.0481672287  4.098777E-14
4913.88470721245  4.683106E-14
4916.7212471962  -6.465831E-15
4919.55778717995  5.709170E-15
4922.3943271637  2.092811E-14
4925.23086714745  2.704729E-14
4928.0674071312  2.189778E-14
4930.90394711495  1.174244E-14
4933.7404870987  3.181467E-14
4936.57702708245  4.961660E-14
4939.4135670662  3.225986E-14
4942.25010704995  2.813935E-14
4945.0866470337  1.500664E-14
4947.92318701745  1.674784E-13
4950.75972700119  2.015253E-13
4953.59626698494  3.674212E-14
4956.43280696869  3.572450E-14
4959.26934695244  1.828344E-14
4962.10588693619  2.374567E-14
4964.94242691994  2.270722E-14
4967.77896690369  3.056096E-14
4970.61550688744  2.910752E-14
4973.45204687119  2.380577E-14
4976.28858685494  2.571509E-14
4979.12512683869  2.844427E-14
4981.96166682244  1.437587E-14
4984.79820680619  2.735802E-14
4987.63474678994  2.293785E-14
4990.47128677369  1.356073E-14
4993.30782675744  1.759743E-14
4996.14436674119  2.588297E-14
4998.98090672494  8.958262E-15
5001.81744670868  -8.321431E-15
5004.65398669243  1.699991E-14
5007.49052667618  1.995465E-14
5010.32706665993  2.167009E-14
5013.16360664368  3.968666E-14
5016.00014662743  4.178002E-14
5018.83668661118  3.050223E-14
5021.67322659493  8.019861E-15
5024.50976657868  5.174478E-15
5027.34630656243  4.228871E-15
5030.18284654618  1.503118E-14
5033.01938652993  2.325366E-14
5035.85592651368  2.131909E-14
5038.69246649743  3.425508E-14
5041.52900648118  1.797047E-14
5044.36554646493  1.955293E-14
5047.20208644868  3.250215E-14
5050.03862643242  1.715274E-14
5052.87516641617  5.600570E-15
5055.71170639992  1.217470E-14
5058.54824638367  1.267632E-14
5061.38478636742  2.459171E-14
5064.22132635117  2.932434E-14
5067.05786633492  2.480986E-15
5069.89440631867  6.726216E-15
5072.73094630242  -9.252823E-16
5075.56748628617  2.422979E-14
5078.40402626992  3.178571E-14
5081.24056625367  2.223772E-14
5084.07710623742  2.169868E-14
5086.91364622117  2.217539E-14
5089.75018620492  2.451707E-14
5092.58672618867  2.521288E-14
5095.42326617241  1.043632E-14
5098.25980615616  1.401735E-14
5101.09634613991  1.790619E-14
5103.93288612366  2.422258E-14
5106.76942610741  2.835684E-14
5109.60596609116  2.268862E-14
5112.44250607491  1.896526E-14
5115.27904605866  1.173850E-14
5118.11558604241  1.073844E-14
5120.95212602616  1.324108E-14
5123.78866600991  1.240779E-14
5126.62520599366  1.011181E-14
5129.46174597741  9.078199E-15
5132.29828596116  1.878152E-14
5135.13482594491  1.917303E-14
5137.97136592866  1.200491E-14
5140.80790591241  8.984332E-15
5143.64444589616  1.196786E-14
5146.4809858799  1.676497E-14
5149.31752586365  2.657552E-14
5152.1540658474  1.928951E-14
5154.99060583115  1.180430E-14
5157.8271458149  1.640734E-14
5160.66368579865  2.283087E-14
5163.5002257824  1.872668E-14
5166.33676576615  1.440453E-14
5169.1733057499  2.156921E-14
5172.00984573365  1.711419E-14
5174.8463857174  3.533046E-14
5177.68292570115  2.401941E-14
5180.5194656849  1.043621E-14
5183.35600566865  2.185715E-14
5186.1925456524  1.315307E-14
5189.02908563615  1.522486E-14
5191.86562561989  2.059566E-14
5194.70216560364  2.419690E-14
5197.53870558739  1.196249E-14
5200.37524557114  7.814726E-15
5203.21178555489  1.887748E-14
5206.04832553864  1.841805E-14
5208.88486552239  1.692302E-14
5211.72140550614  1.545679E-14
5214.55794548989  1.730585E-14
5217.39448547364  1.291778E-14
5220.23102545739  7.762278E-15
5223.06756544114  1.760413E-14
5225.90410542489  1.738145E-14
5228.74064540864  1.639895E-14
5231.57718539239  1.896009E-14
5234.41372537614  1.710936E-14
5237.25026535988  1.182845E-14
5240.08680534363  2.103246E-14
5242.92334532738  2.203815E-14
5245.75988531113  2.396484E-14
5248.59642529488  2.006905E-14
5251.43296527863  2.119751E-14
5254.26950526238  1.374130E-14
5257.10604524613  1.280530E-14
5259.94258522988  1.572354E-14
5262.77912521363  2.364393E-14
5265.61566519738  1.799350E-14
5268.45220518113  1.106819E-14
5271.28874516488  1.236902E-14
5274.12528514863  1.931963E-14
5276.96182513238  1.425689E-14
5279.79836511612  1.634827E-14
5282.63490509987  1.417766E-14
5285.47144508363  1.445580E-14
5288.30798506737  6.203325E-15
5291.14452505112  1.101286E-14
5293.98106503487  2.703128E-15
5296.81760501862  9.515170E-15
5299.65414500237  1.642916E-14
5302.49068498612  1.985754E-14
5305.32722496987  2.558039E-14
5308.16376495362  1.944771E-14
5311.00030493737  1.343593E-14
5313.83684492112  1.193684E-14
5316.67338490487  5.230773E-15
5319.50992488862  1.116941E-14
5322.34646487237  1.307105E-14
5325.18300485611  1.425520E-14
5328.01954483987  1.434426E-14
5330.85608482361  1.883221E-14
5333.69262480736  1.367997E-14
5336.52916479111  1.299855E-14
5339.36570477486  2.146882E-14
5342.20224475861  1.289611E-14
5345.03878474236  1.393038E-14
5347.87532472611  1.420741E-14
5350.71186470986  1.827460E-14
5353.54840469361  1.909716E-14
5356.38494467736  1.076275E-14
5359.22148466111  1.419776E-14
5362.05802464486  1.574309E-14
5364.89456462861  1.107194E-14
5367.73110461236  8.391157E-15
5370.56764459611  1.017061E-14
5373.40418457986  1.805009E-14
5376.2407245636  1.622642E-14
5379.07726454735  7.476457E-15
5381.9138045311  1.120419E-14
5384.75034451485  1.602295E-14
5387.5868844986  1.466051E-14
5390.42342448235  1.695614E-14
5393.2599644661  1.344656E-14
5396.09650444985  1.789601E-14
5398.9330444336  1.343266E-14
5401.76958441735  9.653429E-15
5404.6061244011  8.698309E-15
5407.44266438485  1.533065E-14
5410.2792043686  1.235066E-14
5413.11574435235  1.611081E-14
5415.9522843361  7.016070E-15
5418.78882431985  8.506778E-15
5421.62536430359  1.937685E-14
5424.46190428734  1.513898E-14
5427.29844427109  1.565247E-14
5430.13498425484  1.823619E-14
5432.97152423859  8.298707E-15
5435.80806422234  1.374853E-14
5438.64460420609  1.250108E-14
5441.48114418984  1.448259E-14
5444.31768417359  1.442252E-14
5447.15422415734  7.879000E-15
5449.99076414109  1.550876E-14
5452.82730412484  1.786757E-14
5455.66384410859  7.204644E-15
5458.50038409234  4.415038E-15
5461.33692407609  1.045521E-14
5464.17346405984  1.611558E-14
5467.01000404358  1.697085E-14
5469.84654402734  1.300179E-14
5472.68308401108  9.087340E-15
5475.51962399483  1.226197E-14
5478.35616397858  1.115312E-14
5481.19270396233  1.282855E-14
5484.02924394608  1.434017E-14
5486.86578392983  9.680007E-15
5489.70232391358  8.742370E-15
5492.53886389733  1.621097E-14
5495.37540388108  1.263033E-14
5498.21194386483  1.078053E-14
5501.04848384858  1.081322E-14
5503.88502383233  1.221772E-14
5506.72156381608  9.397011E-15
5509.55810379983  1.525558E-14
5512.39464378358  1.617788E-14
5515.23118376733  1.338275E-14
5518.06772375107  1.060212E-14
5520.90426373482  1.302530E-14
5523.74080371857  1.532221E-14
5526.57734370232  1.085771E-14
5529.41388368607  1.167910E-14
5532.25042366982  1.607460E-14
5535.08696365357  1.822811E-14
5537.92350363732  1.525803E-14
5540.76004362107  9.148966E-15
5543.59658360482  1.075317E-14
5546.43312358857  1.327992E-14
5549.26966357232  1.105906E-14
5552.10620355607  7.543602E-15
5554.94274353982  1.285364E-14
5557.77928352357  1.130800E-14
5560.61582350732  1.881292E-14
5563.45236349107  1.120320E-14
5566.28890347481  -4.158792E-14
5569.12544345856  1.063391E-14
5571.96198344231  4.096928E-15
5574.79852342606  1.369892E-14
5577.63506340981  1.869064E-14
5580.47160339356  1.391914E-14
5583.30814337731  1.238599E-14
5586.14468336106  2.018773E-14
5588.98122334481  1.090523E-14
5591.81776332856  6.472839E-14
5594.65430331231  1.359251E-14
5597.49084329606  1.726405E-14
5600.32738327981  9.647190E-15
5603.16392326356  1.299766E-14
5606.00046324731  8.933036E-15
5608.83700323106  6.056344E-15
5611.67354321481  5.631322E-15
5614.51008319856  1.083196E-14
5617.3466231823  9.555807E-15
5620.18316316605  1.276192E-14
5623.0197031498  1.305343E-14
5625.85624313355  7.184614E-15
5628.6927831173  8.216914E-15
5631.52932310105  7.464054E-15
5634.3658630848  7.726358E-15
5637.20240306855  1.211269E-14
5640.0389430523  1.266604E-14
5642.87548303605  9.386539E-15
5645.7120230198  1.026107E-14
5648.54856300355  9.120874E-15
5651.3851029873  9.880085E-15
5654.22164297105  1.078250E-14
5657.0581829548  1.079085E-14
5659.89472293854  7.615834E-15
5662.73126292229  1.137794E-14
5665.56780290604  6.892351E-15
5668.40434288979  5.298021E-15
5671.24088287354  8.193657E-15
5674.07742285729  4.803280E-15
5676.91396284104  7.629942E-15
5679.75050282479  9.345298E-15
5682.58704280854  9.511801E-15
5685.42358279229  8.049586E-15
5688.26012277604  8.262114E-15
5691.09666275979  1.075737E-14
5693.93320274354  4.466808E-15
5696.76974272729  6.869424E-15
5699.60628271104  7.092531E-15
5702.44282269478  5.748467E-15
5705.27936267854  8.445871E-15
5708.11590266228  9.211421E-15
5710.95244264603  8.735032E-15
5713.78898262978  7.212138E-15
5716.62552261353  3.388081E-15
5719.46206259728  5.108177E-15
5722.29860258103  7.382766E-15
5725.13514256478  8.772066E-15
5727.97168254853  1.043004E-14
5730.80822253228  1.137049E-14
5733.64476251603  7.622150E-15
5736.48130249978  8.580561E-15
5739.31784248353  1.074276E-14
5742.15438246728  5.934074E-15
5744.99092245103  9.801639E-15
5747.82746243478  9.732853E-15
5750.66400241852  9.029903E-15
5753.50054240227  8.485305E-15
5756.33708238602  1.058167E-14
5759.17362236977  8.704590E-15
5762.01016235352  7.403014E-15
5764.84670233727  9.466142E-15
5767.68324232102  1.120911E-14
5770.51978230477  1.080041E-14
5773.35632228852  8.443355E-15
5776.19286227227  8.429152E-15
5779.02940225602  1.056747E-14
5781.86594223977  9.318063E-15
5784.70248222352  9.067583E-15
5787.53902220727  9.021301E-15
5790.37556219102  1.082568E-14
5793.21210217477  1.186828E-14
5796.04864215852  1.339922E-14
5798.88518214226  5.891929E-15
5801.72172212601  1.115754E-13
5804.55826210976  6.210574E-14
5807.39480209351  1.658301E-14
5810.23134207726  1.122838E-14
5813.06788206101  9.767635E-15
5815.90442204476  8.640729E-15
5818.74096202851  1.086472E-14
5821.57750201226  1.106691E-14
5824.41404199601  1.069942E-14
5827.25058197976  1.157114E-14
5830.08712196351  1.027843E-14
5832.92366194726  1.036174E-14
5835.76020193101  8.858156E-15
5838.59674191475  8.629395E-15
5841.43328189851  1.156362E-14
5844.26982188225  1.026518E-14
5847.106361866  1.119375E-14
5849.94290184975  1.279067E-14
5852.7794418335  1.091432E-14
5855.61598181725  1.087537E-14
5858.452521801  8.990274E-15
5861.28906178475  6.744183E-15
5864.1256017685  7.473283E-15
5866.96214175225  9.917137E-15
5869.798681736  9.755502E-15
5872.63522171975  9.379317E-15
5875.4717617035  3.890581E-15
5878.30830168725  4.732372E-15
5881.144841671  1.827716E-14
5883.98138165475  -1.789757E-17
5886.8179216385  1.733393E-14
5889.65446162225  1.133143E-14
5892.49100160599  7.168043E-15
5895.32754158974  8.145876E-15
5898.16408157349  7.433492E-15
5901.00062155724  1.622584E-14
5903.83716154099  2.076481E-14
5906.67370152474  9.477129E-15
5909.51024150849  1.180845E-14
5912.34678149224  7.728540E-15
5915.18332147599  1.041829E-14
5918.01986145974  8.700489E-15
5920.85640144349  7.776711E-15
5923.69294142724  9.150904E-15
5926.52948141099  9.228585E-15
5929.36602139474  8.543546E-15
5932.20256137849  9.860259E-15
5935.03910136223  7.812187E-15
5937.87564134598  9.640984E-15
5940.71218132973  1.259408E-14
5943.54872131348  9.553103E-15
5946.38526129723  7.797597E-15
5949.22180128098  1.071245E-14
5952.05834126473  1.012042E-14
5954.89488124848  9.231445E-15
5957.73142123223  8.409591E-15
5960.56796121598  8.882026E-15
5963.40450119973  1.036917E-14
5966.24104118348  1.046237E-14
5969.07758116723  1.052242E-14
5971.91412115098  7.306333E-15
5974.75066113473  7.628078E-15
5977.58720111848  8.309546E-15
5980.42374110222  6.785603E-15
5983.26028108598  6.150704E-15
5986.09682106972  7.130277E-15
5988.93336105347  5.698073E-15
5991.76990103722  5.745484E-15
5994.60644102097  6.088166E-15
5997.44298100472  6.370662E-15
6000.27952098847  7.042727E-15
6003.11606097222  8.387938E-15
6005.95260095597  7.869111E-15
6008.78914093972  9.637606E-15
6011.62568092347  8.907006E-15
6014.46222090722  7.488163E-15
6017.29876089097  7.508282E-15
6020.13530087472  7.499555E-15
6022.97184085847  6.686855E-15
6025.80838084222  6.933425E-15
6028.64492082597  7.391139E-15
6031.48146080971  5.560919E-15
6034.31800079346  6.326348E-15
6037.15454077721  7.544902E-15
6039.99108076096  7.083985E-15
6042.82762074471  7.065773E-15
6045.66416072846  6.533006E-15
6048.50070071221  6.114342E-15
6051.33724069596  6.299408E-15
6054.17378067971  6.085620E-15
6057.01032066346  7.243903E-15
6059.84686064721  7.158049E-15
6062.68340063096  5.603270E-15
6065.51994061471  5.336076E-15
6068.35648059846  7.250876E-15
6071.19302058221  8.343564E-15
6074.02956056595  7.065012E-15
6076.8661005497  5.911597E-15
6079.70264053345  5.078734E-15
6082.5391805172  5.109264E-15
6085.37572050095  6.453539E-15
6088.2122604847  5.859721E-15
6091.04880046845  6.721580E-15
6093.8853404522  6.169344E-15
6096.72188043595  5.107025E-15
6099.5584204197  6.366619E-15
6102.39496040345  7.474350E-15
6105.2315003872  6.188109E-15
6108.06804037095  4.643885E-15
6110.9045803547  6.353785E-15
6113.74112033845  5.239972E-15
6116.5776603222  6.875012E-15
6119.41420030595  7.400487E-15
6122.2507402897  7.453518E-15
6125.08728027345  7.107709E-15
6127.9238202572  5.701242E-15
6130.76036024094  5.404451E-15
6133.59690022469  6.367421E-15
6136.43344020844  6.306108E-15
6139.26998019219  6.548914E-15
6142.10652017594  8.730480E-15
6144.94306015969  7.656220E-15
6147.77960014344  7.118928E-15
6150.61614012719  7.640809E-15
6153.45268011094  5.999956E-15
6156.28922009469  4.910854E-15
6159.12576007844  7.851788E-15
6161.96230006219  6.534191E-15
6164.79884004594  6.146408E-15
6167.63538002969  5.195188E-15
6170.47192001344  4.587669E-15
6173.30845999718  6.492627E-15
6176.14499998093  7.265991E-15
6178.98153996468  6.369193E-15
6181.81807994843  4.717978E-15
6184.65461993218  4.153725E-15
6187.49115991593  4.180548E-15
6190.32769989968  7.249847E-15
6193.16423988343  7.458621E-15
6196.00077986718  5.344788E-15
6198.83731985093  6.009020E-15
6201.67385983468  5.927122E-15
6204.51039981843  6.200740E-15
6207.34693980218  6.573384E-15
6210.18347978593  4.880109E-15
6213.02001976968  4.427320E-15
6215.85655975343  7.175793E-15
6218.69309973718  8.351870E-15
6221.52963972092  5.529857E-15
6224.36617970467  4.726282E-15
6227.20271968842  6.230427E-15
6230.03925967217  3.978950E-15
6232.87579965592  4.452707E-15
6235.71233963967  7.983752E-15
6238.54887962342  7.367824E-15
6241.38541960717  5.594358E-15
6244.22195959092  5.651881E-15
6247.05849957467  5.756192E-15
6249.89503955842  6.516810E-15
6252.73157954217  6.560979E-15
6255.56811952592  6.331523E-15
6258.40465950967  4.829432E-15
6261.24119949342  5.539296E-15
6264.07773947716  5.554477E-15
6266.91427946091  7.872622E-15
6269.75081944466  6.603939E-15
6272.58735942841  5.357627E-15
6275.42389941216  4.696724E-15
6278.26043939591  4.885772E-15
6281.09697937966  4.714678E-15
6283.93351936341  3.878257E-15
6286.77005934716  2.597846E-15
6289.60659933091  1.814021E-15
6292.44313931466  3.681648E-15
6295.27967929841  3.653595E-15
6298.11621928216  7.944557E-15
6300.95275926591  8.140812E-15
6303.78929924966  5.931712E-15
6306.62583923341  4.409155E-15
6309.46237921716  6.428798E-15
6312.29891920091  5.860589E-15
6315.13545918465  6.515748E-15
6317.9719991684  4.949432E-15
6320.80853915215  6.714170E-15
6323.6450791359  6.845135E-15
6326.48161911965  5.406516E-15
6329.3181591034  4.850750E-15
6332.15469908715  4.947453E-15
6334.9912390709  5.792191E-15
6337.82777905465  5.987886E-15
6340.6643190384  5.893546E-15
6343.50085902215  6.622229E-15
6346.3373990059  4.435721E-15
6349.17393898965  5.237991E-15
6352.0104789734  4.875727E-15
6354.84701895715  3.819906E-15
6357.6835589409  4.163687E-15
6360.52009892464  4.819331E-15
6363.35663890839  5.675164E-15
6366.19317889214  6.573589E-15
6369.02971887589  6.471250E-15
6371.86625885964  6.245884E-15
6374.70279884339  6.405390E-15
6377.53933882714  7.789580E-15
6380.37587881089  7.417521E-15
6383.21241879464  6.095110E-15
6386.04895877839  6.183555E-15
6388.88549876214  6.661353E-15
6391.72203874589  6.911815E-15
6394.55857872964  6.654417E-15
6397.39511871339  7.389297E-15
6400.23165869714  8.928197E-15
6403.06819868089  7.930107E-15
6405.90473866463  7.121907E-15
6408.74127864838  8.002296E-15
6411.57781863213  7.896060E-15
6414.41435861588  7.527329E-15
6417.25089859963  8.042526E-15
6420.08743858338  7.344258E-15
6422.92397856713  7.036138E-15
6425.76051855088  8.059914E-15
6428.59705853463  7.407916E-15
6431.43359851838  7.422339E-15
6434.27013850213  7.407183E-15
6437.10667848588  6.972749E-15
6439.94321846963  7.535291E-15
6442.77975845338  8.531463E-15
6445.61629843713  8.595023E-15
6448.45283842088  7.074609E-15
6451.28937840462  2.884648E-14
6454.12591838837  1.269507E-13
6456.96245837212  1.031771E-13
6459.79899835587  2.878489E-14
6462.63553833962  7.122492E-15
6465.47207832337  8.027026E-15
6468.30861830712  7.345520E-15
6471.14515829087  6.992625E-15
6473.98169827462  8.189408E-15
6476.81823825837  7.850195E-15
6479.65477824212  7.621122E-15
6482.49131822587  6.235592E-15
6485.32785820962  7.440643E-15
6488.16439819337  6.699001E-15
6491.00093817712  7.460600E-15
6493.83747816086  6.711811E-15
6496.67401814462  7.309099E-15
6499.51055812836  7.549402E-15
6502.34709811211  7.397351E-15
6505.18363809586  6.744207E-15
6508.02017807961  7.359126E-15
6510.85671806336  6.706587E-15
6513.69325804711  7.720307E-15
6516.52979803086  7.717930E-15
6519.36633801461  7.794631E-15
6522.20287799836  6.655980E-15
6525.03941798211  7.491597E-15
6527.87595796586  7.191505E-15
6530.71249794961  7.912829E-15
6533.54903793336  6.900385E-15
6536.38557791711  6.761136E-15
6539.22211790086  6.105045E-15
6542.05865788461  8.340253E-15
6544.89519786836  7.080567E-15
6547.7317378521  7.632585E-15
6550.56827783585  8.403940E-15
6553.4048178196  8.411667E-15
6556.24135780335  8.950540E-15
6559.0778977871  9.277443E-15
6561.91443777085  7.732211E-15
6564.7509777546  8.657667E-15
6567.58751773835  6.462744E-15
6570.4240577221  6.272123E-15
6573.26059770585  8.567443E-15
6576.0971376896  7.264714E-15
6578.93367767335  8.314192E-15
6581.7702176571  7.216351E-15
6584.60675764085  6.472287E-15
6587.4432976246  9.308833E-15
6590.27983760834  7.499525E-15
6593.11637759209  7.844057E-15
6595.95291757584  7.427440E-15
6598.78945755959  7.636469E-15
6601.62599754334  6.959493E-15
6604.46253752709  6.322967E-15
6607.29907751084  6.229940E-15
6610.13561749459  7.173815E-15
6612.97215747834  6.374426E-15
6615.80869746209  7.254520E-15
6618.64523744584  7.310491E-15
6621.48177742959  6.969257E-15
6624.31831741334  6.636997E-15
6627.15485739709  6.911162E-15
6629.99139738084  6.276434E-15
6632.82793736459  6.198526E-15
6635.66447734833  6.438559E-15
6638.50101733209  5.846621E-15
6641.33755731583  6.204989E-15
6644.17409729958  7.098333E-15
6647.01063728333  6.148406E-15
6649.84717726708  6.398760E-15
6652.68371725083  6.373604E-15
6655.52025723458  5.932267E-15
6658.35679721833  6.430430E-15
6661.19333720208  6.114445E-15
6664.02987718583  5.876704E-15
6666.86641716958  6.700932E-15
6669.70295715333  6.297484E-15
6672.53949713708  6.241130E-15
6675.37603712083  5.936408E-15
6678.21257710458  5.085097E-15
6681.04911708833  5.944190E-15
6683.88565707208  5.013193E-15
6686.72219705582  5.898560E-15
6689.55873703957  5.807675E-15
6692.39527702332  5.422408E-15
6695.23181700707  5.932010E-15
6698.06835699082  4.996079E-15
6700.90489697457  4.434260E-15
6703.74143695832  5.405284E-15
6706.57797694207  5.137455E-15
6709.41451692582  6.297475E-15
6712.25105690957  5.777048E-15
6715.08759689332  3.986754E-15
6717.92413687707  5.675812E-15
6720.76067686082  3.639094E-15
6723.59721684457  4.179570E-15
6726.43375682832  5.697260E-15
6729.27029681207  3.820623E-15
6732.10683679582  4.428020E-15
6734.94337677956  4.673733E-15
6737.77991676331  3.373307E-15
6740.61645674706  4.191854E-15
6743.45299673081  4.479390E-15
6746.28953671456  5.068768E-15
6749.12607669831  5.275654E-15
6751.96261668206  4.145962E-15
6754.79915666581  4.512325E-15
6757.63569664956  4.423921E-15
6760.47223663331  5.043810E-15
6763.30877661706  4.899172E-15
6766.14531660081  3.837332E-15
6768.98185658456  4.646201E-15
6771.81839656831  3.810255E-15
6774.65493655206  5.004053E-15
6777.49147653581  4.161899E-15
6780.32801651956  3.870904E-15
6783.1645565033  4.988366E-15
6786.00109648705  3.511378E-15
6788.8376364708  3.004029E-15
6791.67417645455  3.534259E-15
6794.5107164383  3.603163E-15
6797.34725642205  3.621673E-15
6800.1837964058  3.703953E-15
6803.02033638955  2.938144E-15
6805.8568763733  3.047433E-15
6808.69341635705  2.987525E-15
6811.5299563408  3.272328E-15
6814.36649632455  2.627466E-15
6817.2030363083  3.601472E-15
6820.03957629205  1.230744E-15
6822.8761162758  2.607393E-15
6825.71265625955  3.937739E-15
6828.54919624329  3.962369E-15
6831.38573622704  2.155114E-15
6834.22227621079  3.834289E-15
6837.05881619454  2.972077E-15
6839.89535617829  2.925285E-15
6842.73189616204  2.614529E-15
6845.56843614579  2.719491E-15
6848.40497612954  1.275739E-15
6851.24151611329  4.195580E-15
6854.07805609704  3.505769E-15
6856.91459608079  1.822807E-15
6859.75113606454  3.749631E-15
6862.58767604829  2.842138E-15
6865.42421603204  2.055181E-15
6868.26075601579  1.818107E-15
6871.09729599954  3.470550E-15
6873.93383598329  1.908240E-15
6876.77037596703  3.718286E-15
6879.60691595078  2.727585E-15
6882.44345593453  3.126718E-15
6885.27999591828  3.142482E-15
6888.11653590203  3.282718E-15
6890.95307588578  2.672396E-15
6893.78961586953  3.170409E-15
6896.62615585328  4.479331E-15
6899.46269583703  3.109799E-15
6902.29923582078  3.321937E-15
6905.13577580453  2.349994E-15
6907.97231578828  2.749442E-15
6910.80885577203  3.063902E-15
6913.64539575578  2.860746E-15
6916.48193573953  2.733226E-15
6919.31847572328  3.325145E-15
6922.15501570702  3.429916E-15
6924.99155569077  4.065343E-15
6927.82809567452  3.499152E-15
6930.66463565827  3.552916E-15
6933.50117564202  2.444317E-15
6936.33771562577  3.748444E-15
6939.17425560952  3.552800E-15
6942.01079559327  3.265992E-15
6944.84733557702  3.868813E-15
6947.68387556077  5.088236E-15
6950.52041554452  3.422398E-15
6953.35695552827  3.431611E-15
6956.19349551202  5.006712E-15
6959.03003549577  3.156321E-15
6961.86657547952  4.745663E-15
6964.70311546326  3.458368E-15
6967.53965544702  3.613115E-15
6970.37619543076  3.846762E-15
6973.21273541451  3.888289E-15
6976.04927539826  3.537437E-15
6978.88581538201  3.867358E-15
6981.72235536576  3.605775E-15
6984.55889534951  2.692992E-15
6987.39543533326  2.947846E-15
6990.23197531701  3.781778E-15
6993.06851530076  2.809029E-15
6995.90505528451  3.839342E-15
6998.74159526826  3.818608E-15
7001.57813525201  3.709198E-15
7004.41467523576  4.134498E-15
7007.25121521951  3.962532E-15
7010.08775520326  2.956843E-15
7012.92429518701  2.789297E-15
7015.76083517076  3.770120E-15
7018.5973751545  4.247813E-15
7021.43391513825  3.241247E-15
7024.270455122  3.447056E-15
7027.10699510575  3.714625E-15
7029.9435350895  3.785440E-15
7032.78007507325  3.133100E-15
7035.616615057  3.325013E-15
7038.45315504075  3.525873E-15
7041.2896950245  3.450233E-15
7044.12623500825  2.951538E-15
7046.962774992  3.051095E-15
7049.79931497575  3.728642E-15
7052.6358549595  3.325392E-15
7055.47239494325  3.588905E-15
7058.308934927  3.317489E-15
7061.14547491074  3.417656E-15
7063.98201489449  3.156803E-15
7066.81855487824  3.617842E-15
7069.65509486199  2.983429E-15
7072.49163484574  3.869399E-15
7075.32817482949  3.064171E-15
7078.16471481324  2.508049E-15
7081.00125479699  1.246975E-14
7083.83779478074  8.429638E-15
7086.67433476449  3.728842E-15
7089.51087474824  2.762029E-15
7092.34741473199  3.108055E-15
7095.18395471574  3.481900E-15
7098.02049469949  3.591689E-15
7100.85703468324  3.770208E-15
7103.69357466699  3.656217E-15
7106.53011465073  2.705262E-15
7109.36665463449  2.776448E-15
7112.20319461823  2.781683E-15
7115.03973460198  2.964446E-15
7117.87627458573  3.259622E-15
7120.71281456948  3.241686E-15
7123.54935455323  2.937173E-15
7126.38589453698  3.212829E-15
7129.22243452073  3.200026E-15
7132.05897450448  3.341071E-15
7134.89551448823  3.616612E-15
7137.73205447198  2.695518E-15
7140.56859445573  3.158773E-15
7143.40513443948  3.736072E-15
7146.24167442323  3.047918E-15
7149.07821440698  2.909571E-15
7151.91475439073  2.982511E-15
7154.75129437448  3.529689E-15
7157.58783435822  3.399553E-15
7160.42437434197  3.531167E-15
7163.26091432572  3.192469E-15
7166.09745430947  3.100467E-15
7168.93399429322  3.349935E-15
7171.77053427697  3.160206E-15
7174.60707426072  3.157881E-15
7177.44361424447  3.277890E-15
7180.28015422822  3.543909E-15
7183.11669421197  3.247751E-15
7185.95323419572  3.064780E-15
7188.78977417947  2.971290E-15
7191.62631416322  3.414624E-15
7194.46285414697  3.004024E-15
7197.29939413072  3.026628E-15
7200.13593411447  3.281284E-15
7202.97247409821  3.517902E-15
7205.80901408196  3.112587E-15
7208.64555406571  2.928110E-15
7211.48209404946  3.242306E-15
7214.31863403321  3.467128E-15
7217.15517401696  3.255757E-15
7219.99171400071  2.637676E-15
7222.82825398446  2.616362E-15
7225.66479396821  1.708098E-15
7228.50133395196  3.898943E-15
7231.33787393571  2.796428E-15
7234.17441391946  3.582716E-15
7237.01095390321  2.963201E-15
7239.84749388696  3.156631E-15
7242.68403387071  2.946045E-15
7245.52057385446  3.371548E-15
7248.3571138382  3.844132E-15
7251.19365382196  2.902312E-15
7254.0301938057  3.837867E-15
7256.86673378945  2.728551E-15
7259.7032737732  4.573528E-15
7262.53981375695  2.221463E-15
7265.3763537407  3.176415E-15
7268.21289372445  3.551689E-15
7271.0494337082  3.314441E-15
7273.88597369195  3.610372E-15
7276.7225136757  2.294809E-15
7279.55905365945  2.813253E-15
7282.3955936432  2.684982E-15
7285.23213362695  2.958213E-15
7288.0686736107  3.799155E-15
7290.90521359445  2.630388E-15
7293.7417535782  3.425221E-15
7296.57829356195  3.092885E-15
7299.41483354569  3.600011E-15
7302.25137352944  2.803078E-15
7305.08791351319  3.111274E-15
7307.92445349694  3.091715E-15
7310.76099348069  3.166472E-15
7313.59753346444  3.322237E-15
7316.43407344819  2.925072E-15
7319.27061343194  2.764315E-15
7322.10715341569  8.304159E-16
7324.94369339944  4.499943E-15
7327.78023338319  2.601322E-15
7330.61677336694  2.293670E-15
7333.45331335069  2.264392E-15
7336.28985333444  2.695795E-15
7339.12639331819  1.781634E-15
7341.96293330193  2.819696E-15
7344.79947328569  2.125772E-15
7347.63601326943  3.071554E-15
7350.47255325318  9.942355E-16
7353.30909323693  4.514481E-15
7356.14563322068  2.573593E-15
7358.98217320443  2.842050E-15
7361.81871318818  2.735189E-15
7364.65525317193  2.697108E-15
7367.49179315568  2.897490E-15
7370.32833313943  2.908173E-15
7373.16487312318  2.366062E-15
7376.00141310693  2.965749E-15
7378.83795309068  2.308695E-15
7381.67449307443  3.057557E-15
7384.51103305818  2.106920E-15
7387.34757304193  2.154735E-15
7390.18411302567  2.675453E-15
7393.02065300943  2.141094E-15
7395.85719299317  2.081623E-15
7398.69373297692  2.237611E-15
7401.53027296067  2.425827E-15
7404.36681294442  2.597639E-15
7407.20335292817  2.300913E-15
7410.03989291192  2.772030E-15
7412.87643289567  2.352203E-15
7415.71297287942  2.083832E-15
7418.54951286317  2.066590E-15
7421.38605284692  2.858021E-15
7424.22259283067  2.263638E-15
7427.05913281442  2.011605E-15
7429.89567279817  2.000795E-15
7432.73221278191  1.831040E-15
7435.56875276566  1.643594E-15
7438.40529274941  1.878317E-15
7441.24183273316  2.218237E-15
7444.07837271691  1.888619E-15
7446.91491270066  2.370032E-15
7449.75145268441  2.366699E-15
7452.58799266816  2.051972E-15
7455.42453265191  2.048302E-15
7458.26107263566  2.199743E-15
7461.09761261941  2.205320E-15
7463.93415260316  1.869269E-15
7466.77069258691  1.899869E-15
7469.60723257066  1.751727E-15
7472.44377255441  1.796489E-15
7475.28031253816  2.001187E-15
7478.1168525219  1.766825E-15
7480.95339250566  1.377579E-15
7483.7899324894  1.650217E-15
7486.62647247315  2.063357E-15
7489.4630124569  1.702295E-15
7492.29955244065  1.852752E-15
7495.1360924244  1.788365E-15
7497.97263240815  1.640362E-15
7500.8091723919  1.488543E-15
7503.64571237565  1.620307E-15
7506.4822523594  1.582097E-15
7509.31879234315  1.811024E-15
7512.1553323269  1.795690E-15
7514.99187231065  1.803892E-15
7517.8284122944  1.823313E-15
7520.66495227815  1.599970E-15
7523.5014922619  1.620771E-15
7526.33803224565  1.395119E-15
7529.17457222939  1.624427E-15
7532.01111221314  2.217459E-15
7534.84765219689  1.509897E-15
7537.68419218064  1.955202E-15
7540.52073216439  1.727104E-15
7543.35727214814  1.621786E-15
7546.19381213189  1.540612E-15
7549.03035211564  1.543757E-15
7551.86689209939  1.667230E-15
7554.70343208314  1.472807E-15
7557.53997206689  1.261867E-15
7560.37651205064  1.487065E-15
7563.21305203439  1.543527E-15
7566.04959201814  1.829013E-15
7568.88613200189  1.664930E-15
7571.72267198564  1.550819E-15
7574.55921196938  1.724326E-15
7577.39575195313  1.100549E-15
7580.23229193688  1.251958E-15
7583.06883192063  1.411807E-15
7585.90537190438  1.050316E-15
7588.74191188813  9.760937E-16
7591.57845187188  1.103161E-15
7594.41499185563  1.282759E-15
7597.25153183938  1.183729E-15
7600.08807182313  8.385251E-16
7602.92461180688  9.627176E-16
7605.76115179063  9.540988E-16
7608.59769177438  1.024989E-15
7611.43423175813  8.990595E-16
7614.27077174188  9.075931E-16
7617.10731172563  1.082209E-15
7619.94385170937  1.025147E-15
7622.78039169313  1.341466E-15
7625.61693167687  1.256785E-15
7628.45347166062  1.034630E-15
7631.29001164437  1.060828E-15
7634.12655162812  1.138811E-15
7636.96309161187  1.474856E-15
7639.79963159562  1.148466E-15
7642.63617157937  1.191021E-15
7645.47271156312  1.124636E-15
7648.30925154687  1.204773E-15
7651.14579153062  1.427290E-15
7653.98233151437  1.309305E-15
7656.81887149812  1.479247E-15
7659.65541148187  1.575627E-15
7662.49195146562  1.562107E-15
7665.32849144937  1.430662E-15
7668.16503143312  1.557917E-15
7671.00157141686  1.548661E-15
7673.83811140061  1.143870E-15
7676.67465138436  1.312463E-15
7679.51119136811  1.704992E-15
7682.34773135186  1.557308E-15
7685.18427133561  1.372637E-15
7688.02081131936  1.636629E-15
7690.85735130311  1.802785E-15
7693.69389128686  1.417682E-15
7696.53043127061  1.604645E-15
7699.36697125436  9.819677E-16
7702.20351123811  1.139762E-15
7705.04005122186  1.373343E-15
7707.87659120561  1.370396E-15
7710.71313118936  1.700357E-15
7713.54967117311  1.675983E-15
7716.38621115685  1.771428E-15
7719.2227511406  9.887937E-16
7722.05929112435  1.538947E-15
7724.8958311081  1.701891E-15
7727.73237109185  1.527586E-15
7730.5689110756  2.264729E-15
7733.40545105935  1.694704E-17
7736.2419910431  8.900884E-16
7739.07853102685  1.717488E-15
7741.9150710106  1.348732E-15
7744.75161099435  1.546870E-15
7747.5881509781  1.610276E-15
7750.42469096185  1.823980E-15
7753.2612309456  1.388636E-15
7756.09777092935  4.557568E-16
7758.9343109131  1.994770E-15
7761.77085089684  1.687417E-15
7764.6073908806  1.542086E-15
7767.44393086434  9.080393E-16
7770.28047084809  1.384367E-15
7773.11701083184  2.028653E-15
7775.95355081559  9.837480E-16
7778.79009079934  9.540006E-16
7781.62663078309  1.259552E-15
7784.46317076684  1.643188E-15
7787.29971075059  1.170077E-15
7790.13625073434  1.512885E-15
7792.97279071809  1.614892E-15
7795.80933070184  1.680990E-15
7798.64587068559  1.267275E-15
7801.48241066934  1.860415E-15
7804.31895065309  1.266777E-15
7807.15549063684  1.459696E-15
7809.99203062059  1.357948E-15
7812.82857060433  1.742749E-15
7815.66511058808  1.317755E-15
7818.50165057183  1.419592E-15
7821.33819055558  1.649809E-15
7824.17473053933  1.339127E-15
7827.01127052308  8.064635E-16
7829.84781050683  1.846438E-15
7832.68435049058  2.009723E-15
7835.52089047433  7.231238E-16
7838.35743045808  8.902610E-16
7841.19397044183  1.760409E-15
7844.03051042558  1.581697E-15
7846.86705040933  1.315992E-15
7849.70359039308  1.468520E-15
7852.54013037683  1.060200E-15
7855.37667036057  8.329669E-16
7858.21321034432  1.485597E-15
7861.04975032807  5.887825E-16
7863.88629031182  1.487563E-15
7866.72283029557  1.001335E-15
7869.55937027932  2.148369E-15
7872.39591026307  8.998409E-16
7875.23245024682  1.551217E-15
7878.06899023057  5.904275E-16
7880.90553021432  1.168366E-15
7883.74207019807  1.266746E-15
7886.57861018182  1.237840E-15
7889.41515016557  1.155324E-15
7892.25169014932  3.489188E-16
7895.08823013307  1.676529E-15
7897.92477011682  1.117152E-15
7900.76131010057  1.891135E-15
7903.59785008431  1.233177E-15
7906.43439006807  1.067911E-15
7909.27093005181  8.478489E-16
7912.10747003556  1.639875E-15
7914.94401001931  8.262567E-16
7917.78055000306  2.504849E-15
7920.61708998681  -5.130926E-16
7923.45362997056  1.398798E-15
7926.29016995431  1.328742E-15
7929.12670993806  1.077349E-15
7931.96324992181  8.053863E-16
7934.79978990556  1.185691E-15
7937.63632988931  7.292282E-16
7940.47286987306  1.142265E-15
7943.30940985681  4.326303E-16
7946.14594984056  1.340266E-15
7948.9824898243  1.385668E-15
7951.81902980806  7.055888E-16
7954.6555697918  1.528989E-15
7957.49210977555  -4.744941E-16
7960.3286497593  4.980455E-15
7963.16518974305  3.432420E-15
7966.0017297268  5.055404E-16
7968.83826971055  2.404754E-15
7971.6748096943  -1.529718E-15
7974.51134967805  2.120312E-15
7977.3478896618  1.498819E-15
7980.18442964555  1.286490E-15
7983.0209696293  1.555489E-15
7985.85750961305  1.078478E-15
7988.6940495968  1.008915E-15
7991.53058958055  7.427101E-16
7994.3671295643  9.572131E-16
7997.20366954805  1.930091E-15
8000.04020953179  -3.201849E-17
8002.87674951554  9.578786E-17
8005.71328949929  1.431215E-15
8008.54982948304  1.165634E-15
8011.38636946679  8.937377E-16
8014.22290945054  7.440882E-16
8017.05944943429  8.124938E-16
8019.89598941804  9.210513E-16
8022.73252940179  1.176227E-15
8025.56906938554  7.673435E-16
8028.40560936929  6.999079E-16
8031.24214935304  1.220206E-15
8034.07868933679  1.130070E-15
8036.91522932054  8.822590E-16
8039.75176930429  8.693045E-16
8042.58830928804  1.169140E-15
8045.42484927178  9.654640E-16
8048.26138925553  2.056457E-15
8051.09792923928  3.325804E-15
8053.93446922303  1.508364E-15
8056.77100920678  8.857218E-16
8059.60754919053  9.822026E-16
8062.44408917428  7.862763E-16
8065.28062915803  7.872251E-16
8068.11716914178  9.499733E-16
8070.95370912553  1.111092E-15
8073.79024910928  7.303647E-16
8076.62678909303  8.659807E-16
8079.46332907678  1.118437E-15
8082.29986906053  1.100697E-15
8085.13640904428  8.010428E-16
8087.97294902803  1.094398E-15
8090.80948901177  1.002824E-15
8093.64602899553  1.124357E-15
8096.48256897927  7.045384E-16
8099.31910896302  6.383184E-16
8102.15564894677  7.605830E-16
8104.99218893052  1.011620E-15
8107.82872891427  1.000228E-15
8110.66526889802  8.708583E-16
8113.50180888177  1.007839E-15
8116.33834886552  1.023589E-15
8119.17488884927  1.004912E-15
8122.01142883302  8.059143E-16
8124.84796881677  8.720359E-16
8127.68450880052  9.930789E-16
8130.52104878427  9.542497E-16
8133.35758876802  8.770172E-16
8136.19412875177  1.059759E-15
8139.03066873552  1.069710E-15
8141.86720871926  9.758414E-16
8144.70374870301  9.884761E-16
8147.54028868676  1.100648E-15
8150.37682867051  9.709178E-16
8153.21336865426  8.584613E-16
8156.04990863801  8.922854E-16
8158.88644862176  8.563057E-16
8161.72298860551  9.039985E-16
8164.55952858926  9.641934E-16
8167.39606857301  9.390092E-16
8170.23260855676  7.874106E-16
8173.06914854051  1.315044E-15
8175.90568852426  2.789177E-15
8178.74222850801  1.778719E-15
8181.57876849176  8.309906E-16
8184.41530847551  1.138514E-15
8187.25184845925  7.961099E-16
8190.088388443  7.482146E-16
8192.92492842675  8.446297E-16
8195.7614684105  8.700588E-16
8198.59800839425  7.165260E-16
8201.434548378  9.295623E-16
8204.27108836175  8.971235E-16
8207.1076283455  7.905306E-16
8209.94416832925  8.724294E-16
8212.780708313  8.334128E-16
8215.61724829675  7.740860E-16
8218.4537882805  7.541893E-16
8221.29032826425  7.317709E-16
8224.126868248  7.871903E-16
8226.96340823175  7.254836E-16
8229.7999482155  7.615332E-16
8232.63648819924  7.546867E-16
8235.473028183  9.103037E-16
8238.30956816675  8.762999E-16
8241.14610815049  7.297943E-16
8243.98264813424  8.210666E-16
8246.81918811799  7.918166E-16
8249.65572810174  7.933499E-16
8252.49226808549  7.610146E-16
8255.32880806924  7.293271E-16
8258.16534805299  9.479518E-16
8261.00188803674  7.360670E-16
8263.83842802049  4.921768E-16
8266.67496800424  1.071506E-15
8269.51150798799  7.732761E-16
8272.34804797174  3.931146E-16
8275.18458795548  9.597028E-16
8278.02112793924  8.348924E-16
8280.85766792298  5.729225E-16
8283.69420790673  1.212695E-15
8286.53074789049  8.992569E-16
8289.36728787423  1.262449E-15
8292.20382785798  7.441683E-16
8295.04036784173  8.153878E-16
8297.87690782548  9.665911E-16
8300.71344780923  4.732213E-16
8303.54998779298  2.715217E-16
8306.38652777673  5.591883E-16
8309.22306776048  9.399333E-16
8312.05960774423  8.379931E-16
8314.89614772798  7.646261E-16
8317.73268771173  7.387102E-16
8320.56922769548  4.207624E-16
8323.40576767923  8.674100E-16
8326.24230766297  2.673347E-15
8329.07884764672  7.770882E-16
8331.91538763047  1.295242E-15
8334.75192761422  1.687418E-15
8337.58846759797  1.042531E-15
8340.42500758172  1.321800E-15
8343.26154756547  1.387592E-15
8346.09808754922  2.450910E-15
8348.93462753297  1.484615E-15
8351.77116751672  4.972307E-16
8354.60770750047  1.536744E-15
8357.44424748422  6.693435E-16
8360.28078746797  5.782787E-16
8363.11732745172  1.569017E-15
8365.95386743547  1.268584E-15
8368.79040741922  1.093227E-15
8371.62694740296  1.108256E-15
8374.46348738671  4.664022E-16
8377.30002737046  5.605760E-16
8380.13656735421  2.348509E-15
8382.97310733796  1.735778E-15
8385.80964732171  1.802062E-15
8388.64618730546  1.315272E-15
8391.48272728921  4.919923E-16
8394.31926727296  1.020368E-15
8397.15580725671  2.158152E-15
8399.99234724046  1.354196E-15
8402.82888722421  1.988488E-15
8405.66542720796  1.952686E-15
8408.50196719171  -1.398573E-15
8411.33850717546  1.719196E-15
8414.17504715921  4.160430E-16
8417.01158714296  7.376144E-16
8419.8481271267  7.275630E-16
8422.68466711045  4.717654E-16
8425.5212070942  2.229141E-16
8428.35774707795  8.964303E-17
8431.1942870617  -4.186626E-16
8434.03082704545  -1.095001E-16
8436.8673670292  1.760452E-15
8439.70390701295  -2.940727E-16
8442.5404469967  1.564216E-15
8445.37698698045  -1.081898E-16
8448.2135269642  1.788409E-15
8451.05006694795  7.171731E-16
8453.8866069317  8.668224E-16
8456.72314691545  9.287758E-16
8459.5596868992  1.698818E-15
8462.39622688295  1.256766E-15
8465.2327668667  1.489791E-15
8468.06930685044  1.060783E-15
8470.90584683419  1.471562E-15
8473.74238681794  5.637473E-16
8476.57892680169  1.205066E-15
8479.41546678544  1.160904E-15
8482.25200676919  1.462277E-15
8485.08854675294  5.840387E-16
8487.92508673669  1.461388E-15
8490.76162672044  1.087217E-15
8493.59816670419  1.167459E-15
8496.43470668794  1.282824E-15
8499.27124667169  1.380948E-15
8502.10778665544  1.423955E-15
8504.94432663919  1.603555E-15
8507.78086662294  1.422252E-15
8510.61740660669  1.203943E-15
8513.45394659044  1.113904E-15
8516.29048657418  1.306597E-15
8519.12702655793  1.297008E-15
8521.96356654168  1.411632E-15
8524.80010652543  1.318363E-15
8527.63664650918  1.344658E-15
8530.47318649293  1.243049E-15
8533.30972647668  1.395538E-15
8536.14626646043  1.501836E-15
8538.98280644418  1.491487E-15
8541.81934642793  1.496124E-15
8544.65588641168  1.356141E-15
8547.49242639543  1.349488E-15
8550.32896637918  1.417025E-15
8553.16550636293  1.359447E-15
8556.00204634668  1.506213E-15
8558.83858633042  1.367082E-15
8561.67512631417  1.450118E-15
8564.51166629792  1.424925E-15
8567.34820628167  1.446269E-15
8570.18474626542  1.214965E-15
8573.02128624917  1.293089E-15
8575.85782623292  1.497546E-15
8578.69436621667  1.484565E-15
8581.53090620042  1.465949E-15
8584.36744618417  1.525230E-15
8587.20398616792  1.474196E-15
8590.04052615167  1.552504E-15
8592.87706613542  1.532337E-15
8595.71360611917  1.470794E-15
8598.55014610292  1.369749E-15
8601.38668608667  1.382107E-15
8604.22322607041  1.439767E-15
8607.05976605417  1.500305E-15
8609.89630603791  1.339012E-15
8612.73284602166  1.564274E-15
8615.56938600541  1.821518E-15
8618.40592598916  1.557645E-15
8621.24246597291  1.688166E-15
8624.07900595666  1.360079E-15
8626.91554594041  1.319200E-15
8629.75208592416  1.835224E-15
8632.58862590791  1.577518E-15
8635.42516589166  1.898845E-15
8638.26170587541  1.396621E-15
8641.09824585916  1.618171E-15
8643.93478584291  1.403523E-15
8646.77132582666  1.208763E-15
8649.60786581041  1.428982E-15
8652.44440579416  1.227885E-15
8655.2809457779  1.842425E-15
8658.11748576165  1.387016E-15
8660.9540257454  1.488911E-15
8663.79056572915  1.429840E-15
8666.6271057129  1.028120E-15
8669.46364569665  1.579849E-15
8672.3001856804  1.063013E-15
8675.13672566415  1.398381E-15
8677.9732656479  1.318452E-15
8680.80980563165  1.499087E-15
8683.6463456154  1.286706E-15
8686.48288559915  1.393696E-15
8689.3194255829  1.208788E-15
8692.15596556665  1.235296E-15
8694.9925055504  1.226072E-15
8697.82904553415  1.322809E-15
8700.66558551789  1.292457E-15
8703.50212550164  1.257981E-15
8706.33866548539  1.472202E-15
8709.17520546914  1.519828E-15
8712.01174545289  1.542439E-15
8714.84828543664  1.520155E-15
8717.68482542039  1.402092E-15
8720.52136540414  1.460238E-15
8723.35790538789  1.507463E-15
8726.19444537164  1.452131E-15
8729.03098535539  1.422765E-15
8731.86752533914  1.342033E-15
8734.70406532289  1.176201E-15
8737.54060530664  1.320166E-15
8740.37714529039  9.473330E-16
8743.21368527414  1.454663E-15
8746.05022525788  1.014738E-15
8748.88676524164  1.165618E-15
8751.72330522538  1.040395E-15
8754.55984520913  1.505463E-15
8757.39638519288  6.543844E-16
8760.23292517663  4.534315E-16
8763.06946516038  1.235459E-15
8765.90600514413  5.196424E-16
8768.74254512788  9.553076E-16
8771.57908511163  7.200953E-16
8774.41562509538  1.199505E-15
8777.25216507913  1.737678E-15
8780.08870506288  8.401840E-16
8782.92524504663  6.267743E-16
8785.76178503038  1.246478E-15
8788.59832501412  1.292553E-15
8791.43486499788  8.738071E-16
8794.27140498163  8.017472E-16
8797.10794496537  9.345919E-16
8799.94448494912  1.129896E-15
8802.78102493287  7.350468E-16
8805.61756491662  2.446003E-15
8808.45410490037  3.899825E-16
8811.29064488412  2.506604E-16
8814.12718486787  1.425229E-15
8816.96372485162  5.136127E-16
8819.80026483537  4.744945E-16
8822.63680481912  9.399389E-16
8825.47334480287  3.294873E-16
8828.30988478662  6.255759E-16
8831.14642477037  -4.811436E-16
8833.98296475412  3.973182E-16
8836.81950473786  1.333145E-15
8839.65604472161  1.065290E-15
8842.49258470536  4.844884E-16
8845.32912468911  9.322946E-16
8848.16566467286  9.210763E-16
8851.00220465661  6.863981E-16
8853.83874464036  8.654686E-16
8856.67528462411  5.748637E-16
8859.51182460786  9.848539E-16
8862.34836459161  -2.453997E-16
8865.18490457536  1.722967E-15
8868.02144455911  1.539977E-15
8870.85798454286  1.253911E-15
8873.69452452661  7.777322E-16
8876.53106451036  8.641763E-16
8879.36760449411  7.995704E-16
8882.20414447786  1.070135E-15
8885.0406844616  1.372820E-15
8887.87722444535  1.396350E-15
8890.71376442911  8.889512E-16
8893.55030441285  9.543517E-16
8896.3868443966  -1.062600E-15
8899.22338438035  9.905482E-16
8902.0599243641  1.465020E-15
8904.89646434785  3.725821E-16
8907.7330043316  1.107604E-15
8910.56954431535  9.568831E-16
8913.4060842991  5.388811E-16
8916.24262428285  9.124843E-16
8919.0791642666  1.167122E-15
8921.91570425035  9.338912E-16
8924.7522442341  7.863113E-16
8927.58878421785  1.322794E-15
8930.4253242016  2.916385E-17
8933.26186418534  1.228742E-15
8936.09840416909  5.887626E-16
8938.93494415284  5.991217E-16
8941.77148413659  1.624507E-15
8944.60802412034  7.420054E-16
8947.44456410409  8.244674E-16
8950.28110408784  6.033463E-16
8953.11764407159  1.968002E-16
8955.95418405534  3.686874E-16
8958.79072403909  3.971238E-16
8961.62726402284  -1.866406E-16
8964.46380400659  2.540040E-16
8967.30034399034  1.421707E-15
8970.13688397409  3.744747E-16
8972.97342395784  9.333133E-16
8975.80996394159  5.778573E-16
8978.64650392534  9.253268E-16
8981.48304390908  5.874482E-16
8984.31958389283  1.306701E-16
8987.15612387658  4.014113E-16
8989.99266386033  5.484753E-16
8992.82920384408  5.546217E-16
8995.66574382783  7.088214E-16
8998.50228381158  7.758396E-16
9001.33882379533  5.617845E-16
9004.17536377908  2.091713E-16
9007.01190376283  2.897275E-16
9009.84844374658  7.488305E-16
9012.68498373033  4.957070E-16
9015.52152371408  6.702351E-16
9018.35806369783  6.450989E-16
9021.19460368158  6.006030E-16
9024.03114366532  5.858131E-16
9026.86768364908  6.922752E-16
9029.70422363282  6.820019E-16
9032.54076361657  4.232514E-16
9035.37730360032  5.119398E-16
9038.21384358407  5.160298E-16
9041.05038356782  6.538788E-16
9043.88692355157  5.638016E-16
9046.72346353532  5.067457E-16
9049.56000351907  5.288446E-16
9052.39654350282  5.949161E-16
9055.23308348657  7.823005E-16
9058.06962347032  4.218848E-16
9060.90616345407  5.616111E-16
9063.74270343782  5.374682E-16
9066.57924342157  5.019311E-16
9069.41578340532  5.279322E-16
9072.25232338906  4.619844E-16
9075.08886337281  5.967763E-16
9077.92540335656  5.391300E-16
9080.76194334031  5.784685E-16
9083.59848332406  6.598262E-16
9086.43502330781  5.758103E-16
9089.27156329156  5.159451E-16
9092.10810327531  5.470688E-16
9094.94464325906  5.937281E-16
9097.78118324281  4.851472E-16
9100.61772322656  6.208731E-16
9103.45426321031  6.229229E-16
9106.29080319406  5.570208E-16
9109.12734317781  6.681319E-16
9111.96388316156  5.235071E-16
9114.8004231453  6.027948E-16
9117.63696312905  5.309493E-16
9120.4735031128  5.941625E-16
9123.31004309655  5.588678E-16
9126.1465830803  5.112407E-16
9128.98312306405  5.272630E-16
9131.8196630478  5.471970E-16
9134.65620303155  4.959956E-16
9137.4927430153  5.049646E-16
9140.32928299905  7.083890E-16
9143.1658229828  5.451416E-16
9146.00236296655  4.923520E-16
9148.8389029503  8.314512E-16
9151.67544293405  2.090379E-15
9154.5119829178  1.924754E-15
9157.34852290155  3.592209E-16
9160.1850628853  6.043194E-16
9163.02160286905  4.879168E-16
9165.85814285279  4.797640E-16
9168.69468283654  5.353081E-16
9171.53122282029  6.264923E-16
9174.36776280404  5.751258E-16
9177.20430278779  5.703265E-16
9180.04084277154  6.248301E-16
9182.87738275529  6.208202E-16
9185.71392273904  5.930383E-16
9188.55046272279  5.469409E-16
9191.38700270654  6.304941E-16
9194.22354269029  6.419334E-16
9197.06008267404  9.391461E-16
9199.89662265779  7.305360E-16
9202.73316264154  7.018555E-16
9205.56970262529  8.066706E-16
9208.40624260904  6.179969E-16
9211.24278259278  6.148552E-16
9214.07932257653  6.328462E-16
9216.91586256028  6.402736E-16
9219.75240254403  6.690665E-16
9222.58894252778  7.202408E-16
9225.42548251153  5.552097E-16
9228.26202249528  6.856891E-16
9231.09856247903  7.983619E-16
9233.93510246278  5.418505E-16
9236.77164244653  4.663866E-16
9239.60818243028  8.599872E-16
9242.44472241403  2.935165E-15
9245.28126239778  3.267619E-15
9248.11780238153  2.820227E-15
9250.95434236528  1.303291E-15
9253.79088234903  6.368630E-16
9256.62742233277  7.247991E-16
9259.46396231653  7.056730E-16
9262.30050230027  6.140718E-16
9265.13704228402  4.728745E-16
9267.97358226777  6.050614E-16
9270.81012225152  6.956588E-16
9273.64666223527  7.572577E-16
9276.48320221902  7.425251E-16
9279.31974220277  6.485901E-16
9282.15628218652  9.290647E-16
9284.99282217027  1.161353E-15
9287.82936215402  1.891398E-16
9290.66590213777  1.186526E-15
9293.50244212152  -1.264349E-17
9296.33898210527  5.843708E-16
9299.17552208902  6.756230E-16
9302.01206207277  1.578908E-15
9304.84860205652  -6.185565E-16
9307.68514204026  9.318113E-17
9310.52168202401  3.897622E-16
9313.35822200776  2.720393E-16
9316.19476199151  1.140097E-15
9319.03130197526  -2.484675E-16
9321.86784195901  1.599147E-15
9324.70438194276  1.114084E-15
9327.54092192651  1.178609E-15
9330.37746191026  -1.223052E-16
9333.21400189401  7.275511E-16
9336.05054187776  5.423067E-16
9338.88708186151  4.647947E-16
9341.72362184526  7.454409E-16
9344.56016182901  2.302303E-16
9347.39670181276  4.470953E-16
9350.23324179651  7.052897E-16
9353.06978178026  -1.158693E-15
9355.90632176401  1.965589E-15
9358.74286174775  1.561850E-15
9361.5794017315  9.567878E-16
9364.41594171525  9.844711E-16
9367.252481699  1.641416E-15
9370.08902168275  1.085091E-15
9372.9255616665  1.186155E-15
9375.76210165025  1.344126E-15
9378.598641634  8.849087E-16
9381.43518161775  3.146341E-15
9384.2717216015  -6.108931E-16
9387.10826158525  1.544738E-17
9389.944801569  5.277403E-16
9392.78134155275  6.128145E-16
9395.6178815365  3.509443E-16
9398.45442152025  1.474056E-16
9401.29096150399  1.456388E-16
9404.12750148775  3.331932E-16
9406.96404147149  2.512635E-16
9409.80058145524  2.480213E-16
9412.63712143899  2.292723E-16
9415.47366142274  3.776471E-16
9418.31020140649  1.028955E-15
9421.14674139024  -1.921251E-16
9423.98328137399  -6.487801E-17
9426.81982135774  7.232673E-16
9429.65636134149  4.445146E-16
9432.49290132524  3.175572E-16
9435.32944130899  4.225564E-16
9438.16598129274  5.758398E-16
9441.00252127649  2.850073E-16
9443.83906126024  1.376148E-16
9446.67560124399  2.972868E-16
9449.51214122774  7.155581E-16
9452.34868121148  2.277915E-16
9455.18522119523  4.808076E-16
9458.02176117898  1.879484E-16
9460.85830116273  4.139157E-16
9463.69484114648  1.147948E-15
9466.53138113023  1.449617E-15
9469.36792111398  8.910981E-16
9472.20446109773  1.499067E-16
9475.04100108148  2.179433E-16
9477.87754106523  6.959162E-17
9480.71408104898  4.406429E-16
9483.55062103273  -5.696069E-17
9486.38716101648  -2.366983E-16
9489.22370100023  2.419212E-16
9492.06024098398  9.296721E-17
9494.89678096773  2.605040E-16
9497.73332095147  -3.901428E-16
9500.56986093522  2.631334E-16
9503.40640091897  6.419324E-16
9506.24294090272  2.534882E-17
9509.07948088647  2.543163E-16
9511.91602087022  1.966834E-16
9514.75256085397  1.181106E-16
9517.58910083772  2.147213E-16
9520.42564082147  1.299577E-16
9523.26218080522  -3.136499E-17
9526.09872078897  2.322058E-16
9528.93526077272  4.561747E-16
9531.77180075647  2.776409E-17
9534.60834074022  4.812073E-17
9537.44488072397  2.100784E-16
9540.28142070772  2.001337E-16
9543.11796069147  1.882693E-16
9545.95450067521  3.802831E-16
9548.79104065896  1.441948E-16
9551.62758064271  8.173861E-17
9554.46412062646  1.813869E-16
9557.30066061021  2.437946E-17
9560.13720059396  1.246788E-16
9562.97374057771  2.245316E-16
9565.81028056146  2.139230E-16
9568.64682054521  2.766402E-16
9571.48336052896  2.588784E-16
9574.31990051271  9.426376E-17
9577.15644049646  1.223819E-16
9579.99298048021  1.666641E-16
9582.82952046396  1.784333E-16
9585.66606044771  1.117193E-16
9588.50260043145  1.281417E-16
9591.33914041521  7.109253E-17
9594.17568039895  4.060410E-16
9597.0122203827  1.080339E-15
9599.84876036645  1.128828E-15
9602.6853003502  1.189505E-15
9605.52184033395  7.103095E-17
9608.3583803177  1.524148E-16
9611.19492030145  2.923933E-16
9614.0314602852  7.382109E-16
9616.86800026895  6.299281E-16
9619.7045402527  2.662099E-16
9622.54108023645  1.569387E-16
9625.3776202202  1.791689E-16
9628.21416020395  2.156335E-16
9631.0507001877  1.210065E-16
9633.88724017145  1.296224E-16
9636.7237801552  1.665935E-16
9639.56032013895  1.252580E-16
9642.39686012269  1.495090E-16
9645.23340010644  2.190892E-16
9648.06994009019  1.243415E-16
9650.90648007394  4.372811E-17
9653.74302005769  1.345385E-16
9656.57956004144  1.809363E-16
9659.41610002519  1.770727E-16
9662.25264000894  1.188853E-16
9665.08917999269  4.415839E-17
9667.92571997644  8.120712E-17
9670.76225996019  7.576067E-18
9673.59879994394  2.897140E-17
9676.43533992769  1.481070E-17
9679.27187991144  1.052795E-16
9682.10841989519  8.184540E-17
9684.94495987893  1.719030E-16
9687.78149986268  1.579159E-16
9690.61803984643  9.990369E-17
9693.45457983018  1.475548E-16
9696.29111981393  8.869627E-17
9699.12765979768  -6.399763E-17
9701.96419978143  1.324897E-16
9704.80073976518  1.544678E-16
9707.63727974893  1.259116E-16
9710.47381973268  -1.715001E-18
9713.31035971643  5.543753E-17
9716.14689970018  1.469665E-16
9718.98343968393  1.631222E-16
9721.81997966768  1.472040E-16
9724.65651965143  1.253163E-16
9727.49305963518  2.723983E-16
9730.32959961892  -2.491728E-17
9733.16613960268  9.248049E-17
9736.00267958642  2.884097E-17
9738.83921957017  5.285598E-17
9741.67575955392  6.336968E-17
9744.51229953767  1.025826E-16
9747.34883952142  1.895105E-16
9750.18537950517  1.216838E-16
9753.02191948892  9.571292E-17
9755.85845947267  1.756285E-16
9758.69499945642  1.170877E-16
9761.53153944017  9.696547E-17
9764.36807942392  7.952522E-17
9767.20461940767  5.181682E-17
9770.04115939142  7.038156E-17
9772.87769937517  4.319062E-17
9775.71423935892  -9.557648E-17
9778.55077934266  7.240078E-17
9781.38731932641  2.116725E-16
9784.22385931016  1.057043E-16
9787.06039929391  5.797756E-17
9789.89693927766  5.148518E-16
9792.73347926141  1.403124E-15
9795.57001924516  5.900200E-16
9798.40655922891  3.640821E-16
9801.24309921266  2.208188E-17
9804.07963919641  2.238206E-16
9806.91617918016  2.883868E-16
9809.75271916391  9.786238E-17
9812.58925914766  1.433857E-16
9815.42579913141  1.865701E-16
9818.26233911516  1.709501E-16
9821.09887909891  1.595071E-16
9823.93541908266  1.081334E-16
9826.7719590664  1.161612E-16
9829.60849905015  5.972040E-18
9832.4450390339  -5.417016E-17
9835.28157901765  -4.916413E-17
9838.1181190014  -4.858553E-17
9840.95465898515  -4.848711E-17
9843.7911989689  -4.839287E-17
