4672.77880859375  1.620875E-18
4675.6153485775  -1.267278E-18
4678.45188856125  -1.202703E-18
4681.288428545  8.668178E-20
4684.12496852875  6.926602E-18
4686.9615085125  8.103038E-18
4689.79804849625  2.335646E-18
4692.63458848  2.229801E-18
4695.47112846375  2.742309E-18
4698.3076684475  9.432466E-19
4701.14420843125  4.552125E-18
4703.980748415  7.047872E-18
4706.81728839875  2.421258E-18
4709.6538283825  4.057259E-18
4712.49036836625  2.010132E-18
4715.32690835  3.668132E-18
4718.16344833374  3.426148E-18
4720.99998831749  2.944434E-18
4723.83652830124  6.556393E-18
4726.67306828499  3.746960E-18
4729.50960826874  3.873913E-18
4732.34614825249  4.653453E-18
4735.18268823624  1.646147E-18
4738.01922821999  4.628744E-19
4740.85576820374  1.223105E-19
4743.69230818749  2.437493E-18
4746.52884817124  6.836485E-18
4749.36538815499  5.966572E-18
4752.20192813874  5.351093E-18
4755.03846812249  5.689438E-18
4757.87500810624  3.382529E-18
4760.71154808999  -2.588210E-18
4763.54808807374  3.219192E-18
4766.38462805748  1.911991E-18
4769.22116804123  2.343598E-18
4772.05770802498  1.641679E-18
4774.89424800873  2.958241E-18
4777.73078799248  5.738388E-19
4780.56732797623  1.930594E-18
4783.40386795998  2.503555E-18
4786.24040794373  2.522383E-19
4789.07694792748  2.404105E-18
4791.91348791123  -4.532157E-19
4794.75002789498  -2.196214E-19
4797.58656787873  1.680123E-18
4800.42310786248  2.902269E-19
4803.25964784623  5.105043E-18
4806.09618782998  7.720436E-18
4808.93272781372  2.933565E-18
4811.76926779747  4.097905E-18
4814.60580778122  7.015584E-18
4817.44234776497  4.858325E-18
4820.27888774872  4.595238E-18
4823.11542773247  5.967978E-18
4825.95196771622  2.843289E-18
4828.78850769997  4.593156E-19
4831.62504768372  5.383824E-19
4834.46158766747  1.954588E-18
4837.29812765122  5.596053E-18
4840.13466763497  3.018972E-18
4842.97120761872  5.057151E-19
4845.80774760247  3.814708E-18
4848.64428758622  4.217388E-18
4851.48082756997  5.349727E-18
4854.31736755372  4.515392E-18
4857.15390753746  5.758780E-18
4859.99044752121  6.076599E-18
4862.82698750496  5.273824E-18
4865.66352748871  4.174889E-18
4868.50006747246  3.868297E-18
4871.33660745621  3.534962E-18
4874.17314743996  2.673779E-18
4877.00968742371  -6.567076E-20
4879.84622740746  7.585561E-19
4882.68276739121  4.794837E-18
4885.51930737496  1.544112E-18
4888.35584735871  7.265371E-20
4891.19238734246  2.574894E-18
4894.02892732621  3.271337E-18
4896.86546730996  2.162522E-18
4899.70200729371  -8.658277E-20
4902.53854727746  3.869456E-18
4905.3750872612  8.416731E-18
4908.21162724495  6.657126E-18
4911.0481672287  5.776212E-18
4913.88470721245  6.643984E-18
4916.7212471962  -9.234646E-19
4919.55778717995  8.208524E-19
4922.3943271637  3.029101E-18
4925.23086714745  3.940886E-18
4928.0674071312  3.211823E-18
4930.90394711495  1.733752E-18
4933.7404870987  4.728551E-18
4936.57702708245  7.423254E-18
4939.4135670662  4.858385E-18
4942.25010704995  4.265797E-18
4945.0866470337  2.289926E-18
4947.92318701745  2.572436E-17
4950.75972700119  3.115713E-17
4953.59626698494  5.717802E-18
4956.43280696869  5.595814E-18
4959.26934695244  2.882592E-18
4962.10588693619  3.768181E-18
4964.94242691994  3.626845E-18
4967.77896690369  4.912977E-18
4970.61550688744  4.709672E-18
4973.45204687119  3.876773E-18
4976.28858685494  4.214768E-18
4979.12512683869  4.692163E-18
4981.96166682244  2.386713E-18
4984.79820680619  4.571243E-18
4987.63474678994  3.857271E-18
4990.47128677369  2.295006E-18
4993.30782675744  2.997215E-18
4996.14436674119  4.436557E-18
4998.98090672494  1.545304E-18
5001.81744670868  -1.444580E-18
5004.65398669243  2.969877E-18
5007.49052667618  3.508159E-18
5010.32706665993  3.833843E-18
5013.16360664368  7.065642E-18
5016.00014662743  7.485211E-18
5018.83668661118  5.499091E-18
5021.67322659493  1.454940E-18
5024.50976657868  9.446223E-19
5027.34630656243  7.768278E-19
5030.18284654618  2.778417E-18
5033.01938652993  4.325086E-18
5035.85592651368  3.989938E-18
5038.69246649743  6.450763E-18
5041.52900648118  3.405102E-18
5044.36554646493  3.727881E-18
5047.20208644868  6.234996E-18
5050.03862643242  3.310756E-18
5052.87516641617  1.087653E-18
5055.71170639992  2.378900E-18
5058.54824638367  2.492101E-18
5061.38478636742  4.864192E-18
5064.22132635117  5.835727E-18
5067.05786633492  4.967428E-19
5069.89440631867  1.354919E-18
5072.73094630242  -1.875196E-19
5075.56748628617  4.940231E-18
5078.40402626992  6.520030E-18
5081.24056625367  4.589061E-18
5084.07710623742  4.504819E-18
5086.91364622117  4.631493E-18
5089.75018620492  5.151331E-18
5092.58672618867  5.329292E-18
5095.42326617241  2.219144E-18
5098.25980615616  2.998407E-18
5101.09634613991  3.853092E-18
5103.93288612366  5.243283E-18
5106.76942610741  6.174655E-18
5109.60596609116  4.969696E-18
5112.44250607491  4.178715E-18
5115.27904605866  2.601680E-18
5118.11558604241  2.394060E-18
5120.95212602616  2.969377E-18
5123.78866600991  2.798846E-18
5126.62520599366  2.294307E-18
5129.46174597741  2.071841E-18
5132.29828596116  4.311373E-18
5135.13482594491  4.426897E-18
5137.97136592866  2.787961E-18
5140.80790591241  2.098593E-18
5143.64444589616  2.811696E-18
5146.4809858799  3.961494E-18
5149.31752586365  6.315943E-18
5152.1540658474  4.610764E-18
5154.99060583115  2.837807E-18
5157.8271458149  3.967041E-18
5160.66368579865  5.551776E-18
5163.5002257824  4.579798E-18
5166.33676576615  3.542886E-18
5169.1733057499  5.335301E-18
5172.00984573365  4.257392E-18
5174.8463857174  8.838811E-18
5177.68292570115  6.043111E-18
5180.5194656849  2.640517E-18
5183.35600566865  5.561392E-18
5186.1925456524  3.365550E-18
5189.02908563615  3.917569E-18
5191.86562561989  5.329285E-18
5194.70216560364  6.296192E-18
5197.53870558739  3.130115E-18
5200.37524557114  2.056216E-18
5203.21178555489  4.994714E-18
5206.04832553864  4.900227E-18
5208.88486552239  4.527439E-18
5211.72140550614  4.158072E-18
5214.55794548989  4.681216E-18
5217.39448547364  3.513518E-18
5220.23102545739  2.122890E-18
5223.06756544114  4.840968E-18
5225.90410542489  4.805945E-18
5228.74064540864  4.559099E-18
5231.57718539239  5.299918E-18
5234.41372537614  4.808655E-18
5237.25026535988  3.342527E-18
5240.08680534363  5.975712E-18
5242.92334532738  6.295390E-18
5245.75988531113  6.882805E-18
5248.59642529488  5.795038E-18
5251.43296527863  6.153880E-18
5254.26950526238  4.010721E-18
5257.10604524613  3.757597E-18
5259.94258522988  4.638654E-18
5262.77912521363  7.012587E-18
5265.61566519738  5.365207E-18
5268.45220518113  3.317841E-18
5271.28874516488  3.727500E-18
5274.12528514863  5.853039E-18
5276.96182513238  4.342122E-18
5279.79836511612  5.005408E-18
5282.63490509987  4.363740E-18
5285.47144508363  4.472791E-18
5288.30798506737  1.929474E-18
5291.14452505112  3.443404E-18
5293.98106503487  8.496170E-19
5296.81760501862  3.006339E-18
5299.65414500237  5.217920E-18
5302.49068498612  6.339631E-18
5305.32722496987  8.209138E-18
5308.16376495362  6.273456E-18
5311.00030493737  4.356624E-18
5313.83684492112  3.890548E-18
5316.67338490487  1.713653E-18
5319.50992488862  3.678049E-18
5322.34646487237  4.326383E-18
5325.18300485611  4.742540E-18
5328.01954483987  4.796605E-18
5330.85608482361  6.329529E-18
5333.69262480736  4.621311E-18
5336.52916479111  4.413486E-18
5339.36570477486  7.326502E-18
5342.20224475861  4.423290E-18
5345.03878474236  4.802226E-18
5347.87532472611  4.922494E-18
5350.71186470986  6.363610E-18
5353.54840469361  6.683529E-18
5356.38494467736  3.785626E-18
5359.22148466111  5.018899E-18
5362.05802464486  5.593038E-18
5364.89456462861  3.953184E-18
5367.73110461236  3.010971E-18
5370.56764459611  3.667663E-18
5373.40418457986  6.541472E-18
5376.2407245636  5.909739E-18
5379.07726454735  2.736445E-18
5381.9138045311  4.121099E-18
5384.75034451485  5.922609E-18
5387.5868844986  5.445700E-18
5390.42342448235  6.329384E-18
5393.2599644661  5.043956E-18
5396.09650444985  6.745887E-18
5398.9330444336  5.088186E-18
5401.76958441735  3.674490E-18
5404.6061244011  3.327061E-18
5407.44266438485  5.892415E-18
5410.2792043686  4.770081E-18
5413.11574435235  6.252482E-18
5415.9522843361  2.736049E-18
5418.78882431985  3.333398E-18
5421.62536430359  7.629442E-18
5424.46190428734  5.989497E-18
5427.29844427109  6.222386E-18
5430.13498425484  7.284246E-18
5432.97152423859  3.330687E-18
5435.80806422234  5.544333E-18
5438.64460420609  5.065306E-18
5441.48114418984  5.896115E-18
5444.31768417359  5.899558E-18
5447.15422415734  3.238199E-18
5449.99076414109  6.404134E-18
5452.82730412484  7.413039E-18
5455.66384410859  3.003218E-18
5458.50038409234  1.849050E-18
5461.33692407609  4.399297E-18
5464.17346405984  6.812858E-18
5467.01000404358  7.208026E-18
5469.84654402734  5.548067E-18
5472.68308401108  3.895806E-18
5475.51962399483  5.281279E-18
5478.35616397858  4.826029E-18
5481.19270396233  5.576779E-18
5484.02924394608  6.262790E-18
5486.86578392983  4.247114E-18
5489.70232391358  3.853439E-18
5492.53886389733  7.178375E-18
5495.37540388108  5.618576E-18
5498.21194386483  4.817733E-18
5501.04848384858  4.854505E-18
5503.88502383233  5.510161E-18
5506.72156381608  4.257397E-18
5509.55810379983  6.943210E-18
5512.39464378358  7.396512E-18
5515.23118376733  6.146406E-18
5518.06772375107  4.891432E-18
5520.90426373482  6.036633E-18
5523.74080371857  7.133276E-18
5526.57734370232  5.077656E-18
5529.41388368607  5.486411E-18
5532.25042366982  7.585245E-18
5535.08696365357  8.640099E-18
5537.92350363732  7.264733E-18
5540.76004362107  4.375566E-18
5543.59658360482  5.165786E-18
5546.43312358857  6.408106E-18
5549.26966357232  5.360237E-18
5552.10620355607  3.672593E-18
5554.94274353982  6.285573E-18
5557.77928352357  5.554263E-18
5560.61582350732  9.281443E-18
5563.45236349107  5.551583E-18
5566.28890347481  -2.069925E-17
5569.12544345856  5.316058E-18
5571.96198344231  2.057127E-18
5574.79852342606  6.908634E-18
5577.63506340981  9.467387E-18
5580.47160339356  7.081340E-18
5583.30814337731  6.328894E-18
5586.14468336106  1.036037E-17
5588.98122334481  5.620969E-18
5591.81776332856  3.350857E-17
5594.65430331231  7.067120E-18
5597.49084329606  9.014975E-18
5600.32738327981  5.059394E-18
5603.16392326356  6.845990E-18
5606.00046324731  4.725418E-18
5608.83700323106  3.217501E-18
5611.67354321481  3.004574E-18
5614.51008319856  5.804183E-18
5617.3466231823  5.142328E-18
5620.18316316605  6.897059E-18
5623.0197031498  7.084766E-18
5625.85624313355  3.916105E-18
5628.6927831173  4.497869E-18
5631.52932310105  4.103145E-18
5634.3658630848  4.265385E-18
5637.20240306855  6.715264E-18
5640.0389430523  7.051785E-18
5642.87548303605  5.248036E-18
5645.7120230198  5.761218E-18
5648.54856300355  5.142632E-18
5651.3851029873  5.594161E-18
5654.22164297105  6.130784E-18
5657.0581829548  6.161285E-18
5659.89472293854  4.366665E-18
5662.73126292229  6.551039E-18
5665.56780290604  3.984974E-18
5668.40434288979  3.075959E-18
5671.24088287354  4.776949E-18
5674.07742285729  2.811994E-18
5676.91396284104  4.485373E-18
5679.75050282479  5.516563E-18
5682.58704280854  5.638113E-18
5685.42358279229  4.791126E-18
5688.26012277604  4.937942E-18
5691.09666275979  6.455785E-18
5693.93320274354  2.691692E-18
5696.76974272729  4.156533E-18
5699.60628271104  4.309162E-18
5702.44282269478  3.506883E-18
5705.27936267854  5.173556E-18
5708.11590266228  5.665576E-18
5710.95244264603  5.394517E-18
5713.78898262978  4.472188E-18
5716.62552261353  2.109480E-18
5719.46206259728  3.193380E-18
5722.29860258103  4.634093E-18
5725.13514256478  5.528478E-18
5727.97168254853  6.600023E-18
5730.80822253228  7.224245E-18
5733.64476251603  4.862299E-18
5736.48130249978  5.495776E-18
5739.31784248353  6.908368E-18
5742.15438246728  3.831391E-18
5744.99092245103  6.353951E-18
5747.82746243478  6.334687E-18
5750.66400241852  5.900721E-18
5753.50054240227  5.567045E-18
5756.33708238602  6.970179E-18
5759.17362236977  5.756634E-18
5762.01016235352  4.915377E-18
5764.84670233727  6.310262E-18
5767.68324232102  7.501857E-18
5770.51978230477  7.257046E-18
5773.35632228852  5.695789E-18
5776.19286227227  5.708733E-18
5779.02940225602  7.185245E-18
5781.86594223977  6.360760E-18
5784.70248222352  6.214208E-18
5787.53902220727  6.206859E-18
5790.37556219102  7.477636E-18
5793.21210217477  8.230024E-18
5796.04864215852  9.328141E-18
5798.88518214226  4.117874E-18
5801.72172212601  7.828561E-17
5804.55826210976  4.374626E-17
5807.39480209351  1.172646E-17
5810.23134207726  7.970991E-18
5813.06788206101  6.961045E-18
5815.90442204476  6.181915E-18
5818.74096202851  7.803274E-18
5821.57750201226  7.979375E-18
5824.41404199601  7.744338E-18
5827.25058197976  8.407754E-18
5830.08712196351  7.497362E-18
5832.92366194726  7.587360E-18
5835.76020193101  6.511408E-18
5838.59674191475  6.367722E-18
5841.43328189851  8.565792E-18
5844.26982188225  7.633237E-18
5847.106361866  8.355727E-18
5849.94290184975  9.584423E-18
5852.7794418335  8.209788E-18
5855.61598181725  8.211843E-18
5858.452521801  6.814406E-18
5861.28906178475  5.131467E-18
5864.1256017685  5.707933E-18
5866.96214175225  7.603387E-18
5869.798681736  7.507964E-18
5872.63522171975  7.245921E-18
5875.4717617035  3.017066E-18
5878.30830168725  3.683796E-18
5881.144841671  1.428137E-17
5883.98138165475  -1.403775E-20
5886.8179216385  1.364715E-17
5889.65446162225  8.955069E-18
5892.49100160599  5.686208E-18
5895.32754158974  6.486280E-18
5898.16408157349  5.941348E-18
5901.00062155724  1.301763E-17
5903.83716154099  1.672183E-17
5906.67370152474  7.660582E-18
5909.51024150849  9.580878E-18
5912.34678149224  6.294132E-18
5915.18332147599  8.516458E-18
5918.01986145974  7.138864E-18
5920.85640144349  6.404752E-18
5923.69294142724  7.564668E-18
5926.52948141099  7.657354E-18
5929.36602139474  7.115388E-18
5932.20256137849  8.242585E-18
5935.03910136223  6.554818E-18
5937.87564134598  8.119348E-18
5940.71218132973  1.064576E-17
5943.54872131348  8.105192E-18
5946.38526129723  6.640283E-18
5949.22180128098  9.156301E-18
5952.05834126473  8.682280E-18
5954.89488124848  7.948917E-18
5957.73142123223  7.267989E-18
5960.56796121598  7.704618E-18
5963.40450119973  9.027782E-18
5966.24104118348  9.142488E-18
5969.07758116723  9.228803E-18
5971.91412115098  6.431662E-18
5974.75066113473  6.739558E-18
5977.58720111848  7.368599E-18
5980.42374110222  6.039289E-18
5983.26028108598  5.494277E-18
5986.09682106972  6.392624E-18
5988.93336105347  5.127276E-18
5991.76990103722  5.188833E-18
5994.60644102097  5.518391E-18
5997.44298100472  5.795519E-18
6000.27952098847  6.430266E-18
6003.11606097222  7.686391E-18
6005.95260095597  7.237203E-18
6008.78914093972  8.895915E-18
6011.62568092347  8.251414E-18
6014.46222090722  6.962193E-18
6017.29876089097  7.006223E-18
6020.13530087472  7.023446E-18
6022.97184085847  6.285019E-18
6025.80838084222  6.540363E-18
6028.64492082597  6.997341E-18
6031.48146080971  5.283659E-18
6034.31800079346  6.032627E-18
6037.15454077721  7.220565E-18
6039.99108076096  6.803904E-18
6042.82762074471  6.810858E-18
6045.66416072846  6.319984E-18
6048.50070071221  5.936248E-18
6051.33724069596  6.137909E-18
6054.17378067971  5.950901E-18
6057.01032066346  7.108967E-18
6059.84686064721  7.049906E-18
6062.68340063096  5.538399E-18
6065.51994061471  5.293190E-18
6068.35648059846  7.218343E-18
6071.19302058221  8.335833E-18
6074.02956056595  7.083696E-18
6076.8661005497  5.948398E-18
6079.70264053345  5.128591E-18
6082.5391805172  5.177822E-18
6085.37572050095  6.563446E-18
6088.2122604847  5.980746E-18
6091.04880046845  6.884826E-18
6093.8853404522  6.341654E-18
6096.72188043595  5.268325E-18
6099.5584204197  6.591042E-18
6102.39496040345  7.765290E-18
6105.2315003872  6.451792E-18
6108.06804037095  4.858933E-18
6110.9045803547  6.671578E-18
6113.74112033845  5.521539E-18
6116.5776603222  7.270079E-18
6119.41420030595  7.853430E-18
6122.2507402897  7.937668E-18
6125.08728027345  7.596139E-18
6127.9238202572  6.114534E-18
6130.76036024094  5.816679E-18
6133.59690022469  6.877266E-18
6136.43344020844  6.835053E-18
6139.26998019219  7.123227E-18
6142.10652017594  9.529538E-18
6144.94306015969  8.386357E-18
6147.77960014344  7.825253E-18
6150.61614012719  8.428430E-18
6153.45268011094  6.641685E-18
6156.28922009469  5.455181E-18
6159.12576007844  8.752699E-18
6161.96230006219  7.309463E-18
6164.79884004594  6.899771E-18
6167.63538002969  5.852389E-18
6170.47192001344  5.186111E-18
6173.30845999718  7.365251E-18
6176.14499998093  8.271388E-18
6178.98153996468  7.275844E-18
6181.81807994843  5.408411E-18
6184.65461993218  4.778216E-18
6187.49115991593  4.825859E-18
6190.32769989968  8.398133E-18
6193.16423988343  8.670104E-18
6196.00077986718  6.234586E-18
6198.83731985093  7.033817E-18
6201.67385983468  6.962114E-18
6204.51039981843  7.308861E-18
6207.34693980218  7.775058E-18
6210.18347978593  5.792307E-18
6213.02001976968  5.273151E-18
6215.85655975343  8.576404E-18
6218.69309973718  1.001670E-17
6221.52963972092  6.655182E-18
6224.36617970467  5.707815E-18
6227.20271968842  7.550430E-18
6230.03925967217  4.838662E-18
6232.87579965592  5.433548E-18
6235.71233963967  9.776159E-18
6238.54887962342  9.053187E-18
6241.38541960717  6.897837E-18
6244.22195959092  6.992877E-18
6247.05849957467  7.146566E-18
6249.89503955842  8.118879E-18
6252.73157954217  8.202149E-18
6255.56811952592  7.942640E-18
6258.40465950967  6.079246E-18
6261.24119949342  6.996882E-18
6264.07773947716  7.040264E-18
6266.91427946091  1.001291E-17
6269.75081944466  8.428283E-18
6272.58735942841  6.861243E-18
6275.42389941216  6.035580E-18
6278.26043939591  6.300143E-18
6281.09697937966  6.100453E-18
6283.93351936341  5.035455E-18
6286.77005934716  3.384598E-18
6289.60659933091  2.371522E-18
6292.44313931466  4.829675E-18
6295.27967929841  4.809347E-18
6298.11621928216  1.049361E-17
6300.95275926591  1.078977E-17
6303.78929924966  7.888842E-18
6306.62583923341  5.884060E-18
6309.46237921716  8.608734E-18
6312.29891920091  7.874773E-18
6315.13545918465  8.785125E-18
6317.9719991684  6.696157E-18
6320.80853915215  9.114831E-18
6323.6450791359  9.324462E-18
6326.48161911965  7.390002E-18
6329.3181591034  6.653050E-18
6332.15469908715  6.808917E-18
6334.9912390709  7.998768E-18
6337.82777905465  8.297306E-18
6340.6643190384  8.194525E-18
6343.50085902215  9.239191E-18
6346.3373990059  6.209781E-18
6349.17393898965  7.357983E-18
6352.0104789734  6.872503E-18
6354.84701895715  5.402688E-18
6357.6835589409  5.909030E-18
6360.52009892464  6.862865E-18
6363.35663890839  8.109183E-18
6366.19317889214  9.425000E-18
6369.02971887589  9.309930E-18
6371.86625885964  9.016364E-18
6374.70279884339  9.278153E-18
6377.53933882714  1.132163E-17
6380.37587881089  1.081762E-17
6383.21241879464  8.919336E-18
6386.04895877839  9.079598E-18
6388.88549876214  9.814506E-18
6391.72203874589  1.021822E-17
6394.55857872964  9.871192E-18
6397.39511871339  1.099864E-17
6400.23165869714  1.333447E-17
6403.06819868089  1.188412E-17
6405.90473866463  1.070927E-17
6408.74127864838  1.207406E-17
6411.57781863213  1.195430E-17
6414.41435861588  1.143483E-17
6417.25089859963  1.225902E-17
6420.08743858338  1.123273E-17
6422.92397856713  1.079806E-17
6425.76051855088  1.241125E-17
6428.59705853463  1.144603E-17
6431.43359851838  1.150729E-17
6434.27013850213  1.152280E-17
6437.10667848588  1.088383E-17
6439.94321846963  1.180187E-17
6442.77975845338  1.340747E-17
6445.61629843713  1.355322E-17
6448.45283842088  1.119359E-17
6451.28937840462  4.579648E-17
6454.12591838837  2.022302E-16
6456.96245837212  1.649170E-16
6459.79899835587  4.616552E-17
6462.63553833962  1.146189E-17
6465.47207832337  1.296134E-17
6468.30861830712  1.190114E-17
6471.14515829087  1.136781E-17
6473.98169827462  1.335855E-17
6476.81823825837  1.284865E-17
6479.65477824212  1.251602E-17
6482.49131822587  1.027530E-17
6485.32785820962  1.230261E-17
6488.16439819337  1.111390E-17
6491.00093817712  1.241937E-17
6493.83747816086  1.121075E-17
6496.67401814462  1.224977E-17
6499.51055812836  1.269538E-17
6502.34709811211  1.248184E-17
6505.18363809586  1.141831E-17
6508.02017807961  1.250160E-17
6510.85671806336  1.143167E-17
6513.69325804711  1.320416E-17
6516.52979803086  1.324481E-17
6519.36633801461  1.342173E-17
6522.20287799836  1.149986E-17
6525.03941798211  1.298744E-17
6527.87595796586  1.250940E-17
6530.71249794961  1.381072E-17
6533.54903793336  1.208441E-17
6536.38557791711  1.188064E-17
6539.22211790086  1.076406E-17
6542.05865788461  1.475482E-17
6544.89519786836  1.256869E-17
6547.7317378521  1.359444E-17
6550.56827783585  1.501895E-17
6553.4048178196  1.508363E-17
6556.24135780335  1.610424E-17
6559.0778977871  1.674891E-17
6561.91443777085  1.400647E-17
6564.7509777546  1.573594E-17
6567.58751773835  1.178625E-17
6570.4240577221  1.147731E-17
6573.26059770585  1.573054E-17
6576.0971376896  1.338375E-17
6578.93367767335  1.536900E-17
6581.7702176571  1.338474E-17
6584.60675764085  1.204528E-17
6587.4432976246  1.738284E-17
6590.27983760834  1.405160E-17
6593.11637759209  1.474685E-17
6595.95291757584  1.401085E-17
6598.78945755959  1.445387E-17
6601.62599754334  1.321709E-17
6604.46253752709  1.204884E-17
6607.29907751084  1.191173E-17
6610.13561749459  1.376283E-17
6612.97215747834  1.227057E-17
6615.80869746209  1.401196E-17
6618.64523744584  1.416782E-17
6621.48177742959  1.355219E-17
6624.31831741334  1.294974E-17
6627.15485739709  1.353028E-17
6629.99139738084  1.232920E-17
6632.82793736459  1.221735E-17
6635.66447734833  1.273339E-17
6638.50101733209  1.160183E-17
6641.33755731583  1.235461E-17
6644.17409729958  1.418114E-17
6647.01063728333  1.232491E-17
6649.84717726708  1.287014E-17
6652.68371725083  1.286291E-17
6655.52025723458  1.201272E-17
6658.35679721833  1.306553E-17
6661.19333720208  1.246553E-17
6664.02987718583  1.202137E-17
6666.86641716958  1.375378E-17
6669.70295715333  1.296944E-17
6672.53949713708  1.289686E-17
6675.37603712083  1.230867E-17
6678.21257710458  1.057921E-17
6681.04911708833  1.240835E-17
6683.88565707208  1.050032E-17
6686.72219705582  1.239656E-17
6689.55873703957  1.224685E-17
6692.39527702332  1.147313E-17
6695.23181700707  1.259385E-17
6698.06835699082  1.064273E-17
6700.90489697457  9.477901E-18
6703.74143695832  1.159249E-17
6706.57797694207  1.105538E-17
6709.41451692582  1.359752E-17
6712.25105690957  1.251602E-17
6715.08759689332  8.666572E-18
6717.92413687707  1.238010E-17
6720.76067686082  7.964467E-18
6723.59721684457  9.178309E-18
6726.43375682832  1.255350E-17
6729.27029681207  8.446975E-18
6732.10683679582  9.823012E-18
6734.94337677956  1.040320E-17
6737.77991676331  7.534026E-18
6740.61645674706  9.393895E-18
6743.45299673081  1.007225E-17
6746.28953671456  1.143611E-17
6749.12607669831  1.194320E-17
6751.96261668206  9.417559E-18
6754.79915666581  1.028448E-17
6757.63569664956  1.011714E-17
6760.47223663331  1.157385E-17
6763.30877661706  1.128004E-17
6766.14531660081  8.865158E-18
6768.98185658456  1.077020E-17
6771.81839656831  8.862354E-18
6774.65493655206  1.167848E-17
6777.49147653581  9.745974E-18
6780.32801651956  9.095267E-18
6783.1645565033  1.176064E-17
6786.00109648705  8.306533E-18
6788.8376364708  7.130434E-18
6791.67417645455  8.417440E-18
6794.5107164383  8.610644E-18
6797.34725642205  8.684220E-18
6800.1837964058  8.911627E-18
6803.02033638955  7.093083E-18
6805.8568763733  7.381869E-18
6808.69341635705  7.261294E-18
6811.5299563408  7.980494E-18
6814.36649632455  6.429553E-18
6817.2030363083  8.842893E-18
6820.03957629205  3.032164E-18
6822.8761162758  6.445584E-18
6825.71265625955  9.767292E-18
6828.54919624329  9.861729E-18
6831.38573622704  5.381949E-18
6834.22227621079  9.607834E-18
6837.05881619454  7.472606E-18
6839.89535617829  7.379925E-18
6842.73189616204  6.618334E-18
6845.56843614579  6.907400E-18
6848.40497612954  3.251328E-18
6851.24151611329  1.072909E-17
6854.07805609704  8.995521E-18
6856.91459608079  4.693056E-18
6859.75113606454  9.686700E-18
6862.58767604829  7.367244E-18
6865.42421603204  5.345427E-18
6868.26075601579  4.744873E-18
6871.09729599954  9.088162E-18
6873.93383598329  5.013990E-18
6876.77037596703  9.803164E-18
6879.60691595078  7.215640E-18
6882.44345593453  8.299623E-18
6885.27999591828  8.369812E-18
6888.11653590203  8.773039E-18
6890.95307588578  7.166230E-18
6893.78961586953  8.530583E-18
6896.62615585328  1.209345E-17
6899.46269583703  8.424488E-18
6902.29923582078  9.029764E-18
6905.13577580453  6.409525E-18
6907.97231578828  7.524501E-18
6910.80885577203  8.413612E-18
6913.64539575578  7.882449E-18
6916.48193573953  7.556699E-18
6919.31847572328  9.224473E-18
6922.15501570702  9.547487E-18
6924.99155569077  1.135476E-17
6927.82809567452  9.806598E-18
6930.66463565827  9.991152E-18
6933.50117564202  6.897049E-18
6936.33771562577  1.061285E-17
6939.17425560952  1.009316E-17
6942.01079559327  9.309943E-18
6944.84733557702  1.106586E-17
6947.68387556077  1.460329E-17
6950.52041554452  9.855743E-18
6953.35695552827  9.915915E-18
6956.19349551202  1.451655E-17
6959.03003549577  9.182654E-18
6961.86657547952  1.385352E-17
6964.70311546326  1.013004E-17
6967.53965544702  1.061934E-17
6970.37619543076  1.134456E-17
6973.21273541451  1.150609E-17
6976.04927539826  1.050351E-17
6978.88581538201  1.152224E-17
6981.72235536576  1.077949E-17
6984.55889534951  8.078149E-18
6987.39543533326  8.872762E-18
6990.23197531701  1.142160E-17
6993.06851530076  8.512651E-18
6995.90505528451  1.167463E-17
6998.74159526826  1.165114E-17
7001.57813525201  1.135589E-17
7004.41467523576  1.270111E-17
7007.25121521951  1.221432E-17
7010.08775520326  9.145406E-18
7012.92429518701  8.656601E-18
7015.76083517076  1.174048E-17
7018.5973751545  1.327316E-17
7021.43391513825  1.016247E-17
7024.270455122  1.084461E-17
7027.10699510575  1.172625E-17
7029.9435350895  1.199054E-17
7032.78007507325  9.958077E-18
7035.616615057  1.060409E-17
7038.45315504075  1.128302E-17
7041.2896950245  1.107863E-17
7044.12623500825  9.509660E-18
7046.962774992  9.863958E-18
7049.79931497575  1.209554E-17
7052.6358549595  1.082422E-17
7055.47239494325  1.172182E-17
7058.308934927  1.087231E-17
7061.14547491074  1.123881E-17
7063.98201489449  1.041643E-17
7066.81855487824  1.197844E-17
7069.65509486199  9.911665E-18
7072.49163484574  1.289894E-17
7075.32817482949  1.024951E-17
7078.16471481324  8.417940E-18
7081.00125479699  4.199597E-17
7083.83779478074  2.848649E-17
7086.67433476449  1.264398E-17
7089.51087474824  9.397630E-18
7092.34741473199  1.061107E-17
7095.18395471574  1.192798E-17
7098.02049469949  1.234609E-17
7100.85703468324  1.300399E-17
7103.69357466699  1.265387E-17
7106.53011465073  9.394667E-18
7109.36665463449  9.674805E-18
7112.20319461823  9.726144E-18
7115.03973460198  1.040057E-17
7117.87627458573  1.147524E-17
7120.71281456948  1.145107E-17
7123.54935455323  1.041083E-17
7126.38589453698  1.142679E-17
7129.22243452073  1.142013E-17
7132.05897450448  1.196422E-17
7134.89551448823  1.299515E-17
7137.73205447198  9.718574E-18
7140.56859445573  1.142772E-17
7143.40513443948  1.356243E-17
7146.24167442323  1.110214E-17
7149.07821440698  1.063441E-17
7151.91475439073  1.093824E-17
7154.75129437448  1.298923E-17
7157.58783435822  1.255307E-17
7160.42437434197  1.308360E-17
7163.26091432572  1.186907E-17
7166.09745430947  1.156642E-17
7168.93399429322  1.253977E-17
7171.77053427697  1.186997E-17
7174.60707426072  1.190176E-17
7177.44361424447  1.239627E-17
7180.28015422822  1.344810E-17
7183.11669421197  1.236637E-17
7185.95323419572  1.170954E-17
7188.78977417947  1.139114E-17
7191.62631416322  1.313549E-17
7194.46285414697  1.159546E-17
7197.29939413072  1.172263E-17
7200.13593411447  1.275238E-17
7202.97247409821  1.371869E-17
7205.80901408196  1.217956E-17
7208.64555406571  1.149685E-17
7211.48209404946  1.277400E-17
7214.31863403321  1.370643E-17
7217.15517401696  1.291480E-17
7219.99171400071  1.049877E-17
7222.82825398446  1.044951E-17
7225.66479396821  6.845289E-18
7228.50133395196  1.567861E-17
7231.33787393571  1.128354E-17
7234.17441391946  1.450558E-17
7237.01095390321  1.203830E-17
7239.84749388696  1.286794E-17
7242.68403387071  1.205052E-17
7245.52057385446  1.383811E-17
7248.3571138382  1.583166E-17
7251.19365382196  1.199371E-17
7254.0301938057  1.591403E-17
7256.86673378945  1.135281E-17
7259.7032737732  1.909428E-17
7262.53981375695  9.306191E-18
7265.3763537407  1.335215E-17
7268.21289372445  1.498060E-17
7271.0494337082  1.402766E-17
7273.88597369195  1.533230E-17
7276.7225136757  9.778736E-18
7279.55905365945  1.202888E-17
7282.3955936432  1.151962E-17
7285.23213362695  1.273522E-17
7288.0686736107  1.641136E-17
7290.90521359445  1.140138E-17
7293.7417535782  1.489726E-17
7296.57829356195  1.349775E-17
7299.41483354569  1.576456E-17
7302.25137352944  1.231666E-17
7305.08791351319  1.371753E-17
7307.92445349694  1.367781E-17
7310.76099348069  1.405636E-17
7313.59753346444  1.479814E-17
7316.43407344819  1.307352E-17
7319.27061343194  1.239717E-17
7322.10715341569  3.736889E-18
7324.94369339944  2.031894E-17
7327.78023338319  1.178601E-17
7330.61677336694  1.042756E-17
7333.45331335069  1.032957E-17
7336.28985333444  1.233947E-17
7339.12639331819  8.182886E-18
7341.96293330193  1.299478E-17
7344.79947328569  9.830177E-18
7347.63601326943  1.425218E-17
7350.47255325318  4.629035E-18
7353.30909323693  2.109051E-17
7356.14563322068  1.206416E-17
7358.98217320443  1.336800E-17
7361.81871318818  1.290922E-17
7364.65525317193  1.277287E-17
7367.49179315568  1.376859E-17
7370.32833313943  1.386643E-17
7373.16487312318  1.132004E-17
7376.00141310693  1.423747E-17
7378.83795309068  1.112095E-17
7381.67449307443  1.477837E-17
7384.51103305818  1.021826E-17
7387.34757304193  1.048573E-17
7390.18411302567  1.306406E-17
7393.02065300943  1.049042E-17
7395.85719299317  1.023376E-17
7398.69373297692  1.103807E-17
7401.53027296067  1.200725E-17
7404.36681294442  1.290143E-17
7407.20335292817  1.146659E-17
7410.03989291192  1.386141E-17
7412.87643289567  1.180209E-17
7415.71297287942  1.049111E-17
7418.54951286317  1.043968E-17
7421.38605284692  1.448681E-17
7424.22259283067  1.151299E-17
7427.05913281442  1.026592E-17
7429.89567279817  1.024546E-17
7432.73221278191  9.408056E-18
7435.56875276566  8.473637E-18
7438.40529274941  9.716662E-18
7441.24183273316  1.151408E-17
7444.07837271691  9.836442E-18
7446.91491270066  1.238569E-17
7449.75145268441  1.241027E-17
7452.58799266816  1.079646E-17
7455.42453265191  1.081374E-17
7458.26107263566  1.165267E-17
7461.09761261941  1.172185E-17
7463.93415260316  9.969359E-18
7466.77069258691  1.016693E-17
7469.60723257066  9.405964E-18
7472.44377255441  9.679021E-18
7475.28031253816  1.081844E-17
7478.1168525219  9.583850E-18
7480.95339250566  7.497779E-18
7483.7899324894  9.012114E-18
7486.62647247315  1.130651E-17
7489.4630124569  9.359613E-18
7492.29955244065  1.022136E-17
7495.1360924244  9.899563E-18
7497.97263240815  9.111031E-18
7500.8091723919  8.295769E-18
7503.64571237565  9.060667E-18
7506.4822523594  8.876931E-18
7509.31879234315  1.019579E-17
7512.1553323269  1.014366E-17
7514.99187231065  1.022445E-17
7517.8284122944  1.036947E-17
7520.66495227815  9.130041E-18
7523.5014922619  9.280001E-18
7526.33803224565  8.014981E-18
7529.17457222939  9.363895E-18
7532.01111221314  1.282555E-17
7534.84765219689  8.762583E-18
7537.68419218064  1.138518E-17
7540.52073216439  1.009091E-17
7543.35727214814  9.507545E-18
7546.19381213189  9.062148E-18
7549.03035211564  9.111279E-18
7551.86689209939  9.873192E-18
7554.70343208314  8.751247E-18
7557.53997206689  7.523145E-18
7560.37651205064  8.895633E-18
7563.21305203439  9.264497E-18
7566.04959201814  1.101501E-17
7568.88613200189  1.006061E-17
7571.72267198564  9.402629E-18
7574.55921196938  1.048979E-17
7577.39575195313  6.717628E-18
7580.23229193688  7.667521E-18
7583.06883192063  8.675584E-18
7585.90537190438  6.475919E-18
7588.74191188813  6.038516E-18
7591.57845187188  6.847548E-18
7594.41499185563  7.989106E-18
7597.25153183938  7.397102E-18
7600.08807182313  5.257522E-18
7602.92461180688  6.056475E-18
7605.76115179063  6.022400E-18
7608.59769177438  6.491574E-18
7611.43423175813  5.713124E-18
7614.27077174188  5.786696E-18
7617.10731172563  6.923158E-18
7619.94385170937  6.580097E-18
7622.78039169313  8.639298E-18
7625.61693167687  8.121047E-18
7628.45347166062  6.707929E-18
7631.29001164437  6.900803E-18
7634.12655162812  7.432886E-18
7636.96309161187  9.658419E-18
7639.79963159562  7.546144E-18
7642.63617157937  7.851927E-18
7645.47271156312  7.439053E-18
7648.30925154687  7.995768E-18
7651.14579153062  9.504206E-18
7653.98233151437  8.747661E-18
7656.81887149812  9.916067E-18
7659.65541148187  1.059739E-17
7662.49195146562  1.054152E-17
7665.32849144937  9.686703E-18
7668.16503143312  1.058349E-17
7671.00157141686  1.055567E-17
7673.83811140061  7.822600E-18
7676.67465138436  9.005458E-18
7679.51119136811  1.173775E-17
7682.34773135186  1.075673E-17
7685.18427133561  9.512706E-18
7688.02081131936  1.137997E-17
7690.85735130311  1.257698E-17
7693.69389128686  9.923220E-18
7696.53043127061  1.126921E-17
7699.36697125436  6.919139E-18
7702.20351123811  8.057660E-18
7705.04005122186  9.741211E-18
7707.87659120561  9.752559E-18
7710.71313118936  1.214090E-17
7713.54967117311  1.200655E-17
7716.38621115685  1.273237E-17
7719.2227511406  7.130631E-18
7722.05929112435  1.113478E-17
7724.8958311081  1.235451E-17
7727.73237109185  1.112588E-17
7730.5689110756  1.654930E-17
7733.40545105935  1.242484E-19
7736.2419910431  6.547324E-18
7739.07853102685  1.267527E-17
7741.9150710106  9.986686E-18
7744.75161099435  1.149162E-17
7747.5881509781  1.200214E-17
7750.42469096185  1.363983E-17
7753.2612309456  1.041855E-17
7756.09777092935  3.430689E-18
7758.9343109131  1.506502E-17
7761.77085089684  1.278579E-17
7764.6073908806  1.172308E-17
7767.44393086434  6.925713E-18
7770.28047084809  1.059345E-17
7773.11701083184  1.557470E-17
7775.95355081559  7.577414E-18
7778.79009079934  7.372424E-18
7781.62663078309  9.765660E-18
7784.46317076684  1.278192E-17
7787.29971075059  9.131589E-18
7790.13625073434  1.184568E-17
7792.97279071809  1.268583E-17
7795.80933070184  1.324834E-17
7798.64587068559  1.002046E-17
7801.48241066934  1.475863E-17
7804.31895065309  1.008219E-17
7807.15549063684  1.165563E-17
7809.99203062059  1.087863E-17
7812.82857060433  1.400693E-17
7815.66511058808  1.062573E-17
7818.50165057183  1.148427E-17
7821.33819055558  1.339025E-17
7824.17473053933  1.090413E-17
7827.01127052308  6.588213E-18
7829.84781050683  1.513319E-17
7832.68435049058  1.652512E-17
7835.52089047433  5.965304E-18
7838.35743045808  7.367972E-18
7841.19397044183  1.461687E-17
7844.03051042558  1.317570E-17
7846.86705040933  1.099797E-17
7849.70359039308  1.231253E-17
7852.54013037683  8.917904E-18
7855.37667036057  7.029255E-18
7858.21321034432  1.257734E-17
7861.04975032807  5.000899E-18
7863.88629031182  1.267573E-17
7866.72283029557  8.560144E-18
7869.55937027932  1.842527E-17
7872.39591026307  7.742351E-18
7875.23245024682  1.339003E-17
7878.06899023057  5.113007E-18
7880.90553021432  1.015053E-17
7883.74207019807  1.104076E-17
7886.57861018182  1.082363E-17
7889.41515016557  1.013468E-17
7892.25169014932  3.070629E-18
7895.08823013307  1.480167E-17
7897.92477011682  9.894811E-18
7900.76131010057  1.680400E-17
7903.59785008431  1.099283E-17
7906.43439006807  9.550206E-18
7909.27093005181  7.606567E-18
7912.10747003556  1.475953E-17
7914.94401001931  7.460498E-18
7917.78055000306  2.268949E-17
7920.61708998681  -4.662602E-18
7923.45362997056  1.275194E-17
7926.29016995431  1.215205E-17
7929.12670993806  9.884449E-18
7931.96324992181  7.412870E-18
7934.79978990556  1.094811E-17
7937.63632988931  6.754846E-18
7940.47286987306  1.061457E-17
7943.30940985681  4.033069E-18
7946.14594984056  1.253406E-17
7948.9824898243  1.299993E-17
7951.81902980806  6.640699E-18
7954.6555697918  1.443598E-17
7957.49210977555  -4.494192E-18
7960.3286497593  4.732248E-17
7963.16518974305  3.271719E-17
7966.0017297268  4.834013E-18
7968.83826971055  2.306734E-17
7971.6748096943  -1.472017E-17
7974.51134967805  2.046797E-17
7977.3478896618  1.451431E-17
7980.18442964555  1.249758E-17
7983.0209696293  1.515854E-17
7985.85750961305  1.054318E-17
7988.6940495968  9.894285E-18
7991.53058958055  7.306636E-18
7994.3671295643  9.446568E-18
7997.20366954805  1.910775E-17
8000.04020953179  -3.179788E-19
8002.87674951554  9.542733E-19
8005.71328949929  1.430312E-17
8008.54982948304  1.168560E-17
8011.38636946679  8.987951E-18
8014.22290945054  7.506478E-18
8017.05944943429  8.222275E-18
8019.89598941804  9.350072E-18
8022.73252940179  1.197790E-17
8025.56906938554  7.838560E-18
8028.40560936929  7.172060E-18
8031.24214935304  1.254271E-17
8034.07868933679  1.165248E-17
8036.91522932054  9.125618E-18
8039.75176930429  9.019678E-18
8042.58830928804  1.216850E-17
8045.42484927178  1.007992E-17
8048.26138925553  2.153726E-17
8051.09792923928  3.493946E-17
8053.93446922303  1.589547E-17
8056.77100920678  9.362924E-18
8059.60754919053  1.041504E-17
8062.44408917428  8.363339E-18
8065.28062915803  8.399384E-18
8068.11716914178  1.016723E-17
8070.95370912553  1.192842E-17
8073.79024910928  7.865269E-18
8076.62678909303  9.354531E-18
8079.46332907678  1.211892E-17
8082.29986906053  1.196349E-17
8085.13640904428  8.733387E-18
8087.97294902803  1.196846E-17
8090.80948901177  1.100075E-17
8093.64602899553  1.237188E-17
8096.48256897927  7.776221E-18
8099.31910896302  7.066967E-18
8102.15564894677  8.446421E-18
8104.99218893052  1.126868E-17
8107.82872891427  1.117591E-17
8110.66526889802  9.760211E-18
8113.50180888177  1.132998E-17
8116.33834886552  1.154221E-17
8119.17488884927  1.136622E-17
8122.01142883302  9.143232E-18
8124.84796881677  9.923563E-18
8127.68450880052  1.133543E-17
8130.52104878427  1.092537E-17
8133.35758876802  1.007166E-17
8136.19412875177  1.220726E-17
8139.03066873552  1.235930E-17
8141.86720871926  1.130896E-17
8144.70374870301  1.149011E-17
8147.54028868676  1.283276E-17
8150.37682867051  1.135445E-17
8153.21336865426  1.006968E-17
8156.04990863801  1.049806E-17
8158.88644862176  1.010515E-17
8161.72298860551  1.070015E-17
8164.55952858926  1.144703E-17
8167.39606857301  1.118161E-17
8170.23260855676  9.404598E-18
8173.06914854051  1.575371E-17
8175.90568852426  3.351357E-17
8178.74222850801  2.143647E-17
8181.57876849176  1.004481E-17
8184.41530847551  1.380331E-17
8187.25184845925  9.680892E-18
8190.088388443  9.125674E-18
8192.92492842675  1.033238E-17
8195.7614684105  1.067522E-17
8198.59800839425  8.817652E-18
8201.434548378  1.147339E-17
8204.27108836175  1.110597E-17
8207.1076283455  9.815485E-18
8209.94416832925  1.086455E-17
8212.780708313  1.040947E-17
8215.61724829675  9.697144E-18
8218.4537882805  9.475891E-18
8221.29032826425  9.221425E-18
8224.126868248  9.949128E-18
8226.96340823175  9.196321E-18
8229.7999482155  9.681780E-18
8232.63648819924  9.623031E-18
8235.473028183  1.164149E-17
8238.30956816675  1.123962E-17
8241.14610815049  9.388028E-18
8243.98264813424  1.059317E-17
8246.81918811799  1.024578E-17
8249.65572810174  1.029570E-17
8252.49226808549  9.905001E-18
8255.32880806924  9.520351E-18
8258.16534805299  1.241035E-17
8261.00188803674  9.664555E-18
8263.83842802049  6.481131E-18
8266.67496800424  1.415102E-17
8269.51150798799  1.024214E-17
8272.34804797174  5.221993E-18
8275.18458795548  1.278539E-17
8278.02112793924  1.115493E-17
8280.85766792298  7.676961E-18
8283.69420790673  1.629677E-17
8286.53074789049  1.211960E-17
8289.36728787423  1.706366E-17
8292.20382785798  1.008746E-17
8295.04036784173  1.108475E-17
8297.87690782548  1.317815E-17
8300.71344780923  6.470300E-18
8303.54998779298  3.723160E-18
8306.38652777673  7.689731E-18
8309.22306776048  1.296267E-17
8312.05960774423  1.158994E-17
8314.89614772798  1.060552E-17
8317.73268771173  1.027536E-17
8320.56922769548  5.869476E-18
8323.40576767923  1.213458E-17
8326.24230766297  3.750526E-17
8329.07884764672  1.093308E-17
8331.91538763047  1.827496E-17
8334.75192761422  2.387596E-17
8337.58846759797  1.479308E-17
8340.42500758172  1.880898E-17
8343.26154756547  1.980111E-17
8346.09808754922  3.507374E-17
8348.93462753297  2.130564E-17
8351.77116751672  7.155880E-18
8354.60770750047  2.217836E-17
8357.44424748422  9.687206E-18
8360.28078746797  8.392806E-18
8363.11732745172  2.283580E-17
8365.95386743547  1.851508E-17
8368.79040741922  1.600045E-17
8371.62694740296  1.626585E-17
8374.46348738671  6.864528E-18
8377.30002737046  8.273633E-18
8380.13656735421  3.475879E-17
8382.97310733796  2.576175E-17
8385.80964732171  2.681999E-17
8388.64618730546  1.962957E-17
8391.48272728921  7.363054E-18
8394.31926727296  1.531299E-17
8397.15580725671  3.247785E-17
8399.99234724046  2.043559E-17
8402.82888722421  3.009038E-17
8405.66542720796  2.963021E-17
8408.50196719171  -2.128057E-17
8411.33850717546  2.623123E-17
8414.17504715921  6.365384E-18
8417.01158714296  1.131638E-17
8419.8481271267  1.119281E-17
8422.68466711045  7.277520E-18
8425.5212070942  3.448122E-18
8428.35774707795  1.390424E-18
8431.1942870617  -6.511476E-18
8434.03082704545  -1.707707E-18
8436.8673670292  2.752985E-17
8439.70390701295  -4.611208E-18
8442.5404469967  2.459432E-17
8445.37698698045  -1.705698E-18
8448.2135269642  2.827211E-17
8451.05006694795  1.136813E-17
8453.8866069317  1.377743E-17
8456.72314691545  1.480198E-17
8459.5596868992  2.714720E-17
8462.39622688295  2.013729E-17
8465.2327668667  2.393526E-17
8468.06930685044  1.708853E-17
8470.90584683419  2.376951E-17
8473.74238681794  9.130358E-18
8476.57892680169  1.956929E-17
8479.41546678544  1.890248E-17
8482.25200676919  2.387314E-17
8485.08854675294  9.560433E-18
8487.92508673669  2.398587E-17
8490.76162672044  1.789200E-17
8493.59816670419  1.926352E-17
8496.43470668794  2.122318E-17
8499.27124667169  2.290705E-17
8502.10778665544  2.368287E-17
8504.94432663919  2.674034E-17
8507.78086662294  2.377951E-17
8510.61740660669  2.018246E-17
8513.45394659044  1.872217E-17
8516.29048657418  2.201854E-17
8519.12702655793  2.191425E-17
8521.96356654168  2.391340E-17
8524.80010652543  2.239176E-17
8527.63664650918  2.289799E-17
8530.47318649293  2.122290E-17
8533.30972647668  2.388839E-17
8536.14626646043  2.577479E-17
8538.98280644418  2.566363E-17
8541.81934642793  2.581015E-17
8544.65588641168  2.345581E-17
8547.49242639543  2.340104E-17
8550.32896637918  2.463563E-17
8553.16550636293  2.369549E-17
8556.00204634668  2.632122E-17
8558.83858633042  2.395128E-17
8561.67512631417  2.547124E-17
8564.51166629792  2.509287E-17
8567.34820628167  2.553390E-17
8570.18474626542  2.150501E-17
8573.02128624917  2.294619E-17
8575.85782623292  2.664200E-17
8578.69436621667  2.647821E-17
8581.53090620042  2.621259E-17
8584.36744618417  2.734170E-17
8587.20398616792  2.649377E-17
8590.04052615167  2.797159E-17
8592.87706613542  2.767793E-17
8595.71360611917  2.663325E-17
8598.55014610292  2.486591E-17
8601.38668608667  2.515330E-17
8604.22322607041  2.626837E-17
8607.05976605417  2.744142E-17
8609.89630603791  2.455251E-17
8612.73284602166  2.875458E-17
8615.56938600541  3.356672E-17
8618.40592598916  2.877554E-17
8621.24246597291  3.126421E-17
8624.07900595666  2.525065E-17
8626.91554594041  2.455238E-17
8629.75208592416  3.424083E-17
8632.58862590791  2.950533E-17
8635.42516589166  3.560283E-17
8638.26170587541  2.625070E-17
8641.09824585916  3.048967E-17
8643.93478584291  2.651010E-17
8646.77132582666  2.288735E-17
8649.60786581041  2.712322E-17
8652.44440579416  2.336312E-17
8655.2809457779  3.514148E-17
8658.11748576165  2.651957E-17
8660.9540257454  2.853695E-17
8663.79056572915  2.747123E-17
8666.6271057129  1.980085E-17
8669.46364569665  3.050029E-17
8672.3001856804  2.057184E-17
8675.13672566415  2.712718E-17
8677.9732656479  2.563814E-17
8680.80980563165  2.922062E-17
8683.6463456154  2.514093E-17
8686.48288559915  2.729651E-17
8689.3194255829  2.373150E-17
8692.15596556665  2.430974E-17
8694.9925055504  2.418560E-17
8697.82904553415  2.615582E-17
8700.66558551789  2.561627E-17
8703.50212550164  2.499196E-17
8706.33866548539  2.931695E-17
8709.17520546914  3.033672E-17
8712.01174545289  3.086051E-17
8714.84828543664  3.048614E-17
8717.68482542039  2.818440E-17
8720.52136540414  2.942196E-17
8723.35790538789  3.044447E-17
8726.19444537164  2.939543E-17
8729.03098535539  2.886804E-17
8731.86752533914  2.729328E-17
8734.70406532289  2.397621E-17
8737.54060530664  2.697319E-17
8740.37714529039  1.940033E-17
8743.21368527414  2.985864E-17
8746.05022525788  2.087664E-17
8748.88676524164  2.403589E-17
8751.72330522538  2.150294E-17
8754.55984520913  3.118623E-17
8757.39638519288  1.358681E-17
8760.23292517663  9.435966E-18
8763.06946516038  2.576859E-17
8765.90600514413  1.086308E-17
8768.74254512788  2.001592E-17
8771.57908511163  1.512185E-17
8774.41562509538  2.524628E-17
8777.25216507913  3.665584E-17
8780.08870506288  1.776335E-17
8782.92524504663  1.328116E-17
8785.76178503038  2.647174E-17
8788.59832501412  2.751168E-17
8791.43486499788  1.864032E-17
8794.27140498163  1.714125E-17
8797.10794496537  2.002591E-17
8799.94448494912  2.426453E-17
8802.78102493287  1.582012E-17
8805.61756491662  5.276076E-17
8808.45410490037  8.430564E-18
8811.29064488412  5.430667E-18
8814.12718486787  3.094607E-17
8816.96372485162  1.117656E-17
8819.80026483537  1.034792E-17
8822.63680481912  2.054328E-17
8825.47334480287  7.216966E-18
8828.30988478662  1.373218E-17
8831.14642477037  -1.058465E-17
8833.98296475412  8.759521E-18
8836.81950473786  2.945489E-17
8839.65604472161  2.358760E-17
8842.49258470536  1.075062E-17
8845.32912468911  2.073173E-17
8848.16566467286  2.052618E-17
8851.00220465661  1.532909E-17
8853.83874464036  1.936949E-17
8856.67528462411  1.289305E-17
8859.51182460786  2.213528E-17
8862.34836459161  -5.527232E-18
8865.18490457536  3.888917E-17
8868.02144455911  3.483234E-17
8870.85798454286  2.842165E-17
8873.69452452661  1.766546E-17
8876.53106451036  1.967015E-17
8879.36760449411  1.823770E-17
8882.20414447786  2.446012E-17
8885.0406844616  3.144399E-17
8887.87722444535  3.204945E-17
8890.71376442911  2.044583E-17
8893.55030441285  2.199548E-17
8896.3868443966  -2.454091E-17
8899.22338438035  2.292403E-17
8902.0599243641  3.397433E-17
8904.89646434785  8.658037E-18
8907.7330043316  2.579113E-17
8910.56954431535  2.232701E-17
8913.4060842991  1.259937E-17
8916.24262428285  2.137780E-17
8919.0791642666  2.739894E-17
8921.91570425035  2.196808E-17
8924.7522442341  1.853385E-17
8927.58878421785  3.124190E-17
8930.4253242016  6.901789E-19
8933.26186418534  2.913716E-17
8936.09840416909  1.398925E-17
8938.93494415284  1.426378E-17
8941.77148413659  3.875295E-17
8944.60802412034  1.773584E-17
8947.44456410409  1.974591E-17
8950.28110408784  1.447864E-17
8953.11764407159  4.731966E-18
8955.95418405534  8.882343E-18
8958.79072403909  9.586196E-18
8961.62726402284  -4.514141E-18
8964.46380400659  6.155403E-18
8967.30034399034  3.452002E-17
8970.13688397409  9.110149E-18
8972.97342395784  2.274946E-17
8975.80996394159  1.411245E-17
8978.64650392534  2.264194E-17
8981.48304390908  1.440198E-17
8984.31958389283  3.209673E-18
8987.15612387658  9.878796E-18
8989.99266386033  1.352381E-17
8992.82920384408  1.370139E-17
8995.66574382783  1.754399E-17
8998.50228381158  1.923910E-17
9001.33882379533  1.395732E-17
9004.17536377908  5.206569E-18
9007.01190376283  7.225269E-18
9009.84844374658  1.870945E-17
9012.68498373033  1.240832E-17
9015.52152371408  1.680831E-17
9018.35806369783  1.620800E-17
9021.19460368158  1.511802E-17
9024.03114366532  1.477300E-17
9026.86768364908  1.748995E-17
9029.70422363282  1.726207E-17
9032.54076361657  1.073252E-17
9035.37730360032  1.300515E-17
9038.21384358407  1.313296E-17
9041.05038356782  1.667149E-17
9043.88692355157  1.440092E-17
9046.72346353532  1.296699E-17
9049.56000351907  1.355687E-17
9052.39654350282  1.527804E-17
9055.23308348657  2.012630E-17
9058.06962347032  1.087327E-17
9060.90616345407  1.450027E-17
9063.74270343782  1.390161E-17
9066.57924342157  1.300546E-17
9069.41578340532  1.370336E-17
9072.25232338906  1.201271E-17
9075.08886337281  1.554492E-17
9077.92540335656  1.406796E-17
9080.76194334031  1.512083E-17
9083.59848332406  1.727753E-17
9086.43502330781  1.510378E-17
9089.27156329156  1.355694E-17
9092.10810327531  1.443402E-17
9094.94464325906  1.569370E-17
9097.78118324281  1.284705E-17
9100.61772322656  1.647115E-17
9103.45426321031  1.655564E-17
9106.29080319406  1.483110E-17
9109.12734317781  1.782187E-17
9111.96388316156  1.398951E-17
9114.8004231453  1.613755E-17
9117.63696312905  1.423995E-17
9120.4735031128  1.596422E-17
9123.31004309655  1.504311E-17
9126.1465830803  1.378604E-17
9128.98312306405  1.424382E-17
9131.8196630478  1.480904E-17
9134.65620303155  1.344760E-17
9137.4927430153  1.371548E-17
9140.32928299905  1.927543E-17
9143.1658229828  1.486016E-17
9146.00236296655  1.344531E-17
9148.8389029503  2.274640E-17
9151.67544293405  5.729022E-17
9154.5119829178  5.284576E-17
9157.34852290155  9.880411E-18
9160.1850628853  1.665168E-17
9163.02160286905  1.346835E-17
9165.85814285279  1.326701E-17
9168.69468283654  1.482945E-17
9171.53122282029  1.738652E-17
9174.36776280404  1.598950E-17
9177.20430278779  1.588435E-17
9180.04084277154  1.743337E-17
9182.87738275529  1.735235E-17
9185.71392273904  1.660533E-17
9188.55046272279  1.534182E-17
9191.38700270654  1.771693E-17
9194.22354269029  1.807041E-17
9197.06008267404  2.648385E-17
9199.89662265779  2.063758E-17
9202.73316264154  1.986249E-17
9205.56970262529  2.286915E-17
9208.40624260904  1.755122E-17
9211.24278259278  1.749286E-17
9214.07932257653  1.803649E-17
9216.91586256028  1.828038E-17
9219.75240254403  1.913611E-17
9222.58894252778  2.063604E-17
9225.42548251153  1.593564E-17
9228.26202249528  1.971526E-17
9231.09856247903  2.299523E-17
9233.93510246278  1.563433E-17
9236.77164244653  1.348053E-17
9239.60818243028  2.490083E-17
9242.44472241403  8.513613E-17
9245.28126239778  9.494511E-17
9248.11780238153  8.208882E-17
9250.95434236528  3.800139E-17
9253.79088234903  1.860209E-17
9256.62742233277  2.120752E-17
9259.46396231653  2.068390E-17
9262.30050230027  1.803035E-17
9265.13704228402  1.390868E-17
9267.97358226777  1.782765E-17
9270.81012225152  2.053264E-17
9273.64666223527  2.238955E-17
9276.48320221902  2.199205E-17
9279.31974220277  1.924318E-17
9282.15628218652  2.761241E-17
9284.99282217027  3.457591E-17
9287.82936215402  5.640822E-18
9290.66590213777  3.544758E-17
9293.50244212152  -3.783775E-19
9296.33898210527  1.751844E-17
9299.17552208902  2.028895E-17
9302.01206207277  4.749622E-17
9304.84860205652  -1.863925E-17
9307.68514204026  2.812699E-18
9310.52168202401  1.178530E-17
9313.35822200776  8.239820E-18
9316.19476199151  3.459172E-17
9319.03130197526  -7.551682E-18
9321.86784195901  4.868619E-17
9324.70438194276  3.397644E-17
9327.54092192651  3.600575E-17
9330.37746191026  -3.742730E-18
9333.21400189401  2.230221E-17
9336.05054187776  1.665213E-17
9338.88708186151  1.429636E-17
9341.72362184526  2.296766E-17
9344.56016182901  7.105661E-18
9347.39670181276  1.382229E-17
9350.23324179651  2.184163E-17
9353.06978178026  -3.594366E-17
9355.90632176401  6.107775E-17
9358.74286174775  4.861443E-17
9361.5794017315  2.983160E-17
9364.41594171525  3.074669E-17
9367.252481699  5.135087E-17
9370.08902168275  3.400389E-17
9372.9255616665  3.723375E-17
9375.76210165025  4.226367E-17
9378.598641634  2.787130E-17
9381.43518161775  9.926493E-17
9384.2717216015  -1.930569E-17
9387.10826158525  4.889956E-19
9389.944801569  1.673399E-17
9392.78134155275  1.946423E-17
9395.6178815365  1.116540E-17
9398.45442152025  4.697615E-18
9401.29096150399  4.649086E-18
9404.12750148775  1.065401E-17
9406.96404147149  8.047704E-18
9409.80058145524  7.957139E-18
9412.63712143899  7.367905E-18
9415.47366142274  1.215634E-17
9418.31020140649  3.317695E-17
9421.14674139024  -6.205079E-18
9423.98328137399  -2.098858E-18
9426.81982135774  2.343722E-17
9429.65636134149  1.442828E-17
9432.49290132524  1.032456E-17
9435.32944130899  1.376113E-17
9438.16598129274  1.878412E-17
9441.00252127649  9.312459E-18
9443.83906126024  4.503931E-18
9446.67560124399  9.745852E-18
9449.51214122774  2.349668E-17
9452.34868121148  7.492312E-18
9455.18522119523  1.584038E-17
9458.02176117898  6.202242E-18
9460.85830116273  1.368161E-17
9463.69484114648  3.800688E-17
9466.53138113023  4.807363E-17
9469.36792111398  2.960007E-17
9472.20446109773  4.987706E-18
9475.04100108148  7.263327E-18
9477.87754106523  2.323063E-18
9480.71408104898  1.473336E-17
9483.55062103273  -1.907659E-18
9486.38716101648  -7.940187E-18
9489.22370100023  8.128662E-18
9492.06024098398  3.128844E-18
9494.89678096773  8.781660E-18
9497.73332095147  -1.317328E-17
9500.56986093522  8.899256E-18
9503.40640091897  2.174572E-17
9506.24294090272  8.600986E-19
9509.07948088647  8.643117E-18
9511.91602087022  6.695285E-18
9514.75256085397  4.027123E-18
9517.58910083772  7.333053E-18
9520.42564082147  4.445445E-18
9523.26218080522  -1.074635E-18
9526.09872078897  7.968774E-18
9528.93526077272  1.568020E-17
9531.77180075647  9.558833E-19
9534.60834074022  1.659413E-18
9537.44488072397  7.256112E-18
9540.28142070772  6.923763E-18
9543.11796069147  6.523801E-18
9545.95450067521  1.319856E-17
9548.79104065896  5.012648E-18
9551.62758064271  2.846049E-18
9554.46412062646  6.325836E-18
9557.30066061021  8.515938E-19
9560.13720059396  4.362113E-18
9562.97374057771  7.868230E-18
9565.81028056146  7.508480E-18
9568.64682054521  9.725319E-18
9571.48336052896  9.115449E-18
9574.31990051271  3.324453E-18
9577.15644049646  4.322999E-18
9579.99298048021  5.896610E-18
9582.82952046396  6.323062E-18
9585.66606044771  3.965254E-18
9588.50260043145  4.555372E-18
9591.33914041521  2.531319E-18
9594.17568039895  1.448046E-17
9597.0122203827  3.858883E-17
9599.84876036645  4.038476E-17
9602.6853003502  4.262299E-17
9605.52184033395  2.549249E-18
9608.3583803177  5.478716E-18
9611.19492030145  1.052702E-17
9614.0314602852  2.661974E-17
9616.86800026895  2.275097E-17
9619.7045402527  9.629804E-18
9622.54108023645  5.686008E-18
9625.3776202202  6.501652E-18
9628.21416020395  7.837191E-18
9631.0507001877  4.404893E-18
9633.88724017145  4.725947E-18
9636.7237801552  6.083429E-18
9639.56032013895  4.581175E-18
9642.39686012269  5.476700E-18
9645.23340010644  8.038084E-18
9648.06994009019  4.569063E-18
9650.90648007394  1.609350E-18
9653.74302005769  4.959236E-18
9656.57956004144  6.679926E-18
9659.41610002519  6.547489E-18
9662.25264000894  4.402792E-18
9665.08917999269  1.637909E-18
9667.92571997644  3.016799E-18
9670.76225996019  2.818847E-19
9673.59879994394  1.079622E-18
9676.43533992769  5.527794E-19
9679.27187991144  3.935446E-18
9682.10841989519  3.064203E-18
9684.94495987893  6.445842E-18
9687.78149986268  5.930538E-18
9690.61803984643  3.757693E-18
9693.45457983018  5.558585E-18
9696.29111981393  3.346469E-18
9699.12765979768  -2.418331E-18
9701.96419978143  5.014220E-18
9704.80073976518  5.855019E-18
9707.63727974893  4.779968E-18
9710.47381973268  -6.520656E-20
9713.31035971643  2.111050E-18
9716.14689970018  5.605055E-18
9718.98343968393  6.230765E-18
9721.81997966768  5.631368E-18
9724.65651965143  4.801391E-18
9727.49305963518  1.045271E-17
9730.32959961892  -9.576128E-19
9733.16613960268  3.559616E-18
9736.00267958642  1.111800E-18
9738.83921957017  2.040675E-18
9741.67575955392  2.450326E-18
9744.51229953767  3.972630E-18
9747.34883952142  7.350196E-18
9750.18537950517  4.726716E-18
9753.02191948892  3.723554E-18
9755.85845947267  6.842931E-18
9758.69499945642  4.568967E-18
9761.53153944017  3.789508E-18
9764.36807942392  3.112642E-18
9767.20461940767  2.031202E-18
9770.04115939142  2.763112E-18
9772.87769937517  1.698190E-18
9775.71423935892  -3.763605E-18
9778.55077934266  2.855304E-18
9781.38731932641  8.360442E-18
9784.22385931016  4.181307E-18
9787.06039929391  2.296858E-18
9789.89693927766  2.042727E-17
9792.73347926141  5.575420E-17
9795.57001924516  2.348018E-17
9798.40655922891  1.451064E-17
9801.24309921266  8.814047E-19
9804.07963919641  8.947277E-18
9806.91617918016  1.154561E-17
9809.75271916391  3.923811E-18
9812.58925914766  5.757687E-18
9815.42579913141  7.502986E-18
9818.26233911516  6.885108E-18
9821.09887909891  6.433831E-18
9823.93541908266  4.368154E-18
9826.7719590664  4.699443E-18
9829.60849905015  2.419665E-19
9832.4450390339  -2.198060E-18
9835.28157901765  -1.997899E-18
9838.1181190014  -1.977325E-18
9840.95465898515  -1.976254E-18
9843.7911989689  -1.975342E-18
