4672.89539864035  3.078219E-14
4675.73200939833  3.786796E-14
4678.56862015631  6.721620E-14
4681.40523091429  5.618423E-14
4684.24184167227  4.680742E-14
4687.07845243025  4.369634E-14
4689.91506318823  6.110007E-14
4692.75167394621  5.645971E-14
4695.58828470419  3.786310E-14
4698.42489546217  3.842349E-14
4701.26150622015  5.538355E-14
4704.09811697813  3.531312E-14
4706.93472773611  3.104240E-14
4709.7713384941  2.613988E-14
4712.60794925208  3.648860E-14
4715.44456001006  2.683531E-14
4718.28117076804  4.737995E-14
4721.11778152602  4.525244E-14
4723.954392284  2.238092E-14
4726.79100304198  3.571799E-14
4729.62761379996  5.542792E-14
4732.46422455794  3.161925E-14
4735.30083531592  3.154283E-14
4738.13744607391  3.958588E-14
4740.97405683188  4.960547E-14
4743.81066758987  4.604808E-14
4746.64727834785  3.681194E-14
4749.48388910583  3.069346E-14
4752.32049986381  1.700715E-14
4755.15711062179  2.363463E-14
4757.99372137977  3.711826E-14
4760.83033213775  3.557781E-14
4763.66694289573  3.274464E-14
4766.50355365371  3.309394E-14
4769.34016441169  2.926633E-14
4772.17677516967  2.781624E-14
4775.01338592766  2.616267E-14
4777.84999668564  2.266392E-14
4780.68660744362  2.237906E-14
4783.5232182016  3.843565E-14
4786.35982895958  3.263885E-14
4789.19643971756  2.822650E-14
4792.03305047554  3.171309E-14
4794.86966123352  3.377177E-14
4797.7062719915  3.072952E-14
4800.54288274948  3.141276E-14
4803.37949350746  3.585947E-14
4806.21610426544  2.652666E-14
4809.05271502342  2.630634E-14
4811.88932578141  2.652542E-14
4814.72593653939  2.097781E-14
4817.56254729737  2.026779E-14
4820.39915805535  2.051518E-14
4823.23576881333  1.998698E-14
4826.07237957131  2.343860E-14
4828.90899032929  2.112383E-14
4831.74560108727  2.142200E-14
4834.58221184525  1.608499E-14
4837.41882260323  1.903038E-14
4840.25543336121  2.679446E-14
4843.0920441192  2.537752E-14
4845.92865487718  1.811396E-14
4848.76526563516  1.777598E-14
4851.60187639314  1.892308E-14
4854.43848715112  1.359084E-14
4857.2750979091  1.682054E-14
4860.11170866708  2.660601E-14
4862.94831942506  2.078240E-14
4865.78493018304  1.600439E-14
4868.62154094102  1.807123E-14
4871.458151699  2.001131E-14
4874.29476245698  2.567598E-14
4877.13137321497  2.458617E-14
4879.96798397295  2.230598E-14
4882.80459473093  1.769518E-14
4885.64120548891  8.683563E-15
4888.47781624689  2.127499E-14
4891.31442700487  2.315122E-14
4894.15103776285  1.775570E-14
4896.98764852083  1.511166E-14
4899.82425927881  1.523630E-14
4902.66087003679  1.767146E-14
4905.49748079477  1.630044E-14
4908.33409155275  1.336513E-14
4911.17070231074  1.316659E-14
4914.00731306872  1.553889E-14
4916.8439238267  1.236673E-14
4919.68053458468  8.405452E-15
4922.51714534266  1.751314E-14
4925.35375610064  1.988348E-14
4928.19036685862  1.985495E-14
4931.0269776166  1.234972E-14
4933.86358837458  1.863347E-14
4936.70019913256  2.048305E-14
4939.53680989054  1.686970E-14
4942.37342064852  1.707070E-14
4945.21003140651  1.889612E-14
4948.04664216449  1.573530E-14
4950.88325292247  2.117707E-14
4953.71986368045  1.523618E-14
4956.55647443843  1.046715E-14
4959.39308519641  1.463643E-14
4962.22969595439  1.552315E-14
4965.06630671237  1.410794E-14
4967.90291747035  1.592600E-14
4970.73952822833  1.344281E-14
4973.57613898631  1.507016E-14
4976.41274974429  1.434848E-14
4979.24936050228  1.618565E-14
4982.08597126026  1.439122E-14
4984.92258201824  1.391413E-14
4987.75919277622  1.861387E-14
4990.5958035342  1.910881E-14
4993.43241429218  1.588986E-14
4996.26902505016  1.430161E-14
4999.10563580814  9.793461E-15
5001.94224656612  1.115259E-14
5004.7788573241  1.317584E-14
5007.61546808208  1.343314E-14
5010.45207884006  1.368998E-14
5013.28868959805  1.227866E-14
5016.12530035603  1.363431E-14
5018.96191111401  1.516487E-14
5021.79852187199  1.339046E-14
5024.63513262997  1.238975E-14
5027.47174338795  1.569637E-14
5030.30835414593  1.654860E-14
5033.14496490391  1.507540E-14
5035.98157566189  1.395890E-14
5038.81818641987  1.212146E-14
5041.65479717785  7.202229E-15
5044.49140793583  1.121926E-14
5047.32801869382  1.661678E-14
5050.1646294518  1.199816E-14
5053.00124020978  1.151573E-14
5055.83785096776  1.548138E-14
5058.67446172574  1.614443E-14
5061.51107248372  1.094281E-14
5064.3476832417  1.275425E-14
5067.18429399968  1.104393E-14
5070.02090475766  1.439129E-14
5072.85751551564  1.685366E-14
5075.69412627362  1.385786E-14
5078.53073703161  7.368991E-15
5081.36734778959  8.326367E-15
5084.20395854757  1.183888E-14
5087.04056930555  1.284895E-14
5089.87718006353  1.300520E-14
5092.71379082151  9.448727E-15
5095.55040157949  1.162571E-14
5098.38701233747  7.557386E-15
5101.22362309545  9.830808E-15
5104.06023385343  1.418076E-14
5106.89684461141  1.105774E-14
5109.73345536939  8.836240E-15
5112.57006612737  1.201818E-14
5115.40667688536  1.080029E-14
5118.24328764334  1.026028E-14
5121.07989840132  9.728463E-15
5123.9165091593  8.608610E-15
5126.75311991728  1.572831E-14
5129.58973067526  9.240496E-15
5132.42634143324  1.086543E-14
5135.26295219122  1.424950E-14
5138.0995629492  1.214707E-14
5140.93617370718  1.376296E-14
5143.77278446516  1.071549E-14
5146.60939522315  8.048635E-15
5149.44600598113  1.416593E-14
5152.28261673911  9.288922E-15
5155.11922749709  2.297123E-14
5157.95583825507  4.011461E-14
5160.79244901305  8.973304E-15
5163.62905977103  1.235504E-14
5166.46567052901  9.132424E-15
5169.30228128699  9.201316E-15
5172.13889204497  1.229720E-14
5174.97550280295  1.154285E-14
5177.81211356093  9.138579E-15
5180.64872431892  7.875707E-15
5183.4853350769  7.787128E-15
5186.32194583488  7.481547E-15
5189.15855659286  6.891912E-15
5191.99516735084  8.064834E-15
5194.83177810882  7.501522E-15
5197.6683888668  7.221280E-15
5200.50499962478  6.021565E-15
5203.34161038276  4.968652E-15
5206.17822114074  5.493720E-15
5209.01483189872  6.746090E-15
5211.8514426567  7.185829E-15
5214.68805341468  7.286020E-15
5217.52466417267  9.143904E-15
5220.36127493065  7.796450E-15
5223.19788568863  8.745420E-15
5226.03449644661  9.763782E-15
5228.87110720459  8.182058E-15
5231.70771796257  8.487085E-15
5234.54432872055  8.585872E-15
5237.38093947853  7.970328E-15
5240.21755023651  7.785873E-15
5243.05416099449  8.205276E-15
5245.89077175247  9.530988E-15
5248.72738251045  9.508581E-15
5251.56399326844  9.316564E-15
5254.40060402642  9.511323E-15
5257.2372147844  9.672875E-15
5260.07382554238  7.733550E-15
5262.91043630036  7.519466E-15
5265.74704705834  6.805045E-15
5268.58365781632  7.398111E-15
5271.4202685743  8.232888E-15
5274.25687933228  9.882097E-15
5277.09349009026  8.793855E-15
5279.93010084824  8.240652E-15
5282.76671160623  8.668186E-15
5285.60332236421  6.775864E-15
5288.43993312219  6.045280E-15
5291.27654388017  7.792872E-15
5294.11315463815  7.245819E-15
5296.94976539613  4.994043E-15
5299.78637615411  4.932588E-15
5302.62298691209  6.670156E-15
5305.45959767007  6.929062E-15
5308.29620842805  6.686754E-15
5311.13281918603  6.369976E-15
5313.96942994401  5.307111E-15
5316.806040702  5.310247E-15
5319.64265145998  6.942238E-15
5322.47926221796  5.529207E-15
5325.31587297594  6.176361E-15
5328.15248373392  6.540353E-15
5330.9890944919  6.672221E-15
5333.82570524988  9.969654E-15
5336.66231600786  6.501441E-15
5339.49892676584  6.742965E-15
5342.33553752382  7.952996E-15
5345.1721482818  6.525305E-15
5348.00875903978  6.451993E-15
5350.84536979776  7.704565E-15
5353.68198055575  7.368739E-15
5356.51859131373  6.449981E-15
5359.35520207171  5.800195E-15
5362.19181282969  6.039804E-15
5365.02842358767  6.790850E-15
5367.86503434565  6.089521E-15
5370.70164510363  6.900355E-15
5373.53825586161  6.693613E-15
5376.37486661959  7.302314E-15
5379.21147737757  6.308507E-15
5382.04808813555  5.743647E-15
5384.88469889354  6.162367E-15
5387.72130965152  5.496013E-15
5390.5579204095  5.260483E-15
5393.39453116748  6.657316E-15
5396.23114192546  5.187590E-15
5399.06775268344  4.225262E-15
5401.90436344142  6.845111E-15
5404.7409741994  6.654492E-15
5407.57758495738  6.685709E-15
5410.41419571536  5.696629E-15
5413.25080647334  6.311801E-15
5416.08741723132  6.581364E-15
5418.9240279893  5.432965E-15
5421.76063874729  6.590334E-15
5424.59724950527  6.148262E-15
5427.43386026325  6.828061E-15
5430.27047102123  4.456749E-15
5433.10708177921  5.564112E-15
5435.94369253719  5.583747E-15
5438.78030329517  5.222878E-15
5441.61691405315  5.229311E-15
5444.45352481113  5.256930E-15
5447.29013556911  6.247916E-15
5450.12674632709  6.135527E-15
5452.96335708507  5.009441E-15
5455.79996784306  5.989105E-15
5458.63657860104  5.854526E-15
5461.47318935902  5.836824E-15
5464.309800117  5.220044E-15
5467.14641087498  6.271434E-15
5469.98302163296  6.022603E-15
5472.81963239094  5.579458E-15
5475.65624314892  5.979444E-15
5478.4928539069  6.276789E-15
5481.32946466488  6.598670E-15
5484.16607542287  5.289458E-15
5487.00268618085  5.449010E-15
5489.83929693882  5.476711E-15
5492.67590769681  6.719699E-15
5495.51251845479  6.756914E-15
5498.34912921277  6.022252E-15
5501.18573997075  5.364762E-15
5504.02235072873  5.933802E-15
5506.85896148671  6.326823E-15
5509.69557224469  5.257107E-15
5512.53218300267  5.250782E-15
5515.36879376065  5.330436E-15
5518.20540451863  6.866613E-15
5521.04201527661  7.442599E-15
5523.8786260346  6.571887E-15
5526.71523679258  6.425859E-15
5529.55184755056  7.742094E-15
5532.38845830854  8.769928E-15
5535.22506906652  9.155305E-15
5538.0616798245  8.821243E-15
5540.89829058248  9.006522E-15
5543.73490134046  9.775885E-15
5546.57151209844  9.937616E-15
5549.40812285642  1.165845E-14
5552.2447336144  1.411742E-14
5555.08134437239  1.554950E-14
5557.91795513037  1.752253E-14
5560.75456588835  1.763763E-14
5563.59117664633  7.913454E-15
5566.42778740431  -1.756108E-14
5569.26439816229  -2.026751E-14
5572.10100892027  -1.913709E-14
5574.93761967825  -2.187960E-14
5577.77423043623  -2.592277E-14
5580.61084119421  -2.886395E-14
5583.44745195219  -2.926982E-14
5586.28406271017  -3.087783E-14
5589.12067346815  -2.065675E-14
5591.95728422614  2.519225E-15
5594.79389498412  4.581190E-15
5597.6305057421  1.798804E-15
5600.46711650008  2.577695E-15
5603.30372725806  2.325705E-15
5606.14033801604  3.048645E-15
5608.97694877402  2.811319E-15
5611.813559532  3.031079E-15
5614.65017028998  3.408224E-15
5617.48678104796  2.567266E-15
5620.32339180594  3.341844E-15
5623.16000256393  2.960280E-15
5625.99661332191  3.271200E-15
5628.83322407989  3.220033E-15
5631.66983483787  3.432939E-15
5634.50644559585  2.595767E-15
5637.34305635383  3.186812E-15
5640.17966711181  4.689278E-15
5643.01627786979  4.179517E-15
5645.85288862777  3.570606E-15
5648.68949938575  3.415416E-15
5651.52611014373  3.110619E-15
5654.36272090171  4.054142E-15
5657.1993316597  2.993640E-15
5660.03594241768  3.887907E-15
5662.87255317566  2.273533E-15
5665.70916393364  2.673854E-15
5668.54577469162  4.147833E-15
5671.3823854496  3.574342E-15
5674.21899620758  4.135447E-15
5677.05560696556  3.892492E-15
5679.89221772354  2.921488E-15
5682.72882848152  1.967965E-15
5685.5654392395  2.252108E-15
5688.40204999748  2.410603E-15
5691.23866075546  2.480287E-15
5694.07527151345  2.543256E-15
5696.91188227143  2.393878E-15
5699.74849302941  3.318647E-15
5702.58510378739  3.164485E-15
5705.42171454537  3.265443E-15
5708.25832530335  2.105228E-15
5711.09493606133  2.835821E-15
5713.93154681931  3.136625E-15
5716.76815757729  2.508598E-15
5719.60476833527  2.504602E-15
5722.44137909326  2.661760E-15
5725.27798985123  3.057657E-15
5728.11460060922  3.103739E-15
5730.9512113672  2.897441E-15
5733.78782212518  1.961978E-15
5736.62443288316  1.624684E-15
5739.46104364114  3.356862E-15
5742.29765439912  2.794714E-15
5745.1342651571  2.704198E-15
5747.97087591508  3.058173E-15
5750.80748667306  2.854151E-15
5753.64409743104  2.821540E-15
5756.48070818902  2.196698E-15
5759.317318947  1.986497E-15
5762.15392970499  2.291644E-15
5764.99054046297  2.522537E-15
5767.82715122095  2.888186E-15
5770.66376197893  3.069064E-15
5773.50037273691  2.441711E-15
5776.33698349489  1.473956E-15
5779.17359425287  1.594508E-15
5782.01020501085  3.759848E-15
5784.84681576883  2.769731E-15
5787.68342652681  2.648917E-15
5790.52003728479  2.630444E-15
5793.35664804278  2.434187E-15
5796.19325880076  3.026174E-15
5799.02986955874  2.833955E-15
5801.86648031672  2.895124E-15
5804.7030910747  3.204468E-15
5807.53970183268  2.345178E-15
5810.37631259066  1.870198E-15
5813.21292334864  2.833683E-15
5816.04953410662  2.266145E-15
5818.8861448646  1.942681E-15
5821.72275562258  2.731296E-15
5824.55936638056  2.294317E-15
5827.39597713854  2.423725E-15
5830.23258789653  2.213555E-15
5833.06919865451  2.980167E-15
5835.90580941249  3.387520E-15
5838.74242017047  2.641824E-15
5841.57903092845  2.832895E-15
5844.41564168643  3.396441E-15
5847.25225244441  3.990899E-15
5850.08886320239  4.202712E-15
5852.92547396037  3.260572E-15
5855.76208471835  3.512081E-15
5858.59869547633  3.632898E-15
5861.43530623432  4.314164E-15
5864.2719169923  3.758656E-15
5867.10852775028  3.529031E-15
5869.94513850826  3.786076E-15
5872.78174926624  3.992871E-15
5875.61836002422  2.168016E-15
5878.4549707822  8.106845E-16
5881.29158154018  -4.865911E-16
5884.12819229816  -1.078875E-15
5886.96480305614  -1.202435E-15
5889.80141381412  -2.498200E-15
5892.6380245721  -3.437669E-15
5895.47463533009  -3.753398E-15
5898.31124608807  -4.074082E-15
5901.14785684605  -2.635824E-15
5903.98446760403  -9.996660E-16
5906.82107836201  -3.502786E-16
5909.65768911999  1.037216E-15
5912.49429987797  1.663014E-15
5915.33091063595  9.805418E-16
5918.16752139393  8.371694E-16
5921.00413215191  7.045197E-16
5923.84074290989  3.117815E-16
5926.67735366787  1.006188E-15
5929.51396442585  1.267013E-15
5932.35057518384  1.637073E-15
5935.18718594182  1.537840E-15
5938.0237966998  9.862153E-16
5940.86040745778  5.949556E-16
5943.69701821576  8.503954E-16
5946.53362897374  1.827266E-15
5949.37023973172  1.587591E-15
5952.2068504897  1.502135E-15
5955.04346124768  1.523045E-15
5957.88007200566  9.110284E-16
5960.71668276364  1.185317E-15
5963.55329352163  1.600803E-15
5966.38990427961  1.518931E-15
5969.22651503759  1.028068E-15
5972.06312579557  1.552120E-15
5974.89973655355  1.228425E-15
5977.73634731153  1.003017E-15
5980.57295806951  1.193407E-15
5983.40956882749  8.255829E-16
5986.24617958547  1.132718E-15
5989.08279034345  1.286698E-15
5991.91940110143  1.195437E-15
5994.75601185941  1.935119E-15
5997.5926226174  1.633421E-15
6000.42923337538  1.757669E-15
6003.26584413336  1.900028E-15
6006.10245489134  1.955209E-15
6008.93906564932  1.608449E-15
6011.7756764073  1.848513E-15
6014.61228716528  1.814751E-15
6017.44889792326  1.524830E-15
6020.28550868124  1.474567E-15
6023.12211943922  1.551135E-15
6025.9587301972  1.699891E-15
6028.79534095518  2.014636E-15
6031.63195171317  1.962124E-15
6034.46856247115  1.640454E-15
6037.30517322913  1.460821E-15
6040.14178398711  1.573641E-15
6042.97839474509  1.595274E-15
6045.81500550307  1.530781E-15
6048.65161626105  1.687978E-15
6051.48822701903  1.819436E-15
6054.32483777701  1.774363E-15
6057.16144853499  1.669920E-15
6059.99805929297  1.273206E-15
6062.83467005095  1.321854E-15
6065.67128080894  1.579284E-15
6068.50789156692  1.871533E-15
6071.3445023249  1.955685E-15
6074.18111308288  1.744677E-15
6077.01772384086  2.168964E-15
6079.85433459884  2.153893E-15
6082.69094535682  1.801172E-15
6085.5275561148  1.924048E-15
6088.36416687278  1.965356E-15
6091.20077763076  1.758071E-15
6094.03738838874  1.638288E-15
6096.87399914672  1.593759E-15
6099.71060990471  1.713992E-15
6102.54722066269  1.911877E-15
6105.38383142067  1.859861E-15
6108.22044217865  1.676621E-15
6111.05705293663  1.443989E-15
6113.89366369461  1.359945E-15
6116.73027445259  1.548811E-15
6119.56688521057  1.883936E-15
6122.40349596855  2.116920E-15
6125.24010672653  1.832454E-15
6128.07671748451  1.745121E-15
6130.91332824249  1.868129E-15
6133.74993900048  1.560334E-15
6136.58654975846  1.353443E-15
6139.42316051644  1.420231E-15
6142.25977127442  1.351112E-15
6145.0963820324  1.272865E-15
6147.93299279038  1.420007E-15
6150.76960354836  1.399908E-15
6153.60621430634  1.188707E-15
6156.44282506432  1.372446E-15
6159.2794358223  1.727617E-15
6162.11604658028  1.726373E-15
6164.95265733826  1.631635E-15
6167.78926809624  1.695715E-15
6170.62587885423  1.726824E-15
6173.46248961221  1.662291E-15
6176.29910037019  1.485067E-15
6179.13571112817  1.530886E-15
6181.97232188615  1.815366E-15
6184.80893264413  1.906253E-15
6187.64554340211  1.884958E-15
6190.48215416009  1.923171E-15
6193.31876491807  2.031240E-15
6196.15537567605  2.116030E-15
6198.99198643403  1.497952E-15
6201.82859719202  1.257092E-15
6204.66520795  1.839196E-15
6207.50181870798  1.982718E-15
6210.33842946596  1.655412E-15
6213.17504022394  1.689486E-15
6216.01165098192  2.057027E-15
6218.8482617399  2.103980E-15
6221.68487249788  1.897219E-15
6224.52148325586  1.165554E-15
6227.35809401384  1.117664E-15
6230.19470477182  1.008722E-15
6233.03131552981  1.110839E-15
6235.86792628779  7.938157E-16
6238.70453704577  8.251987E-16
6241.54114780375  8.126910E-16
6244.37775856173  1.117405E-15
6247.21436931971  1.250857E-15
6250.05098007769  9.968736E-16
6252.88759083567  1.199946E-15
6255.72420159365  1.596605E-15
6258.56081235163  1.465629E-15
6261.39742310961  1.328132E-15
6264.23403386759  1.412728E-15
6267.07064462557  1.412440E-15
6269.90725538356  2.191749E-15
6272.74386614154  2.101485E-15
6275.58047689952  2.157945E-15
6278.4170876575  2.650277E-15
6281.25369841548  2.189390E-15
6284.09030917346  1.281035E-15
6286.92691993144  -3.667232E-16
6289.76353068942  -8.489331E-16
6292.6001414474  -1.066162E-15
6295.43675220538  -1.362809E-15
6298.27336296336  -1.272323E-15
6301.10997372134  -1.358780E-15
6303.94658447932  -1.292332E-15
6306.78319523731  -1.610398E-15
6309.61980599529  -1.734325E-15
6312.45641675327  6.131604E-16
6315.29302751125  8.785471E-16
6318.12963826923  1.572900E-15
6320.96624902721  1.176675E-15
6323.80285978519  8.646362E-16
6326.63947054317  1.052643E-15
6329.47608130115  1.139352E-15
6332.31269205913  1.160378E-15
6335.14930281711  5.775139E-16
6337.9859135751  9.485740E-16
6340.82252433308  1.436091E-15
6343.65913509106  1.404994E-15
6346.49574584904  1.497209E-15
6349.33235660702  6.448302E-16
6352.168967365  3.044470E-16
6355.00557812298  2.322898E-16
6357.84218888096  5.209183E-16
6360.67879963894  2.828393E-16
6363.51541039692  5.740867E-16
6366.3520211549  5.575479E-16
6369.18863191288  1.039580E-16
6372.02524267087  -2.649661E-16
6374.86185342885  7.970446E-16
6377.69846418683  9.679304E-16
6380.53507494481  1.123058E-15
6383.37168570279  1.229780E-15
6386.20829646077  1.020440E-15
6389.04490721875  8.083085E-16
6391.88151797673  7.828871E-16
6394.71812873471  1.002887E-15
6397.55473949269  1.018566E-15
6400.39135025067  1.140068E-15
6403.22796100865  1.139380E-15
6406.06457176663  1.220290E-15
6408.90118252462  1.296007E-15
6411.7377932826  1.171242E-15
6414.57440404058  1.282523E-15
6417.41101479856  1.351361E-15
6420.24762555654  1.147768E-15
6423.08423631452  1.016076E-15
6425.9208470725  1.087046E-15
6428.75745783048  1.084554E-15
6431.59406858846  1.006547E-15
6434.43067934644  1.052162E-15
6437.26729010443  1.712088E-15
6440.10390086241  1.646554E-15
6442.94051162039  1.625722E-15
6445.77712237837  1.740680E-15
6448.61373313635  1.318741E-15
6451.45034389433  1.233293E-15
6454.28695465231  1.329722E-15
6457.12356541029  1.026274E-15
6459.96017616827  7.410089E-16
6462.79678692625  8.402799E-16
6465.63339768423  9.209998E-16
6468.47000844221  6.954162E-16
6471.3066192002  7.518042E-16
6474.14322995818  8.073758E-16
6476.97984071616  1.140365E-15
6479.81645147414  1.468659E-15
6482.65306223212  1.068957E-15
6485.4896729901  9.264994E-16
6488.32628374808  1.359033E-15
6491.16289450606  1.044080E-15
6493.99950526404  6.407400E-16
6496.83611602202  8.021678E-16
6499.67272678  9.628615E-16
6502.50933753798  7.836165E-16
6505.34594829597  8.693622E-16
6508.18255905395  8.624753E-16
6511.01916981193  1.244972E-15
6513.85578056991  1.242311E-15
6516.69239132789  1.279288E-15
6519.52900208587  1.079303E-15
6522.36561284385  1.115227E-15
6525.20222360183  1.130485E-15
6528.03883435981  7.784348E-16
6530.87544511779  7.764324E-16
6533.71205587577  1.277566E-15
6536.54866663375  8.264351E-16
6539.38527739174  2.808621E-16
6542.22188814971  1.022271E-15
6545.0584989077  7.985759E-16
6547.89510966568  -1.108445E-18
6550.73172042366  3.358836E-16
6553.56833118164  1.451978E-16
6556.40494193962  -4.560816E-18
6559.2415526976  -2.788170E-16
6562.07816345558  -1.147488E-16
6564.91477421356  6.478625E-17
6567.75138497154  -1.887515E-16
6570.58799572952  9.753011E-17
6573.4246064875  4.355738E-16
6576.26121724549  8.711964E-16
6579.09782800347  7.644338E-16
6581.93443876145  4.979915E-16
6584.77104951943  4.537331E-16
6587.60766027741  7.332349E-16
6590.44427103539  7.727412E-16
6593.28088179337  9.282844E-16
6596.11749255135  7.983850E-16
6598.95410330933  6.440608E-16
6601.79071406731  6.956025E-16
6604.62732482529  6.617822E-16
6607.46393558327  5.548465E-16
6610.30054634126  9.526198E-16
6613.13715709924  1.329589E-15
6615.97376785722  1.165863E-15
6618.8103786152  9.364960E-16
6621.64698937318  1.027098E-15
6624.48360013116  8.417164E-16
6627.32021088914  9.176974E-16
6630.15682164712  1.023237E-15
6632.9934324051  9.561139E-16
6635.83004316308  5.363845E-16
6638.66665392106  7.098535E-16
6641.50326467904  1.095961E-15
6644.33987543702  1.028337E-15
6647.17648619501  8.570151E-16
6650.01309695299  1.032239E-15
6652.84970771097  9.098854E-16
6655.68631846895  1.065292E-15
6658.52292922693  7.530534E-16
6661.35953998491  5.193481E-16
6664.19615074289  1.052717E-15
6667.03276150087  9.942995E-16
6669.86937225885  7.618735E-16
6672.70598301683  9.815426E-16
6675.54259377482  8.177169E-16
6678.37920453279  9.789364E-16
6681.21581529078  1.006998E-15
6684.05242604876  1.263421E-15
6686.88903680674  9.655397E-16
6689.72564756472  1.197461E-15
6692.5622583227  8.795332E-16
6695.39886908068  8.289103E-16
6698.23547983866  6.750952E-16
6701.07209059664  8.823252E-16
6703.90870135462  6.706046E-16
6706.7453121126  7.400676E-16
6709.58192287058  1.196332E-15
6712.41853362857  6.244587E-16
6715.25514438655  8.589107E-16
6718.09175514453  7.414123E-16
6720.92836590251  8.073069E-16
6723.76497666049  1.021399E-15
6726.60158741847  7.891308E-16
6729.43819817645  8.433862E-16
6732.27480893443  8.539334E-16
6735.11141969241  6.793780E-16
6737.94803045039  1.047152E-15
6740.78464120837  9.565501E-16
6743.62125196635  7.424597E-16
6746.45786272434  1.323697E-15
6749.29447348232  9.409131E-16
6752.1310842403  1.010958E-15
6754.96769499828  8.834030E-16
6757.80430575626  8.597216E-16
6760.64091651424  8.740000E-16
6763.47752727222  9.684561E-16
6766.3141380302  8.977413E-16
6769.15074878818  8.900887E-16
6771.98735954616  1.068375E-15
6774.82397030414  9.908980E-16
6777.66058106213  8.775819E-16
6780.49719182011  9.410696E-16
6783.33380257809  8.075254E-16
6786.17041333607  9.484426E-16
6789.00702409405  1.090462E-15
6791.84363485203  1.184051E-15
6794.68024561001  1.102342E-15
6797.51685636799  1.248733E-15
6800.35346712597  1.495558E-15
6803.19007788395  1.064241E-15
6806.02668864193  1.094229E-15
6808.86329939991  1.295550E-15
6811.69991015789  1.017982E-15
6814.53652091588  7.273743E-16
6817.37313167386  7.443672E-16
6820.20974243184  3.896386E-16
6823.04635318982  5.728249E-16
6825.8829639478  2.601120E-16
6828.71957470578  3.699351E-16
6831.55618546376  2.967042E-16
6834.39279622174  -6.382104E-18
6837.22940697972  5.497340E-16
6840.0660177377  6.846090E-16
6842.90262849568  7.596926E-16
6845.73923925367  8.298891E-16
6848.57585001165  2.719640E-16
6851.41246076963  -7.983792E-17
6854.24907152761  5.141060E-16
6857.08568228559  6.471106E-16
6859.92229304357  6.898338E-16
6862.75890380155  2.015481E-16
6865.59551455953  1.907193E-17
6868.43212531751  1.834816E-16
6871.26873607549  1.420601E-16
6874.10534683347  7.961514E-16
6876.94195759145  8.102392E-16
6879.77856834943  8.269582E-16
6882.61517910742  6.910217E-16
6885.4517898654  5.926074E-16
6888.28840062338  5.940041E-16
6891.12501138136  7.380844E-16
6893.96162213934  7.060265E-16
6896.79823289732  5.965403E-16
6899.6348436553  7.241290E-16
6902.47145441328  9.447236E-16
6905.30806517126  4.821790E-16
6908.14467592924  4.061491E-16
6910.98128668722  3.322155E-16
6913.8178974452  5.284326E-16
6916.65450820319  4.838286E-16
6919.49111896117  5.073886E-16
6922.32772971915  4.472736E-16
6925.16434047713  6.192080E-16
6928.00095123511  5.698336E-16
6930.83756199309  3.992463E-16
6933.67417275107  5.840889E-16
6936.51078350905  2.780996E-16
6939.34739426703  3.608846E-16
6942.18400502501  4.462703E-16
6945.02061578299  3.200101E-16
6947.85722654097  3.088486E-16
6950.69383729896  3.436400E-16
6953.53044805694  3.885041E-16
6956.36705881492  5.685781E-16
6959.2036695729  8.388286E-16
6962.04028033088  3.246293E-16
6964.87689108886  7.742570E-16
6967.71350184684  4.745597E-16
6970.55011260482  4.540082E-16
6973.3867233628  4.510896E-16
6976.22333412078  5.814686E-16
6979.05994487876  1.847636E-16
6981.89655563674  4.003346E-16
6984.73316639472  6.340301E-16
6987.56977715271  6.605322E-16
6990.40638791069  4.551917E-16
6993.24299866867  7.390065E-16
6996.07960942665  6.690500E-16
6998.91622018463  5.210926E-16
7001.75283094261  5.129823E-16
7004.58944170059  6.673142E-16
7007.42605245857  5.732907E-16
7010.26266321655  4.771634E-16
7013.09927397453  7.696996E-16
7015.93588473251  6.404334E-16
7018.7724954905  6.175049E-16
7021.60910624848  7.579153E-16
7024.44571700646  8.995196E-16
7027.28232776444  5.812990E-16
7030.11893852242  5.017338E-16
7032.9555492804  5.098464E-16
7035.79216003838  4.815007E-16
7038.62877079636  5.333932E-16
7041.46538155434  6.023534E-16
7044.30199231232  5.132351E-16
7047.1386030703  5.073128E-16
7049.97521382829  6.534530E-16
7052.81182458627  4.849655E-16
7055.64843534425  6.501677E-16
7058.48504610223  6.490571E-16
7061.32165686021  5.782172E-16
7064.15826761819  6.274608E-16
7066.99487837617  5.414698E-16
7069.83148913415  5.992261E-16
7072.66809989213  6.188025E-16
7075.50471065011  6.283313E-16
7078.34132140809  5.828247E-16
7081.17793216607  5.910493E-16
7084.01454292405  7.298267E-16
7086.85115368204  6.504108E-16
7089.68776444002  7.348090E-16
7092.524375198  6.647938E-16
7095.36098595598  5.891206E-16
7098.19759671396  6.811709E-16
7101.03420747194  6.159035E-16
7103.87081822992  6.966562E-16
7106.7074289879  7.208308E-16
7109.54403974588  6.604233E-16
7112.38065050386  7.782920E-16
7115.21726126185  8.365963E-16
7118.05387201982  7.207635E-16
7120.89048277781  8.002037E-16
7123.72709353579  6.591643E-16
7126.56370429377  7.283055E-16
7129.40031505175  7.638408E-16
7132.23692580973  7.556729E-16
7135.07353656771  7.453742E-16
7137.91014732569  6.841673E-16
7140.74675808367  7.259856E-16
7143.58336884165  8.343287E-16
7146.41997959963  6.953985E-16
7149.25659035761  7.167956E-16
7152.09320111559  6.337168E-16
7154.92981187358  6.727644E-16
7157.76642263156  8.924777E-16
7160.60303338954  8.127780E-16
7163.43964414752  7.678960E-16
7166.2762549055  7.721508E-16
7169.11286566348  6.859144E-16
7171.94947642146  6.538567E-16
7174.78608717944  8.865550E-16
7177.62269793742  9.495255E-16
7180.4593086954  7.654800E-16
7183.29591945338  8.184259E-16
7186.13253021136  8.027355E-16
7188.96914096935  9.983560E-16
7191.80575172733  9.196562E-16
7194.64236248531  9.725578E-16
7197.47897324329  1.113773E-15
7200.31558400127  1.087813E-15
7203.15219475925  1.080353E-15
7205.98880551723  1.008125E-15
7208.82541627521  1.238236E-15
7211.66202703319  1.301129E-15
7214.49863779117  1.277306E-15
7217.33524854915  2.066636E-15
7220.17185930713  2.438510E-15
7223.00847006512  9.580383E-16
7225.8450808231  6.974672E-16
7228.68169158108  -1.048828E-16
7231.51830233906  -1.152134E-16
7234.35491309704  -1.484432E-17
7237.19152385502  -1.104035E-16
7240.028134613  -2.302024E-16
7242.86474537098  -1.610538E-16
7245.70135612896  -3.053163E-16
7248.53796688694  2.751018E-17
7251.37457764492  7.093709E-16
7254.2111884029  1.070484E-15
7257.04779916088  1.000988E-15
7259.88440991887  7.998798E-17
7262.72102067685  2.622774E-16
7265.55763143483  1.261831E-16
7268.39424219281  -2.110159E-16
7271.23085295079  -2.138529E-16
7274.06746370877  -3.756262E-16
7276.90407446675  -2.811695E-16
7279.74068522473  -4.867895E-16
7282.57729598271  -2.902113E-16
7285.41390674069  4.145223E-16
7288.25051749868  4.024236E-16
7291.08712825666  6.392823E-16
7293.92373901464  9.361099E-16
7296.76034977262  7.953666E-16
7299.5969605306  8.742965E-18
7302.43357128858  3.715218E-16
7305.27018204656  3.795742E-16
7308.10679280454  1.998418E-16
7310.94340356252  7.312829E-17
7313.7800143205  5.302731E-17
7316.61662507848  5.058428E-17
7319.45323583646  6.387317E-17
7322.28984659444  -7.498975E-17
7325.12645735243  -3.980006E-16
7327.96306811041  -1.297280E-16
7330.79967886839  -9.601864E-17
7333.63628962637  -9.471818E-17
7336.47290038435  3.423468E-17
7339.30951114233  1.971037E-16
7342.14612190031  -1.773226E-16
7344.98273265829  -5.879406E-17
7347.81934341627  -7.180948E-17
7350.65595417425  5.103498E-16
7353.49256493223  -1.269328E-16
7356.32917569022  -4.385449E-17
7359.1657864482  -5.483752E-18
7362.00239720618  -4.444695E-17
7364.83900796416  -2.546925E-17
7367.67561872214  1.361968E-16
7370.51222948012  1.251584E-16
7373.3488402381  6.497335E-17
7376.18545099608  3.612925E-17
7379.02206175406  7.473694E-16
7381.85867251204  6.117395E-16
7384.69528327002  3.382259E-16
7387.531894028  2.352960E-16
7390.36850478599  2.084298E-16
7393.20511554397  1.996346E-16
7396.04172630195  1.663452E-16
7398.87833705993  1.951022E-16
7401.71494781791  2.227276E-16
7404.55155857589  2.819913E-16
7407.38816933387  3.126950E-16
7410.22478009185  4.906485E-16
7413.06139084983  6.050439E-16
7415.89800160781  6.099816E-16
7418.73461236579  5.582294E-16
7421.57122312377  4.045656E-16
7424.40783388175  3.990402E-16
7427.24444463974  4.124558E-16
7430.08105539772  4.402851E-16
7432.9176661557  5.066075E-16
7435.75427691368  5.336274E-16
7438.59088767166  6.122566E-16
7441.42749842964  5.688808E-16
7444.26410918762  6.016723E-16
7447.1007199456  6.731866E-16
7449.93733070358  6.852413E-16
7452.77394146156  6.678921E-16
7455.61055221954  5.477097E-16
7458.44716297753  5.023766E-16
7461.28377373551  5.079192E-16
7464.12038449349  4.050649E-16
7466.95699525147  2.554644E-16
7469.79360600945  1.885526E-16
7472.63021676743  1.820003E-16
7475.46682752541  1.986623E-16
7478.30343828339  1.912575E-16
7481.14004904137  2.384488E-16
7483.97665979935  3.390443E-16
7486.81327055733  3.506026E-16
7489.64988131531  4.839882E-16
7492.4864920733  6.100589E-16
7495.32310283127  6.947617E-16
7498.15971358926  6.968110E-16
7500.99632434724  7.418780E-16
7503.83293510522  7.866580E-16
7506.6695458632  3.282658E-16
7509.50615662118  2.852447E-16
7512.34276737916  2.713956E-16
7515.17937813714  2.134077E-16
7518.01598889512  1.002475E-16
7520.8525996531  4.561195E-17
7523.68921041108  6.875524E-17
7526.52582116906  7.003260E-17
7529.36243192705  7.813228E-17
7532.19904268503  3.233510E-16
7535.03565344301  5.051003E-16
7537.87226420099  5.763232E-16
7540.70887495897  6.007498E-16
7543.54548571695  6.268275E-16
7546.38209647493  6.910481E-16
7549.21870723291  7.026383E-16
7552.05531799089  6.038021E-16
7554.89192874887  3.084496E-16
7557.72853950685  3.345745E-16
7560.56515026483  3.243316E-16
7563.40176102281  3.509538E-16
7566.2383717808  3.408969E-16
7569.07498253878  2.221783E-16
7571.91159329676  1.457701E-16
7574.74820405474  1.519219E-16
7577.58481481272  2.362857E-16
7580.4214255707  3.418038E-16
7583.25803632868  3.893914E-16
7586.09464708666  4.074169E-16
7588.93125784464  4.038596E-16
7591.76786860262  4.811769E-16
7594.6044793606  5.681338E-16
7597.44109011858  5.104440E-16
7600.27770087657  4.807705E-16
7603.11431163455  5.198749E-16
7605.95092239253  5.923399E-16
7608.78753315051  5.860632E-16
7611.62414390849  4.515262E-16
7614.46075466647  5.337620E-16
7617.29736542445  5.305715E-16
7620.13397618243  5.736306E-16
7622.97058694041  5.247609E-16
7625.80719769839  4.404492E-16
7628.64380845638  5.387934E-16
7631.48041921436  5.526743E-16
7634.31702997234  5.590195E-16
7637.15364073032  6.642714E-16
7639.9902514883  6.891120E-16
7642.82686224628  6.283986E-16
7645.66347300426  5.737783E-16
7648.50008376224  6.034895E-16
7651.33669452022  6.514988E-16
7654.1733052782  6.033638E-16
7657.00991603618  6.246054E-16
7659.84652679416  6.743184E-16
7662.68313755215  7.267906E-16
7665.51974831013  7.500443E-16
7668.35635906811  6.903146E-16
7671.19296982609  7.245227E-16
7674.02958058407  8.238280E-16
7676.86619134205  9.097318E-16
7679.70280210003  9.115079E-16
7682.53941285801  9.104060E-16
7685.37602361599  1.024044E-15
7688.21263437397  1.067133E-15
7691.04924513195  1.038099E-15
7693.88585588993  9.178285E-16
7696.72246664791  5.173510E-16
7699.5590774059  5.134600E-17
7702.39568816388  4.176403E-18
7705.23229892186  3.091236E-17
7708.06890967984  -1.334840E-16
7710.90552043782  -2.421652E-16
7713.7421311958  -2.101363E-16
7716.57874195378  -2.924773E-16
7719.41535271176  -1.847867E-16
7722.25196346974  2.786192E-16
7725.08857422772  5.473390E-16
7727.92518498571  8.989749E-16
7730.76179574369  6.739237E-16
7733.59840650167  9.843636E-17
7736.43501725965  1.100171E-16
7739.27162801763  3.894943E-17
7742.10823877561  -1.399785E-16
7744.94484953359  -2.037732E-16
7747.78146029157  -1.866137E-16
7750.61807104955  -2.390827E-16
7753.45468180753  -3.711992E-16
7756.29129256551  -2.763759E-16
7759.12790332349  2.177505E-16
7761.96451408147  4.393886E-16
7764.80112483945  3.852268E-16
7767.63773559744  5.221108E-16
7770.47434635542  7.349380E-16
7773.3109571134  5.246790E-16
7776.14756787138  2.022039E-16
7778.98417862936  7.911222E-17
7781.82078938734  1.797782E-16
7784.65740014532  2.779378E-16
7787.4940109033  2.797157E-16
7790.33062166128  2.684411E-16
7793.16723241926  1.483272E-16
7796.00384317724  1.521802E-16
7798.84045393523  3.234143E-16
7801.67706469321  2.551599E-16
7804.51367545119  5.054684E-17
7807.35028620917  6.960113E-17
7810.18689696715  6.839673E-17
7813.02350772513  -2.230532E-17
7815.86011848311  1.056836E-16
7818.69672924109  2.931201E-16
7821.53333999907  2.651807E-16
7824.36995075705  1.519244E-16
7827.20656151503  3.398094E-16
7830.04317227301  6.863611E-16
7832.87978303099  6.697863E-16
7835.71639378898  3.932457E-16
7838.55300454696  2.312504E-16
7841.38961530494  3.925720E-17
7844.22622606292  -1.475776E-16
7847.0628368209  -8.775523E-17
7849.89944757888  -5.344636E-17
7852.73605833686  -1.979413E-16
7855.57266909484  -3.402056E-16
7858.40927985282  -3.211025E-16
7861.2458906108  -1.245514E-16
7864.08250136878  1.447011E-16
7866.91911212676  2.392017E-16
7869.75572288475  1.583513E-16
7872.59233364273  -1.672982E-17
7875.42894440071  -6.360200E-17
7878.26555515869  8.742785E-17
7881.10216591667  2.719360E-16
7883.93877667465  3.280548E-16
7886.77538743263  3.972427E-16
7889.61199819061  5.496931E-16
7892.44860894859  4.138309E-16
7895.28521970657  1.268689E-16
7898.12183046455  -3.263462E-17
7900.95844122253  -7.171824E-17
7903.79505198052  -2.014420E-16
7906.6316627385  -3.209152E-16
7909.46827349648  -3.460152E-16
7912.30488425446  -4.271720E-16
7915.14149501244  -6.760659E-16
7917.97810577042  -7.357841E-16
7920.8147165284  -2.843818E-16
7923.65132728638  9.352933E-17
7926.48793804436  1.683544E-16
7929.32454880234  2.665975E-16
7932.16115956032  3.337191E-16
7934.9977703183  3.161598E-16
7937.83438107629  5.002554E-16
7940.67099183427  5.943864E-16
7943.50760259225  4.944856E-16
7946.34421335023  3.406021E-16
7949.18082410821  6.687930E-17
7952.01743486619  1.878714E-17
7954.85404562417  1.446586E-16
7957.69065638215  1.907307E-16
7960.52726714013  5.763461E-17
7963.36387789811  -1.104413E-18
7966.20048865609  -4.936135E-18
7969.03709941408  -1.129262E-16
7971.87371017206  9.539225E-17
7974.71032093004  1.527706E-16
7977.54693168802  -1.425373E-16
7980.383542446  -6.756106E-17
7983.22015320398  -1.452192E-16
7986.05676396196  -3.649458E-17
7988.89337471994  -1.181923E-16
7991.72998547792  1.336106E-17
7994.5665962359  -1.453489E-17
7997.40320699388  -2.134002E-16
8000.23981775187  1.328663E-16
8003.07642850984  4.267691E-16
8005.91303926783  1.853481E-16
8008.74965002581  3.491456E-17
8011.58626078379  -1.156068E-18
8014.42287154177  8.973967E-18
8017.25948229975  -2.540721E-17
8020.09609305773  -5.208011E-17
8022.93270381571  -8.343391E-18
8025.76931457369  2.693005E-17
8028.60592533167  -4.913553E-17
8031.44253608965  1.029484E-16
8034.27914684763  1.438405E-16
8037.11575760561  3.675235E-16
8039.9523683636  3.037065E-16
8042.78897912158  2.210389E-16
8045.62558987956  1.824774E-16
8048.46220063754  1.940631E-16
8051.29881139552  1.707184E-16
8054.1354221535  2.087668E-16
8056.97203291148  1.249021E-16
8059.80864366946  1.218145E-16
8062.64525442744  1.193841E-16
8065.48186518542  1.490365E-16
8068.3184759434  2.525080E-16
8071.15508670139  2.669678E-16
8073.99169745937  3.229711E-16
8076.82830821735  3.355298E-16
8079.66491897533  3.044071E-16
8082.50152973331  3.017457E-16
8085.33814049129  2.904758E-16
8088.17475124927  2.528500E-16
8091.01136200725  2.595637E-16
8093.84797276523  2.598985E-16
8096.68458352321  2.554666E-16
8099.52119428119  2.364418E-16
8102.35780503917  2.991248E-16
8105.19441579716  2.603940E-16
8108.03102655514  3.079557E-16
8110.86763731312  2.167657E-16
8113.7042480711  3.023322E-16
8116.54085882908  3.386572E-16
8119.37746958706  3.759865E-16
8122.21408034504  3.213395E-16
8125.05069110302  3.008013E-16
8127.887301861  3.094014E-16
8130.72391261898  2.794816E-16
8133.56052337696  2.688285E-16
8136.39713413494  2.984458E-16
8139.23374489292  2.776820E-16
8142.0703556509  2.742031E-16
8144.90696640889  2.818568E-16
8147.74357716687  3.564612E-16
8150.58018792485  2.999084E-16
8153.41679868283  3.403920E-16
8156.25340944081  3.588042E-16
8159.09002019879  3.235195E-16
8161.92663095677  3.681299E-16
8164.76324171475  3.677570E-16
8167.59985247273  3.510028E-16
8170.43646323071  3.591706E-16
8173.27307398869  4.072224E-16
8176.10968474667  3.820668E-16
8178.94629550466  3.541307E-16
8181.78290626264  3.648349E-16
8184.61951702062  3.444311E-16
8187.4561277786  3.477532E-16
8190.29273853658  3.434712E-16
8193.12934929456  3.661891E-16
8195.96596005254  3.733121E-16
8198.80257081052  3.762725E-16
8201.6391815685  3.850344E-16
8204.47579232648  3.826434E-16
8207.31240308446  4.154729E-16
8210.14901384245  4.175596E-16
8212.98562460043  4.146657E-16
8215.82223535841  4.485410E-16
8218.65884611639  4.540112E-16
8221.49545687437  4.160673E-16
8224.33206763235  4.677311E-16
8227.16867839033  4.716982E-16
8230.00528914831  5.271890E-16
8232.84189990629  5.776383E-16
8235.67851066427  5.769992E-16
8238.51512142225  5.613406E-16
8241.35173218023  5.738549E-16
8244.18834293822  6.094217E-16
8247.0249536962  6.592946E-16
8249.86156445418  7.329431E-16
8252.69817521216  7.756491E-16
8255.53478597014  8.054500E-16
8258.37139672812  8.298861E-16
8261.2080074861  7.469449E-16
8264.04461824408  6.440123E-16
8266.88122900206  6.157814E-16
8269.71783976004  4.168564E-16
8272.55445051802  2.510310E-16
8275.39106127601  2.248031E-16
8278.22767203399  4.279617E-18
8281.06428279197  -3.350893E-16
8283.90089354995  -4.031510E-16
8286.73750430793  -3.074214E-16
8289.57411506591  -1.814985E-16
8292.41072582389  -1.950345E-16
8295.24733658187  -1.134698E-16
8298.08394733985  8.856297E-18
8300.92055809783  -4.825473E-17
8303.75716885581  7.784006E-17
8306.59377961379  4.938757E-16
8309.43039037178  7.147297E-16
8312.26700112976  6.777877E-16
8315.10361188774  7.518140E-16
8317.94022264572  9.415061E-16
8320.7768334037  9.580381E-16
8323.61344416168  9.314795E-16
8326.45005491966  2.124327E-16
8329.28666567764  -1.202831E-16
8332.12327643562  -4.296499E-17
8334.9598871936  -3.877189E-16
8337.79649795158  -4.989159E-16
8340.63310870956  -4.884379E-16
8343.46971946755  -5.188206E-16
8346.30633022553  -7.306914E-16
8349.14294098351  -8.017071E-16
8351.97955174149  -1.379198E-16
8354.81616249947  2.953585E-16
8357.65277325745  3.297457E-16
8360.48938401543  5.475649E-16
8363.32599477341  5.126078E-16
8366.16260553139  4.135712E-16
8368.99921628937  4.869989E-16
8371.83582704735  5.710396E-16
8374.67243780533  6.429283E-16
8377.50904856331  6.307574E-16
8380.3456593213  1.999822E-16
8383.18227007928  -7.534696E-18
8386.01888083726  6.601067E-17
8388.85549159524  5.809362E-17
8391.69210235322  1.420105E-16
8394.5287131112  1.359989E-16
8397.36532386918  -3.574482E-17
8400.20193462716  -8.293271E-17
8403.03854538514  1.074099E-16
8405.87515614312  1.426723E-16
8408.7117669011  4.520164E-16
8411.54837765908  -3.240555E-17
8414.38498841707  -2.711731E-16
8417.22159917505  -3.003768E-16
8420.05820993303  -3.034271E-16
8422.89482069101  -1.733461E-16
8425.73143144899  -1.045134E-16
8428.56804220697  -1.377432E-16
8431.40465296495  -2.942793E-16
8434.24126372293  -1.319705E-16
8437.07787448091  -9.584701E-17
8439.91448523889  3.782285E-16
8442.75109599687  3.588123E-16
8445.58770675485  3.270531E-16
8448.42431751284  -3.446760E-17
8451.26092827082  -1.305045E-16
8454.0975390288  -7.477804E-17
8456.93414978678  -5.392065E-17
8459.77076054476  -5.940406E-17
8462.60737130274  -1.284189E-18
8465.44398206072  -5.236121E-17
8468.2805928187  -4.813771E-17
8471.11720357668  6.217480E-18
8473.95381433466  3.483612E-16
8476.79042509264  3.843571E-16
8479.62703585062  4.182971E-16
8482.46364660861  3.157912E-16
8485.30025736659  2.161468E-16
8488.13686812457  1.115013E-16
8490.97347888255  8.376912E-17
8493.81008964053  8.205739E-17
8496.64670039851  8.030002E-17
8499.48331115649  3.540364E-17
8502.31992191447  1.309880E-16
8505.15653267245  1.675348E-16
8507.99314343043  1.693449E-16
8510.82975418841  1.866738E-16
8513.66636494639  4.236934E-16
8516.50297570438  3.987067E-16
8519.33958646236  3.923816E-16
8522.17619722034  3.889702E-16
8525.01280797832  4.000783E-16
8527.8494187363  3.804985E-16
8530.68602949428  2.881299E-16
8533.52264025226  3.013755E-16
8536.35925101024  2.495553E-16
8539.19586176822  2.686193E-16
8542.0324725262  2.719188E-16
8544.86908328418  2.756517E-16
8547.70569404217  3.184353E-16
8550.54230480014  3.255530E-16
8553.37891555813  3.450568E-16
8556.21552631611  3.904869E-16
8559.05213707409  4.339310E-16
8561.88874783207  4.408030E-16
8564.72535859005  4.292344E-16
8567.56196934803  4.547366E-16
8570.39858010601  4.484379E-16
8573.23519086399  4.611632E-16
8576.07180162197  4.572824E-16
8578.90841237995  4.529245E-16
8581.74502313794  5.162241E-16
8584.58163389592  5.078293E-16
8587.4182446539  5.110127E-16
8590.25485541188  5.449031E-16
8593.09146616986  5.808739E-16
8595.92807692784  6.116272E-16
8598.76468768582  5.889496E-16
8601.6012984438  5.673005E-16
8604.43790920178  5.389924E-16
8607.27451995976  4.603826E-16
8610.11113071774  3.481923E-16
8612.94774147573  2.537835E-16
8615.78435223371  1.996019E-16
8618.62096299168  1.598710E-16
8621.45757374967  8.742835E-17
8624.29418450765  8.173952E-17
8627.13079526563  1.476930E-16
8629.96740602361  1.550617E-16
8632.80401678159  1.314321E-16
8635.64062753957  1.334327E-16
8638.47723829755  1.253432E-16
8641.31384905553  1.161368E-16
8644.15045981351  9.177200E-17
8646.98707057149  4.569967E-17
8649.82368132948  -2.929914E-17
8652.66029208746  -7.928898E-17
8655.49690284544  -1.105298E-16
8658.33351360342  -1.280523E-16
8661.1701243614  -8.266841E-17
8664.00673511938  -6.741196E-17
8666.84334587736  1.876790E-17
8669.67995663534  9.414173E-17
8672.51656739332  1.512547E-16
8675.3531781513  2.102924E-16
8678.18978890928  2.621176E-16
8681.02639966726  3.287855E-16
8683.86301042525  3.405222E-16
8686.69962118323  3.556357E-16
8689.53623194121  4.060526E-16
8692.37284269919  3.993222E-16
8695.20945345717  3.897727E-16
8698.04606421515  4.090793E-16
8700.88267497313  4.486315E-16
8703.71928573111  4.567537E-16
8706.55589648909  4.746544E-16
8709.39250724707  5.262333E-16
8712.22911800505  5.186354E-16
8715.06572876303  5.710536E-16
8717.90233952101  6.088412E-16
8720.738950279  6.587644E-16
8723.57556103698  6.712404E-16
8726.41217179496  7.029632E-16
8729.24878255294  7.823840E-16
8732.08539331092  8.074951E-16
8734.9220040689  8.353982E-16
8737.75861482688  8.260933E-16
8740.59522558486  7.295360E-16
8743.43183634284  6.673639E-16
8746.26844710082  4.691828E-16
8749.1050578588  2.558070E-16
8751.94166861678  2.373496E-16
8754.77827937477  1.879129E-16
8757.61489013275  -1.067567E-16
8760.45150089073  -3.050094E-16
8763.28811164871  -4.683868E-16
8766.12472240669  -5.009099E-16
8768.96133316467  -2.288877E-16
8771.79794392265  -3.488888E-16
8774.63455468063  -5.181971E-17
8777.47116543861  -5.518962E-17
8780.30777619659  -5.501331E-18
8783.14438695457  6.335778E-17
8785.98099771256  5.463826E-16
8788.81760847053  5.847356E-16
8791.65421922852  6.225949E-16
8794.4908299865  6.750296E-16
8797.32744074448  8.260039E-16
8800.16405150246  9.758399E-16
8803.00066226044  1.107684E-15
8805.83727301842  1.028388E-15
8808.6738837764  3.408754E-17
8811.51049453438  -6.438357E-17
8814.34710529236  -8.157179E-18
8817.18371605034  -3.697305E-16
8820.02032680832  -4.718040E-16
8822.85693756631  -5.029482E-16
8825.69354832429  -6.100204E-16
8828.53015908227  -7.092833E-16
8831.36676984025  -8.616664E-16
8834.20338059823  -1.245990E-16
8837.03999135621  1.495775E-16
8839.87660211419  2.214104E-16
8842.71321287217  3.290840E-16
8845.54982363015  5.868953E-16
8848.38643438813  4.587618E-16
8851.22304514611  4.102574E-16
8854.0596559041  4.255258E-16
8856.89626666208  5.141404E-16
8859.73287742006  6.009789E-16
8862.56948817804  6.326035E-16
8865.40609893602  5.241282E-16
8868.242709694  1.549293E-17
8871.07932045198  -3.049548E-17
8873.91593120996  3.260291E-17
8876.75254196794  1.713797E-16
8879.58915272592  1.926561E-16
8882.4257634839  5.157994E-17
8885.26237424189  -1.589161E-16
8888.09898499986  -2.348131E-16
8890.93559575784  1.292386E-17
8893.77220651583  3.062799E-16
8896.60881727381  5.193303E-16
8899.44542803179  3.502314E-16
8902.28203878977  -1.405975E-16
8905.11864954775  -1.928481E-16
8907.95526030573  -7.182442E-17
8910.79187106371  -1.054110E-16
8913.62848182169  -3.833391E-17
8916.46509257967  -4.425367E-18
8919.30170333766  -2.513104E-18
8922.13831409564  -2.486054E-16
8924.97492485362  1.105635E-16
8927.8115356116  1.095899E-16
8930.64814636958  4.685240E-16
8933.48475712756  4.498447E-16
8936.32136788554  3.104758E-16
8939.15797864352  3.052368E-16
8941.9945894015  -4.789625E-17
8944.83120015948  -4.401043E-17
8947.66781091746  5.765720E-17
8950.50442167544  1.450560E-17
8953.34103243343  7.005960E-17
8956.1776431914  2.647320E-17
8959.01425394938  2.812159E-17
8961.85086470737  1.402041E-18
8964.68747546535  2.987118E-16
8967.52408622333  3.361508E-16
8970.36069698131  3.896432E-16
8973.19730773929  4.063050E-16
8976.03391849727  4.037654E-16
8978.87052925525  4.482075E-16
8981.70714001323  2.336269E-16
8984.54375077121  1.460111E-16
8987.38036152919  1.478469E-16
8990.21697228718  9.326708E-17
8993.05358304516  9.247412E-17
8995.89019380314  1.840170E-16
8998.72680456112  2.181478E-16
9001.5634153191  1.785133E-16
9004.40002607708  1.797419E-16
9007.23663683506  3.252537E-16
9010.07324759304  4.245014E-16
9012.90985835102  4.526620E-16
9015.746469109  4.443326E-16
9018.58307986698  4.137728E-16
9021.41969062496  4.309758E-16
9024.25630138295  4.242558E-16
9027.09291214092  4.119038E-16
9029.92952289891  3.266713E-16
9032.76613365689  3.061057E-16
9035.60274441487  3.348339E-16
9038.43935517285  2.986870E-16
9041.27596593083  2.873537E-16
9044.11257668881  2.910995E-16
9046.94918744679  3.064569E-16
9049.78579820477  3.009407E-16
9052.62240896275  3.124663E-16
9055.45901972073  3.233833E-16
9058.29563047871  3.851325E-16
9061.1322412367  3.985265E-16
9063.96885199468  3.977966E-16
9066.80546275266  4.190657E-16
9069.64207351064  4.162783E-16
9072.47868426862  4.337771E-16
9075.3152950266  4.421383E-16
9078.15190578458  4.274118E-16
9080.98851654256  3.863834E-16
9083.82512730054  3.870869E-16
9086.66173805852  3.733923E-16
9089.4983488165  4.072536E-16
9092.33495957448  4.123228E-16
9095.17157033246  3.954762E-16
9098.00818109045  3.821267E-16
9100.84479184843  4.167545E-16
9103.68140260641  4.361285E-16
9106.51801336439  4.158635E-16
9109.35462412237  4.547159E-16
9112.19123488035  4.650179E-16
9115.02784563833  4.750798E-16
9117.86445639631  4.993168E-16
9120.70106715429  4.992879E-16
9123.53767791228  4.684132E-16
9126.37428867025  5.239203E-16
9129.21089942824  4.823774E-16
9132.04751018622  4.976365E-16
9134.8841209442  4.720966E-16
9137.72073170218  4.752160E-16
9140.55734246016  4.741147E-16
9143.39395321814  4.225522E-16
9146.23056397612  4.526768E-16
9149.0671747341  4.916035E-16
9151.90378549208  4.597264E-16
9154.74039625006  5.017245E-16
9157.57700700804  5.036671E-16
9160.41361776602  5.089015E-16
9163.25022852401  5.678842E-16
9166.08683928199  5.641484E-16
9168.92345003997  5.770785E-16
9171.76006079795  6.397810E-16
9174.59667155593  6.229003E-16
9177.43328231391  6.127381E-16
9180.26989307189  6.621187E-16
9183.10650382987  6.787894E-16
9185.94311458785  6.844657E-16
9188.77972534583  6.910089E-16
9191.61633610382  7.406592E-16
9194.4529468618  7.720850E-16
9197.28955761978  7.555012E-16
9200.12616837776  7.622699E-16
9202.96277913574  7.949084E-16
9205.79938989372  8.308808E-16
9208.6360006517  8.512081E-16
9211.47261140968  8.435306E-16
9214.30922216766  8.545557E-16
9217.14583292564  9.028506E-16
9219.98244368362  9.295051E-16
9222.8190544416  9.462172E-16
9225.65566519958  9.607665E-16
9228.49227595756  9.817955E-16
9231.32888671555  1.052615E-15
9234.16549747353  1.077427E-15
9237.00210823151  1.097957E-15
9239.83871898949  1.144958E-15
9242.67532974747  1.216397E-15
9245.51194050545  1.256764E-15
9248.34855126343  1.284666E-15
9251.18516202141  1.347614E-15
9254.02177277939  1.430753E-15
9256.85838353737  1.519841E-15
9259.69499429536  1.563289E-15
9262.53160505334  1.649125E-15
9265.36821581132  1.781400E-15
9268.2048265693  1.852071E-15
9271.04143732728  1.910883E-15
9273.87804808526  2.019968E-15
9276.71465884324  2.189475E-15
9279.55126960122  2.098981E-15
9282.3878803592  2.239792E-15
9285.22449111718  2.512028E-15
9288.06110187516  2.484467E-15
9290.89771263314  2.379481E-15
9293.73432339112  2.098088E-15
9296.5709341491  2.114280E-15
9299.40754490709  2.074478E-15
9302.24415566507  1.961818E-15
9305.08076642305  1.671185E-15
9307.91737718103  1.823108E-15
9310.75398793901  1.762432E-15
9313.59059869699  1.911120E-15
9316.42720945497  2.125171E-15
9319.26382021295  2.345022E-15
9322.10043097093  2.969494E-15
9324.93704172891  3.051933E-15
9327.77365248689  3.318149E-15
9330.61026324488  3.955696E-15
9333.44687400285  4.710728E-15
9336.28348476084  4.913919E-15
9339.12009551882  5.012522E-15
9341.9567062768  4.855220E-15
9344.79331703478  4.814494E-15
9347.62992779276  4.822850E-15
9350.46653855074  4.638088E-15
9353.30314930872  4.512536E-15
9356.1397600667  3.944421E-15
9358.97637082468  3.114228E-15
9361.81298158266  3.198630E-15
9364.64959234064  3.079869E-15
9367.48620309863  2.982278E-15
9370.32281385661  2.855085E-15
9373.15942461459  2.860898E-15
9375.99603537257  2.771452E-15
9378.83264613055  2.855617E-15
9381.66925688853  3.032814E-15
9384.50586764651  3.217524E-15
9387.34247840449  3.561455E-15
9390.17908916247  3.597108E-15
9393.01569992045  3.676412E-15
9395.85231067843  3.796070E-15
9398.68892143641  3.898484E-15
9401.5255321944  3.939576E-15
9404.36214295238  4.010585E-15
9407.19875371036  4.161568E-15
9410.03536446834  4.344419E-15
9412.87197522632  4.513435E-15
9415.7085859843  4.647157E-15
9418.54519674228  4.681903E-15
9421.38180750026  4.703608E-15
9424.21841825824  4.971009E-15
9427.05502901622  5.279167E-15
9429.8916397742  5.661806E-15
9432.72825053218  6.166554E-15
9435.56486129017  6.589501E-15
9438.40147204815  7.234963E-15
9441.23808280613  8.088364E-15
9444.07469356411  9.290494E-15
9446.91130432209  1.148386E-14
9449.74791508007  1.421812E-14
9452.58452583805  1.948894E-14
9455.42113659603  2.924745E-14
9458.25774735401  3.166423E-14
9461.09435811199  1.753444E-14
9463.93096886997  9.711199E-15
9466.76757962796  1.464017E-14
9469.60419038594  1.021351E-14
9472.44080114391  -1.091900E-15
9475.2774119019  2.700525E-16
9478.11402265988  -8.663313E-17
9480.95063341786  1.477016E-17
9483.78724417584  -2.602071E-17
9486.62385493382  7.230240E-17
9489.4604656918  -9.957453E-18
9492.29707644978  2.954482E-18
9495.13368720776  -1.025117E-17
9497.97029796574  -2.719762E-17
9500.80690872373  3.509291E-17
9503.64351948171  -2.308298E-17
9506.48013023969  5.568144E-18
9509.31674099767  3.222350E-17
9512.15335175565  1.630528E-17
9514.98996251363  4.265477E-17
9517.82657327161  -1.385106E-17
9520.66318402959  2.830099E-17
9523.49979478757  3.879957E-17
9526.33640554555  9.790265E-17
9529.17301630354  -2.099324E-17
9532.00962706151  -9.467110E-18
9534.8462378195  6.513969E-18
9537.68284857748  5.247243E-19
9540.51945933546  4.348732E-18
9543.35607009344  1.338177E-17
9546.19268085142  -3.350671E-17
9549.0292916094  -1.914769E-17
9551.86590236738  5.397784E-18
9554.70251312536  -1.124908E-17
9557.53912388334  5.250299E-18
9560.37573464132  -2.466552E-18
9563.2123453993  -5.808382E-18
9566.04895615728  6.612136E-18
9568.88556691527  6.012972E-18
9571.72217767325  1.097186E-17
9574.55878843123  4.977530E-17
9577.39539918921  1.594760E-17
9580.23200994719  -2.601495E-18
9583.06862070517  2.191964E-18
9585.90523146315  7.003764E-18
9588.74184222113  -1.349503E-17
9591.57845297911  -8.240628E-18
9594.41506373709  4.395844E-18
9597.25167449507  -3.559232E-18
9600.08828525306  7.259512E-18
9602.92489601103  -2.590065E-18
9605.76150676902  1.576718E-18
9608.598117527  -2.765111E-19
9611.43472828498  6.401784E-18
9614.27133904296  -6.448140E-18
9617.10794980094  -8.298656E-18
9619.94456055892  5.439410E-18
9622.7811713169  1.451510E-17
9625.61778207488  4.276100E-18
9628.45439283286  1.518410E-18
9631.29100359084  -4.599041E-18
9634.12761434882  6.781667E-18
9636.96422510681  1.577555E-18
9639.80083586479  2.008959E-18
9642.63744662277  1.486456E-18
9645.47405738075  8.593875E-18
9648.31066813873  -2.627762E-17
9651.14727889671  -2.647016E-18
9653.98388965469  2.731499E-18
9656.82050041267  6.599808E-18
9659.65711117065  -1.497525E-17
9662.49372192863  -1.258049E-17
9665.33033268661  -1.845019E-17
9668.16694344459  -1.109675E-17
9671.00355420257  -1.381873E-17
9673.84016496056  -1.166033E-17
9676.67677571854  9.154763E-18
9679.51338647652  -2.127055E-17
9682.3499972345  -6.197405E-18
9685.18660799248  1.396120E-17
9688.02321875046  1.983898E-17
9690.85982950844  8.626343E-18
9693.69644026642  -8.357851E-18
9696.5330510244  -1.309668E-17
9699.36966178238  -1.515297E-17
9702.20627254036  -2.708411E-17
9705.04288329834  -1.023066E-17
9707.87949405633  3.099198E-17
9710.71610481431  1.993961E-17
9713.55271557229  6.676281E-18
9716.38932633027  6.965537E-18
9719.22593708825  1.661869E-17
9722.06254784623  1.952478E-17
9724.89915860421  3.643746E-17
9727.73576936219  2.694717E-18
9730.57238012017  1.185548E-17
9733.40899087815  -1.147086E-17
9736.24560163613  -9.167583E-18
9739.08221239412  -4.537163E-18
9741.91882315209  1.089410E-17
9744.75543391008  2.803572E-18
9747.59204466806  1.230658E-17
9750.42865542604  1.249342E-17
9753.26526618402  -2.541288E-18
9756.101876942  2.864047E-18
9758.93848769998  5.772904E-18
9761.77509845796  1.232844E-17
9764.61170921594  -2.094722E-18
9767.44831997392  -6.821833E-18
9770.2849307319  -5.896782E-17
9773.12154148989  -5.390936E-17
9775.95815224787  -3.203961E-17
9778.79476300585  -1.510903E-17
9781.63137376383  -3.773521E-17
9784.46798452181  -3.284771E-17
9787.30459527979  -1.262114E-17
9790.14120603777  5.101790E-19
9792.97781679575  1.072194E-17
9795.81442755373  1.351255E-17
9798.65103831171  9.222067E-17
9801.48764906969  5.757260E-17
9804.32425982768  1.815103E-17
9807.16087058566  2.626596E-17
9809.99748134363  9.267140E-18
9812.83409210162  1.722497E-18
9815.6707028596  1.915210E-17
9818.50731361758  1.713077E-17
9821.34392437556  6.819509E-18
9824.18053513354  -2.894170E-18
9827.01714589152  -7.487344E-18
9829.8537566495  -1.372135E-17
9832.69036740748  -2.592925E-17
9835.52697816546  -2.924098E-17
9838.36358892345  -2.894311E-17
9841.20019968143  -2.891645E-17
9844.03681043941  -2.886348E-17
