4629.08293090116  1.008134E-18
4631.9224022259  8.523858E-19
4634.76187355064  1.201818E-18
4637.60134487538  1.974503E-18
4640.44081620012  1.880072E-18
4643.28028752486  1.385662E-18
4646.11975884959  3.717904E-19
4648.95923017433  -5.157675E-19
4651.79870149907  -1.140769E-20
4654.63817282381  -3.547118E-19
4657.47764414854  1.398611E-18
4660.31711547328  2.164496E-19
4663.15658679802  -1.129213E-18
4665.99605812276  -5.416713E-20
4668.8355294475  -1.035345E-18
4671.67500077224  1.850957E-18
4674.51447209697  1.502295E-18
4677.35394342171  2.883195E-19
4680.19341474645  1.456059E-19
4683.03288607119  -3.121556E-19
4685.87235739592  8.169409E-19
4688.71182872066  -1.162263E-18
4691.5513000454  3.108072E-19
4694.39077137014  -1.067364E-18
4697.23024269488  5.685788E-19
4700.06971401962  4.166923E-19
4702.90918534435  8.429110E-19
4705.74865666909  1.784437E-19
4708.58812799383  -1.412331E-19
4711.42759931857  7.772579E-19
4714.2670706433  -6.572046E-20
4717.10654196804  -3.807420E-19
4719.94601329278  -1.822969E-20
4722.78548461752  1.461022E-18
4725.62495594226  -6.634635E-20
4728.464427267  -1.153290E-19
4731.30389859173  -7.811767E-19
4734.14336991647  3.306959E-19
4736.98284124121  1.429288E-18
4739.82231256595  6.899891E-19
4742.66178389068  1.833922E-19
4745.50125521542  -3.320782E-20
4748.34072654016  -1.323744E-20
4751.1801978649  -3.339585E-19
4754.01966918964  5.365640E-19
4756.85914051437  1.146229E-18
4759.69861183911  5.503575E-19
4762.53808316385  5.412340E-19
4765.37755448859  6.441937E-19
4768.21702581333  -2.420127E-19
4771.05649713806  -1.061932E-18
4773.8959684628  -1.729499E-19
4776.73543978754  9.709213E-19
4779.57491111228  1.030084E-18
4782.41438243702  1.450453E-18
4785.25385376175  1.072580E-18
4788.09332508649  4.558142E-20
4790.93279641123  7.252747E-19
4793.77226773597  9.058696E-19
4796.61173906071  -4.690133E-19
4799.45121038544  -5.742024E-19
4802.29068171018  8.490430E-20
4805.13015303492  7.976224E-19
4807.96962435966  9.777230E-19
4810.8090956844  3.811490E-19
4813.64856700913  -2.067811E-19
4816.48803833387  -4.123326E-19
4819.32750965861  -3.513699E-19
4822.16698098335  -1.552680E-19
4825.00645230809  1.306543E-18
4827.84592363282  2.072983E-19
4830.68539495756  2.124435E-19
4833.5248662823  1.064055E-18
4836.36433760704  -8.759145E-19
4839.20380893178  -6.183415E-19
4842.04328025651  1.481123E-18
4844.88275158125  -1.661448E-19
4847.72222290599  1.495321E-18
4850.56169423073  1.052563E-18
4853.40116555547  8.791727E-19
4856.24063688021  2.704142E-19
4859.08010820494  -3.552988E-20
4861.91957952968  3.590474E-19
4864.75905085442  -4.666882E-19
4867.59852217916  -9.373641E-19
4870.43799350389  -9.744391E-19
4873.27746482863  7.378976E-19
4876.11693615337  1.118907E-18
4878.95640747811  5.517132E-19
4881.79587880285  -7.605663E-19
4884.63535012758  -4.611946E-19
4887.47482145232  1.276002E-19
4890.31429277706  -8.624958E-19
4893.1537641018  -5.110755E-20
4895.99323542654  1.635698E-19
4898.83270675127  -3.850260E-19
4901.67217807601  4.033699E-19
4904.51164940075  6.112248E-19
4907.35112072549  -2.437955E-20
4910.19059205023  5.120669E-20
4913.03006337496  -1.113573E-19
4915.8695346997  2.488119E-20
4918.70900602444  6.737088E-19
4921.54847734918  5.733740E-19
4924.38794867392  2.855513E-19
4927.22741999865  1.774373E-19
4930.06689132339  1.217375E-18
4932.90636264813  2.630909E-19
4935.74583397287  2.523004E-19
4938.58530529761  4.195284E-19
4941.42477662234  4.470379E-19
4944.26424794708  9.833599E-19
4947.10371927182  1.430437E-18
4949.94319059656  7.512508E-19
4952.7826619213  -8.034591E-19
4955.62213324603  3.641392E-19
4958.46160457077  1.273111E-18
4961.30107589551  6.980917E-19
4964.14054722025  6.283543E-19
4966.98001854499  1.681499E-18
4969.81948986973  7.033970E-19
4972.65896119446  -1.760372E-19
4975.4984325192  1.990515E-19
4978.33790384394  5.974004E-19
4981.17737516868  1.042475E-18
4984.01684649341  7.793745E-19
4986.85631781815  9.298539E-19
4989.69578914289  -1.674400E-19
4992.53526046763  5.493416E-19
4995.37473179237  -2.082204E-19
4998.2142031171  -2.010946E-19
5001.05367444184  4.002753E-19
5003.89314576658  -3.560367E-19
5006.73261709132  6.184854E-20
5009.57208841606  1.240920E-18
5012.4115597408  3.357184E-19
5015.25103106553  5.170238E-19
5018.09050239027  4.272881E-19
5020.92997371501  -6.304921E-19
5023.76944503975  -1.378383E-20
5026.60891636448  3.550804E-19
5029.44838768922  -2.113085E-19
5032.28785901396  -1.349450E-19
5035.1273303387  7.564242E-19
5037.96680166344  1.206773E-18
5040.80627298817  1.221592E-18
5043.64574431291  1.536876E-18
5046.48521563765  1.256348E-18
5049.32468696239  4.747201E-19
5052.16415828713  5.365812E-20
5055.00362961186  2.645054E-19
5057.8431009366  4.168241E-19
5060.68257226134  9.572312E-19
5063.52204358608  1.009197E-18
5066.36151491082  2.114923E-19
5069.20098623555  8.248719E-21
5072.04045756029  5.518878E-19
5074.87992888503  1.145997E-18
5077.71940020977  6.066299E-19
5080.55887153451  2.516587E-19
5083.39834285924  6.097950E-19
5086.23781418398  2.726359E-19
5089.07728550872  1.475835E-19
5091.91675683346  1.597064E-19
5094.7562281582  -2.314599E-19
5097.59569948293  1.895510E-19
5100.43517080767  6.868726E-19
5103.27464213241  9.655799E-19
5106.11411345715  1.025645E-18
5108.95358478189  1.014447E-18
5111.79305610663  1.045914E-18
5114.63252743136  3.668545E-19
5117.4719987561  7.526065E-19
5120.31147008084  1.742152E-18
5123.15094140558  -3.212788E-19
5125.99041273031  2.777507E-19
5128.82988405505  -1.193863E-19
5131.66935537979  2.775258E-19
5134.50882670453  9.657709E-19
5137.34829802927  1.686423E-18
5140.187769354  2.803575E-19
5143.02724067874  1.014106E-18
5145.86671200348  8.864072E-19
5148.70618332822  8.283946E-19
5151.54565465296  3.746371E-19
5154.38512597769  -1.384324E-18
5157.22459730243  -8.164442E-20
5160.06406862717  1.096739E-18
5162.90353995191  -3.004993E-19
5165.74301127665  -3.425763E-19
5168.58248260139  2.311180E-19
5171.42195392612  -5.074097E-20
5174.26142525086  7.535998E-19
5177.1008965756  9.418039E-20
5179.94036790034  4.602698E-19
5182.77983922508  2.563947E-19
5185.61931054981  -1.339584E-19
5188.45878187455  6.524125E-19
5191.29825319929  8.185689E-19
5194.13772452403  1.286934E-18
5196.97719584876  1.410617E-18
5199.8166671735  6.777015E-19
5202.65613849824  3.420285E-19
5205.49560982298  -4.681674E-19
5208.33508114772  -6.406606E-20
5211.17455247245  -1.830639E-19
5214.01402379719  3.071940E-19
5216.85349512193  1.503141E-18
5219.69296644667  7.783766E-19
5222.53243777141  3.476948E-19
5225.37190909614  8.502320E-19
5228.21138042088  9.418169E-19
5231.05085174562  2.747890E-19
5233.89032307036  1.162453E-18
5236.7297943951  1.114493E-18
5239.56926571984  8.083706E-19
5242.40873704457  9.105345E-19
5245.24820836931  7.592490E-19
5248.08767969405  -4.740002E-19
5250.92715101879  3.891411E-19
5253.76662234352  -2.096158E-19
5256.60609366826  3.354286E-19
5259.445564993  -2.696007E-19
5262.28503631774  5.418503E-20
5265.12450764248  -1.428867E-19
5267.96397896721  8.265793E-19
5270.80345029195  4.652295E-19
5273.64292161669  -2.201810E-19
5276.48239294143  -1.920590E-19
5279.32186426617  1.000875E-18
5282.1613355909  1.037119E-18
5285.00080691564  9.041804E-19
5287.84027824038  9.355222E-19
5290.67974956512  6.983488E-19
5293.51922088986  4.005910E-19
5296.35869221459  2.618140E-19
5299.19816353933  9.300362E-19
5302.03763486407  1.241237E-18
5304.87710618881  1.507073E-18
5307.71657751355  1.099581E-18
5310.55604883828  7.569888E-19
5313.39552016302  2.427309E-19
5316.23499148776  2.997727E-19
5319.0744628125  1.179345E-18
5321.91393413724  8.604483E-19
5324.75340546197  -1.426265E-19
5327.59287678671  5.466459E-19
5330.43234811145  6.854808E-19
5333.27181943619  8.513950E-19
5336.11129076093  8.770007E-19
5338.95076208566  7.099660E-19
5341.7902334104  1.282067E-18
5344.62970473514  1.321386E-18
5347.46917605988  2.360176E-19
5350.30864738462  5.692987E-19
5353.14811870935  1.696554E-18
5355.98759003409  1.782043E-18
5358.82706135883  5.509724E-19
5361.66653268357  1.815264E-19
5364.50600400831  1.352902E-18
5367.34547533304  1.584587E-18
5370.18494665778  2.005285E-18
5373.02441798252  1.032810E-18
5375.86388930726  5.322924E-19
5378.703360632  9.889574E-19
5381.54283195673  1.075547E-18
5384.38230328147  2.901427E-19
5387.22177460621  3.640885E-19
5390.06124593095  5.367244E-19
5392.90071725569  1.054288E-18
5395.74018858042  7.908749E-20
5398.57965990516  -5.055977E-19
5401.4191312299  4.951920E-19
5404.25860255464  1.511650E-18
5407.09807387938  1.084732E-18
5409.93754520411  5.159549E-19
5412.77701652885  1.808063E-18
5415.61648785359  1.210692E-18
5418.45595917833  2.013286E-18
5421.29543050307  1.577869E-18
5424.1349018278  -3.925226E-19
5426.97437315254  1.157886E-18
5429.81384447728  1.409461E-18
5432.65331580202  1.450164E-18
5435.49278712676  5.459454E-19
5438.33225845149  8.779404E-19
5441.17172977623  1.416203E-18
5444.01120110097  1.851612E-20
5446.85067242571  3.172009E-19
5449.69014375045  1.471531E-18
5452.52961507518  1.052826E-18
5455.36908639992  1.468284E-18
5458.20855772466  1.868567E-18
5461.0480290494  1.180719E-18
5463.88750037414  8.916850E-19
5466.72697169887  8.726920E-19
5469.56644302361  1.040663E-18
5472.40591434835  1.055062E-18
5475.24538567309  2.805740E-19
5478.08485699783  1.139853E-18
5480.92432832256  1.182534E-18
5483.7637996473  1.208766E-18
5486.60327097204  1.321098E-18
5489.44274229678  1.335566E-18
5492.28221362152  7.639096E-19
5495.12168494625  5.316669E-19
5497.96115627099  1.316056E-18
5500.80062759573  1.064975E-18
5503.64009892047  6.022825E-19
5506.47957024521  6.761029E-19
5509.31904156994  3.239900E-19
5512.15851289468  5.438301E-19
5514.99798421942  1.231831E-18
5517.83745554416  7.693942E-19
5520.6769268689  6.712314E-19
5523.51639819363  1.261568E-18
5526.35586951837  9.776470E-19
5529.19534084311  8.911876E-19
5532.03481216785  8.817180E-19
5534.87428349259  1.016466E-18
5537.71375481732  1.009482E-18
5540.55322614206  1.138862E-18
5543.3926974668  1.157657E-18
5546.23216879154  9.227280E-19
5549.07164011628  3.624997E-19
5551.91111144101  5.298301E-19
5554.75058276575  7.161933E-19
5557.59005409049  1.654241E-18
5560.42952541523  -9.877756E-19
5563.26899673996  9.637562E-18
5566.1084680647  -1.443245E-18
5568.94793938944  -9.297667E-18
5571.78741071418  -1.363989E-19
5574.62688203892  -3.423777E-19
5577.46635336365  4.060999E-18
5580.30582468839  2.126513E-18
5583.14529601313  3.094062E-20
5585.98476733787  3.544047E-20
5588.82423866261  -2.173079E-18
5591.66370998735  -2.818269E-18
5594.50318131208  8.981019E-18
5597.34265263682  1.665396E-18
5600.18212396156  1.229242E-19
5603.0215952863  7.543932E-20
5605.86106661104  1.727558E-18
5608.70053793577  1.149213E-18
5611.54000926051  9.285259E-19
5614.37948058525  9.332040E-19
5617.21895190999  4.192254E-19
5620.05842323473  1.315347E-18
5622.89789455946  1.283152E-18
5625.7373658842  9.839075E-19
5628.57683720894  8.465769E-19
5631.41630853368  1.107986E-18
5634.25577985842  9.971884E-19
5637.09525118315  3.935403E-19
5639.93472250789  1.192099E-18
5642.77419383263  8.461199E-19
5645.61366515737  5.393936E-19
5648.45313648211  6.332613E-19
5651.29260780684  7.944653E-19
5654.13207913158  3.033461E-19
5656.97155045632  3.162312E-19
5659.81102178106  1.607995E-18
5662.6504931058  1.202489E-18
5665.48996443053  4.731795E-19
5668.32943575527  9.414404E-19
5671.16890708001  6.040279E-19
5674.00837840475  1.759936E-18
5676.84784972949  9.009727E-19
5679.68732105422  1.331480E-18
5682.52679237896  1.300275E-18
5685.3662637037  1.286133E-18
5688.20573502844  7.571999E-19
5691.04520635318  1.334174E-18
5693.88467767791  1.789997E-18
5696.72414900265  1.117364E-18
5699.56362032739  1.128034E-18
5702.40309165213  1.677835E-18
5705.24256297687  1.034649E-18
5708.0820343016  1.471336E-18
5710.92150562634  9.616844E-19
5713.76097695108  2.040401E-18
5716.60044827582  3.389872E-19
5719.43991960056  6.401151E-19
5722.27939092529  1.317570E-18
5725.11886225003  1.512007E-18
5727.95833357477  1.837974E-19
5730.79780489951  5.792002E-19
5733.63727622425  4.199629E-19
5736.47674754898  1.555583E-18
5739.31621887372  3.728125E-19
5742.15569019846  7.953493E-19
5744.9951615232  1.729200E-19
5747.83463284794  8.513550E-19
5750.67410417267  1.409841E-18
5753.51357549741  6.575594E-19
5756.35304682215  7.885585E-19
5759.19251814689  1.683027E-18
5762.03198947163  1.882668E-18
5764.87146079636  1.565277E-18
5767.7109321211  3.267144E-19
5770.55040344584  1.092299E-18
5773.38987477058  1.453201E-18
5776.22934609531  8.956969E-19
5779.06881742005  8.910748E-19
5781.90828874479  7.347589E-19
5784.74776006953  1.385266E-18
5787.58723139427  1.434789E-18
5790.42670271901  1.022933E-18
5793.26617404374  9.187239E-19
5796.10564536848  1.365190E-18
5798.94511669322  1.568578E-18
5801.78458801796  2.159089E-18
5804.6240593427  2.051723E-18
5807.46353066743  1.813884E-18
5810.30300199217  1.137487E-18
5813.14247331691  1.248582E-18
5815.98194464165  8.766238E-19
5818.82141596638  9.253945E-19
5821.66088729112  2.142292E-18
5824.50035861586  2.191714E-18
5827.3398299406  1.088461E-18
5830.17930126534  1.167815E-18
5833.01877259007  2.042769E-18
5835.85824391481  1.596209E-18
5838.69771523955  1.193166E-18
5841.53718656429  4.965165E-19
5844.37665788903  6.623887E-19
5847.21612921377  8.563008E-19
5850.0556005385  -1.129135E-19
5852.89507186324  8.134989E-19
5855.73454318798  8.226861E-19
5858.57401451272  1.956090E-19
5861.41348583746  8.092246E-19
5864.25295716219  1.135475E-18
5867.09242848693  1.576449E-18
5869.93189981167  1.437637E-18
5872.77137113641  1.219720E-18
5875.61084246114  2.071397E-18
5878.45031378588  -1.717466E-19
5881.28978511062  -5.021805E-19
5884.12925643536  1.298447E-18
5886.9687277601  1.295438E-18
5889.80819908483  1.000556E-18
5892.64767040957  1.022139E-18
5895.48714173431  3.319871E-18
5898.32661305905  1.159644E-18
5901.16608438379  -2.809364E-19
5904.00555570853  -1.497866E-19
5906.84502703326  1.222053E-18
5909.684498358  5.574071E-19
5912.52396968274  1.595116E-18
5915.36344100748  5.873998E-20
5918.20291233222  2.479532E-19
5921.04238365695  9.609035E-19
5923.88185498169  4.811728E-19
5926.72132630643  9.080604E-19
5929.56079763117  7.381505E-19
5932.40026895591  1.009752E-18
5935.23974028064  3.872091E-19
5938.07921160538  1.089651E-18
5940.91868293012  1.733586E-18
5943.75815425486  5.934302E-19
5946.59762557959  5.094798E-19
5949.43709690433  6.284394E-19
5952.27656822907  9.405930E-19
5955.11603955381  1.122018E-18
5957.95551087855  1.409391E-18
5960.79498220328  1.042040E-18
5963.63445352802  1.012800E-18
5966.47392485276  1.460364E-18
5969.3133961775  1.131811E-18
5972.15286750224  9.453178E-19
5974.99233882697  1.159566E-18
5977.83181015171  1.823804E-18
5980.67128147645  1.084411E-18
5983.51075280119  3.884468E-19
5986.35022412593  1.198676E-18
5989.18969545066  1.849018E-18
5992.0291667754  1.456371E-18
5994.86863810014  1.238179E-18
5997.70810942488  1.159942E-18
6000.54758074962  7.956575E-19
6003.38705207435  8.373171E-19
6006.22652339909  1.229055E-18
6009.06599472383  1.609383E-18
6011.90546604857  8.256571E-19
6014.74493737331  6.424963E-19
6017.58440869804  1.252739E-18
6020.42388002278  1.464288E-18
6023.26335134752  1.062329E-18
6026.10282267226  3.313445E-19
6028.942293997  8.694868E-19
6031.78176532173  5.762341E-19
6034.62123664647  4.554439E-19
6037.46070797121  -5.855926E-20
6040.30017929595  1.106836E-18
6043.13965062069  2.270150E-18
6045.97912194542  1.970648E-18
6048.81859327016  1.785335E-18
6051.6580645949  1.086942E-18
6054.49753591964  4.689695E-19
6057.33700724438  5.874256E-19
6060.17647856911  1.047258E-18
6063.01594989385  3.833078E-19
6065.85542121859  4.669895E-19
6068.69489254333  1.280123E-18
6071.53436386807  1.162813E-18
6074.3738351928  1.378392E-18
6077.21330651754  1.520024E-18
6080.05277784228  1.763615E-18
6082.89224916702  1.634816E-18
6085.73172049176  1.955972E-18
6088.57119181649  2.130189E-18
6091.41066314123  9.009739E-19
6094.25013446597  1.067941E-18
6097.08960579071  1.164551E-18
6099.92907711545  1.254496E-18
6102.76854844018  1.544843E-18
6105.60801976492  9.191509E-19
6108.44749108966  1.244747E-19
6111.2869624144  2.351956E-19
6114.12643373914  1.608823E-18
6116.96590506387  8.648831E-19
6119.80537638861  6.655905E-19
6122.64484771335  1.154290E-18
6125.48431903809  1.796919E-18
6128.32379036283  1.344128E-18
6131.16326168756  9.347407E-19
6134.0027330123  7.552246E-19
6136.84220433704  1.211737E-18
6139.68167566178  2.059171E-18
6142.52114698652  1.832349E-18
6145.36061831125  1.727811E-18
6148.20008963599  8.986381E-19
6151.03956096073  1.135894E-18
6153.87903228547  2.339497E-19
6156.71850361021  8.520541E-19
6159.55797493494  1.508669E-18
6162.39744625968  1.018285E-18
6165.23691758442  1.007422E-18
6168.07638890916  9.573588E-19
6170.9158602339  1.869583E-18
6173.75533155863  -2.773344E-19
6176.59480288337  6.438512E-19
6179.43427420811  9.706664E-19
6182.27374553285  1.428306E-18
6185.11321685759  2.273383E-18
6187.95268818232  1.394021E-18
6190.79215950706  1.161896E-18
6193.6316308318  1.793665E-18
6196.47110215654  1.696292E-18
6199.31057348128  1.694123E-18
6202.15004480601  1.401651E-18
6204.98951613075  1.682103E-18
6207.82898745549  1.427431E-18
6210.66845878023  1.886005E-18
6213.50793010497  1.064876E-18
6216.3474014297  7.195983E-19
6219.18687275444  1.802093E-18
6222.02634407918  1.098938E-18
6224.86581540392  1.089420E-18
6227.70528672866  5.449999E-19
6230.54475805339  1.068801E-18
6233.38422937813  2.625963E-18
6236.22370070287  2.858843E-18
6239.06317202761  2.455037E-18
6241.90264335235  1.553039E-18
6244.74211467708  2.306195E-19
6247.58158600182  4.264646E-18
6250.42105732656  1.169855E-18
6253.2605286513  1.307864E-18
6256.09999997604  1.815179E-18
6258.93947130077  1.405581E-18
6261.77894262551  1.543657E-18
6264.61841395025  2.152715E-18
6267.45788527499  2.879211E-19
6270.29735659973  1.311782E-18
6273.13682792446  -5.666738E-20
6275.9762992492  1.438116E-18
6278.81577057394  1.303950E-18
6281.65524189868  9.891541E-19
6284.49471322342  2.154088E-18
6287.33418454815  -6.213794E-19
6290.17365587289  2.712763E-18
6293.01312719763  8.322567E-20
6295.85259852237  1.397454E-18
6298.69206984711  1.519097E-18
6301.53154117184  1.006071E-18
6304.37101249658  1.849444E-18
6307.21048382132  1.174393E-18
6310.04995514606  3.545915E-18
6312.8894264708  4.135450E-18
6315.72889779553  3.873684E-19
6318.56836912027  2.476748E-18
6321.40784044501  1.878996E-18
6324.24731176975  9.933572E-19
6327.08678309448  1.273835E-18
6329.92625441922  8.138834E-19
6332.76572574396  8.806113E-19
6335.6051970687  9.596630E-19
6338.44466839344  1.191981E-18
6341.28413971818  1.773517E-18
6344.12361104291  1.628241E-18
6346.96308236765  7.972251E-19
6349.80255369239  9.776015E-19
6352.64202501713  7.959711E-19
6355.48149634187  2.340420E-18
6358.3209676666  1.530054E-18
6361.16043899134  9.631458E-19
6363.99991031608  1.340703E-18
6366.83938164082  7.765939E-19
6369.67885296556  1.185502E-18
6372.51832429029  7.714703E-19
6375.35779561503  8.743462E-19
6378.19726693977  2.066352E-18
6381.03673826451  1.938394E-18
6383.87620958925  2.476815E-18
6386.71568091398  1.351341E-18
6389.55515223872  9.325005E-19
6392.39462356346  1.179255E-18
6395.2340948882  1.089708E-18
6398.07356621294  9.689911E-19
6400.91303753767  1.452343E-18
6403.75250886241  1.562453E-18
6406.59198018715  1.414142E-18
6409.43145151189  1.918907E-18
6412.27092283663  1.657106E-18
6415.11039416136  1.873075E-18
6417.9498654861  1.888857E-18
6420.78933681084  1.217769E-18
6423.62880813558  1.426697E-18
6426.46827946032  1.586555E-18
6429.30775078505  1.592358E-18
6432.14722210979  1.184418E-18
6434.98669343453  4.323115E-19
6437.82616475927  6.374854E-19
6440.66563608401  1.217653E-18
6443.50510740875  1.170314E-18
6446.34457873348  1.031585E-18
6449.18405005822  1.243792E-18
6452.02352138296  1.196506E-18
6454.8629927077  1.399280E-18
6457.70246403243  1.263585E-18
6460.54193535717  9.722896E-19
6463.38140668191  1.269498E-18
6466.22087800665  1.120351E-18
6469.06034933138  5.842052E-19
6471.89982065612  8.089842E-19
6474.73929198086  1.695690E-18
6477.5787633056  2.458021E-18
6480.41823463034  1.984069E-18
6483.25770595507  1.357379E-18
6486.09717727981  1.193821E-18
6488.93664860455  1.022149E-18
6491.77611992929  8.252877E-19
6494.61559125403  1.681199E-18
6497.45506257877  3.061532E-18
6500.2945339035  2.303773E-18
6503.13400522824  1.309200E-18
6505.97347655298  1.260283E-18
6508.81294787772  5.184218E-19
6511.65241920246  1.726092E-18
6514.49189052719  1.581362E-18
6517.33136185193  1.548402E-18
6520.17083317667  1.697650E-18
6523.01030450141  1.758429E-18
6525.84977582614  1.434018E-18
6528.68924715088  3.967812E-19
6531.52871847562  8.074467E-19
6534.36818980036  1.337430E-18
6537.2076611251  1.188237E-18
6540.04713244983  7.536995E-19
6542.88660377457  1.311671E-18
6545.72607509931  2.178014E-18
6548.56554642405  2.955091E-19
6551.40501774879  8.312011E-19
6554.24448907353  2.893549E-19
6557.08396039826  -4.050743E-19
6559.923431723  8.837962E-19
6562.76290304774  1.396668E-18
6565.60237437248  1.076839E-18
6568.44184569722  1.246295E-18
6571.28131702195  6.861710E-19
6574.12078834669  1.468438E-18
6576.96025967143  1.654605E-18
6579.79973099617  1.291609E-18
6582.6392023209  9.679221E-19
6585.47867364564  9.991555E-19
6588.31814497038  1.154584E-18
6591.15761629512  1.190842E-18
6593.99708761986  7.490286E-19
6596.83655894459  9.329551E-19
6599.67603026933  1.194790E-18
6602.51550159407  1.796755E-18
6605.35497291881  1.865919E-18
6608.19444424355  1.785622E-18
6611.03391556829  2.173670E-18
6613.87338689302  1.796930E-18
6616.71285821776  1.236955E-18
6619.5523295425  1.377660E-18
6622.39180086724  1.529627E-18
6625.23127219198  1.388312E-18
6628.07074351671  1.461096E-18
6630.91021484145  1.236336E-18
6633.74968616619  2.085414E-18
6636.58915749093  1.383210E-18
6639.42862881567  1.082142E-18
6642.2681001404  1.151762E-18
6645.10757146514  1.274879E-18
6647.94704278988  1.948675E-18
6650.78651411462  2.225281E-18
6653.62598543936  2.353766E-18
6656.46545676409  1.255309E-18
6659.30492808883  1.769371E-18
6662.14439941357  1.505766E-18
6664.98387073831  1.318852E-18
6667.82334206305  2.016511E-18
6670.66281338778  2.222618E-18
6673.50228471252  1.808746E-18
6676.34175603726  1.562236E-18
6679.181227362  1.133225E-18
6682.02069868674  9.245568E-19
6684.86017001147  1.314012E-18
6687.69964133621  1.426444E-18
6690.53911266095  1.776198E-18
6693.37858398569  1.431273E-18
6696.21805531043  9.083071E-19
6699.05752663516  1.389674E-18
6701.8969979599  1.397144E-18
6704.73646928464  2.132701E-18
6707.57594060938  1.582783E-18
6710.41541193411  2.292018E-18
6713.25488325885  1.965048E-18
6716.09435458359  1.373132E-18
6718.93382590833  8.507480E-19
6721.77329723307  1.546172E-18
6724.61276855781  1.846254E-18
6727.45223988254  1.450897E-18
6730.29171120728  7.301893E-19
6733.13118253202  7.268270E-19
6735.97065385676  1.066932E-18
6738.8101251815  1.889470E-18
6741.64959650623  1.018528E-18
6744.48906783097  1.888834E-18
6747.32853915571  2.051124E-18
6750.16801048045  1.531466E-18
6753.00748180518  1.274715E-18
6755.84695312992  1.597507E-18
6758.68642445466  1.041699E-18
6761.5258957794  1.496779E-18
6764.36536710414  1.543788E-18
6767.20483842887  1.695847E-18
6770.04430975361  1.962293E-18
6772.88378107835  2.172204E-18
6775.72325240309  1.052077E-18
6778.56272372783  2.087262E-18
6781.40219505256  1.883001E-18
6784.2416663773  1.926993E-18
6787.08113770204  1.513218E-18
6789.92060902678  1.514210E-18
6792.76008035152  1.862317E-18
6795.59955167626  2.397154E-18
6798.43902300099  2.043546E-18
6801.27849432573  2.148302E-18
6804.11796565047  2.348585E-18
6806.95743697521  1.868480E-18
6809.79690829994  2.073948E-18
6812.63637962468  9.387585E-19
6815.47585094942  1.294031E-18
6818.31532227416  1.159625E-19
6821.1547935989  2.516948E-18
6823.99426492363  1.114301E-18
6826.83373624837  1.092823E-18
6829.67320757311  2.568965E-18
6832.51267889785  2.446045E-18
6835.35215022259  9.409090E-19
6838.19162154732  6.050326E-19
6841.03109287206  2.394254E-18
6843.8705641968  2.999912E-18
6846.71003552154  -2.967903E-19
6849.54950684628  6.768371E-19
6852.38897817101  1.961611E-18
6855.22844949575  3.161227E-19
6858.06792082049  4.860904E-19
6860.90739214523  1.248137E-18
6863.74686346997  8.281600E-19
6866.5863347947  1.181883E-18
6869.42580611944  1.833110E-18
6872.26527744418  5.079558E-19
6875.10474876892  3.864908E-18
6877.94422009366  1.248895E-18
6880.78369141839  2.092277E-18
6883.62316274313  2.242692E-18
6886.46263406787  2.004948E-18
6889.30210539261  1.761505E-18
6892.14157671735  8.931036E-19
6894.98104804208  1.125795E-18
6897.82051936682  -6.737014E-20
6900.65999069156  1.606178E-18
6903.4994620163  3.718432E-18
6906.33893334104  1.059206E-18
6909.17840466578  1.117153E-18
6912.01787599051  2.049227E-18
6914.85734731525  2.628031E-18
6917.69681863999  8.225604E-19
6920.53628996473  1.581734E-18
6923.37576128947  2.497934E-18
6926.2152326142  1.227490E-18
6929.05470393894  1.413055E-18
6931.89417526368  1.432436E-18
6934.73364658842  2.462407E-18
6937.57311791316  2.202103E-18
6940.41258923789  1.351807E-18
6943.25206056263  1.637106E-18
6946.09153188737  2.617340E-18
6948.93100321211  2.021022E-18
6951.77047453684  1.422899E-18
6954.60994586158  2.340914E-18
6957.44941718632  1.315789E-18
6960.28888851106  3.580521E-18
6963.1283598358  1.827111E-19
6965.96783116054  1.160087E-18
6968.80730248527  1.875297E-18
6971.64677381001  1.874398E-18
6974.48624513475  2.185350E-18
6977.32571645949  1.667940E-18
6980.16518778423  2.129800E-18
6983.00465910896  1.760261E-18
6985.8441304337  1.947576E-18
6988.68360175844  1.482963E-18
6991.52307308318  1.275886E-18
6994.36254440792  1.968284E-18
6997.20201573265  1.565122E-18
7000.04148705739  2.007765E-18
7002.88095838213  2.156886E-18
7005.72042970687  1.835652E-18
7008.5599010316  1.598755E-18
7011.39937235634  2.082271E-18
7014.23884368108  1.969894E-18
7017.07831500582  2.339181E-18
7019.91778633056  2.221505E-18
7022.75725765529  2.403874E-18
7025.59672898003  1.946259E-18
7028.43620030477  2.281750E-18
7031.27567162951  1.654119E-18
7034.11514295425  1.559222E-18
7036.95461427899  1.635821E-18
7039.79408560372  1.478378E-18
7042.63355692846  2.053282E-18
7045.4730282532  1.706035E-18
7048.31249957794  1.640833E-18
7051.15197090268  1.707975E-18
7053.99144222741  2.249031E-18
7056.83091355215  1.814434E-18
7059.67038487689  2.283675E-18
7062.50985620162  2.164744E-18
7065.34932752636  2.062856E-18
7068.1887988511  1.994050E-18
7071.02827017584  1.733046E-18
7073.86774150058  2.082843E-18
7076.70721282532  2.823901E-18
7079.54668415005  2.072421E-18
7082.38615547479  2.106420E-18
7085.22562679953  2.048686E-18
7088.06509812427  2.944499E-18
7090.90456944901  2.502635E-18
7093.74404077374  1.713459E-18
7096.58351209848  1.783011E-18
7099.42298342322  2.297833E-18
7102.26245474796  1.892219E-18
7105.1019260727  1.576100E-18
7107.94139739743  1.924146E-18
7110.78086872217  2.159247E-18
7113.62034004691  2.188835E-18
7116.45981137165  1.731989E-18
7119.29928269639  2.218806E-18
7122.13875402112  2.238700E-18
7124.97822534586  1.792700E-18
7127.8176966706  1.784124E-18
7130.65716799534  1.988749E-18
7133.49663932008  2.093825E-18
7136.33611064481  2.449046E-18
7139.17558196955  2.609645E-18
7142.01505329429  2.964300E-18
7144.85452461903  2.445391E-18
7147.69399594377  1.527425E-18
7150.5334672685  2.026950E-18
7153.37293859324  2.178317E-18
7156.21240991798  2.166699E-18
7159.05188124272  2.085026E-18
7161.89135256746  2.146730E-18
7164.73082389219  1.816754E-18
7167.57029521693  1.693930E-18
7170.40976654167  2.162507E-18
7173.24923786641  2.119216E-18
7176.08870919115  2.287654E-18
7178.92818051588  3.059283E-18
7181.76765184062  2.502490E-18
7184.60712316536  1.949207E-18
7187.4465944901  2.273080E-18
7190.28606581484  1.990902E-18
7193.12553713957  2.011782E-18
7195.96500846431  1.493632E-18
7198.80447978905  1.946923E-18
7201.64395111379  2.008325E-18
7204.48342243853  1.760532E-18
7207.32289376327  1.969118E-18
7210.162365088  1.939200E-18
7213.00183641274  1.364890E-18
7215.84130773748  1.235137E-18
7218.68077906222  1.723713E-18
7221.52025038695  1.612827E-18
7224.35972171169  8.255366E-19
7227.19919303643  1.633589E-18
7230.03866436117  8.698185E-20
7232.87813568591  1.683232E-18
7235.71760701064  9.649790E-19
7238.55707833538  1.321140E-18
7241.39654966012  1.593968E-18
7244.23602098486  1.513202E-18
7247.0754923096  1.441867E-18
7249.91496363433  3.446561E-18
7252.75443495907  2.829729E-18
7255.59390628381  3.261724E-18
7258.43337760855  1.016386E-18
7261.27284893329  -7.287407E-19
7264.11232025803  3.465972E-18
7266.95179158276  1.802456E-18
7269.7912629075  1.735259E-18
7272.63073423224  2.344836E-18
7275.47020555698  2.291024E-18
7278.30967688171  3.265748E-18
7281.14914820645  3.107468E-18
7283.98861953119  2.457659E-18
7286.82809085593  3.371937E-18
7289.66756218067  1.236722E-18
7292.5070335054  2.323428E-18
7295.34650483014  2.639712E-18
7298.18597615488  1.027228E-18
7301.02544747962  6.973335E-20
7303.86491880436  3.377281E-18
7306.70439012909  2.018758E-18
7309.54386145383  1.238801E-18
7312.38333277857  1.546646E-18
7315.22280410331  2.116810E-18
7318.06227542805  1.307891E-18
7320.90174675278  4.034756E-18
7323.74121807752  -5.318423E-19
7326.58068940226  2.722779E-19
7329.420160727  2.550854E-18
7332.25963205174  2.929254E-18
7335.09910337647  1.967246E-18
7337.93857470121  2.669732E-18
7340.77804602595  3.025349E-18
7343.61751735069  4.762893E-19
7346.45698867543  1.787063E-19
7349.29646000016  2.598669E-18
7352.1359313249  3.829421E-18
7354.97540264964  -8.091868E-19
7357.81487397438  1.472007E-18
7360.65434529912  1.676314E-18
7363.49381662385  1.949558E-18
7366.33328794859  8.801417E-19
7369.17275927333  2.017161E-18
7372.01223059807  2.861002E-18
7374.8517019228  1.839301E-18
7377.69117324754  1.371965E-18
7380.53064457228  2.963819E-18
7383.37011589702  8.031832E-19
7386.20958722176  2.205040E-19
7389.0490585465  1.446842E-18
7391.88852987123  1.791618E-18
7394.72800119597  1.855836E-18
7397.56747252071  1.887415E-18
7400.40694384545  1.873047E-18
7403.24641517019  2.036176E-18
7406.08588649492  2.724765E-18
7408.92535781966  1.852650E-18
7411.7648291444  3.013951E-18
7414.60430046914  2.247243E-18
7417.44377179388  1.196632E-18
7420.28324311861  2.153847E-18
7423.12271444335  2.019076E-18
7425.96218576809  2.076400E-18
7428.80165709283  2.459856E-18
7431.64112841756  2.525904E-18
7434.4805997423  2.129477E-18
7437.32007106704  1.981183E-18
7440.15954239178  2.424812E-18
7442.99901371652  2.859749E-18
7445.83848504126  2.243609E-18
7448.67795636599  2.815005E-18
7451.51742769073  2.632519E-18
7454.35689901547  2.252464E-18
7457.19637034021  2.682336E-18
7460.03584166495  3.383691E-18
7462.87531298968  1.836685E-18
7465.71478431442  1.458703E-18
7468.55425563916  2.565436E-18
7471.3937269639  3.055537E-18
7474.23319828864  1.995806E-18
7477.07266961337  1.470190E-18
7479.91214093811  1.474556E-18
7482.75161226285  1.567953E-18
7485.59108358759  1.954807E-18
7488.43055491232  3.080884E-18
7491.27002623706  2.275707E-18
7494.1094975618  1.894300E-18
7496.94896888654  1.990918E-18
7499.78844021128  2.109422E-18
7502.62791153602  1.299513E-18
7505.46738286075  2.383421E-18
7508.30685418549  2.520923E-18
7511.14632551023  2.657924E-18
7513.98579683497  2.391584E-18
7516.82526815971  2.843624E-18
7519.66473948444  3.556865E-18
7522.50421080918  1.869457E-18
7525.34368213392  2.190425E-18
7528.18315345866  3.584155E-18
7531.0226247834  1.706268E-18
7533.86209610813  2.431405E-18
7536.70156743287  2.759176E-18
7539.54103875761  2.821778E-18
7542.38051008235  2.165827E-18
7545.21998140708  1.898543E-18
7548.05945273182  1.937690E-18
7550.89892405656  1.088067E-18
7553.7383953813  1.459929E-18
7556.57786670604  3.221653E-18
7559.41733803078  2.747823E-18
7562.25680935551  3.119805E-18
7565.09628068025  2.757883E-18
7567.93575200499  2.567317E-18
7570.77522332973  2.711684E-18
7573.61469465447  2.319004E-18
7576.4541659792  3.017569E-18
7579.29363730394  2.521138E-18
7582.13310862868  1.844269E-18
7584.97257995342  1.614288E-18
7587.81205127815  5.635800E-19
7590.65152260289  1.099434E-18
7593.49099392763  1.184938E-18
7596.33046525237  6.720073E-19
7599.16993657711  1.272045E-18
7602.00940790184  2.556500E-18
7604.84887922658  1.316381E-18
7607.68835055132  6.970431E-19
7610.52782187606  1.532600E-18
7613.3672932008  2.845859E-18
7616.20676452554  2.138310E-18
7619.04623585027  8.501658E-19
7621.88570717501  1.408985E-18
7624.72517849975  2.571267E-18
7627.56464982449  2.151893E-18
7630.40412114923  1.805860E-18
7633.24359247396  2.006521E-18
7636.0830637987  1.173996E-18
7638.92253512344  1.798950E-18
7641.76200644818  1.307596E-18
7644.60147777291  1.455671E-18
7647.44094909765  2.584230E-18
7650.28042042239  2.284185E-18
7653.11989174713  1.772776E-18
7655.95936307187  1.672542E-18
7658.7988343966  2.288976E-18
7661.63830572134  3.345625E-18
7664.47777704608  2.407639E-18
7667.31724837082  1.711546E-18
7670.15671969556  1.974032E-18
7672.99619102029  2.761792E-18
7675.83566234503  2.119720E-18
7678.67513366977  2.108648E-18
7681.51460499451  2.499927E-18
7684.35407631925  1.884376E-18
7687.19354764399  1.728888E-18
7690.03301896872  1.227846E-18
7692.87249029346  2.368045E-18
7695.7119616182  -1.211385E-18
7698.55143294294  8.633889E-19
7701.39090426767  1.701803E-18
7704.23037559241  5.844119E-19
7707.06984691715  2.305532E-18
7709.90931824189  2.529697E-18
7712.74878956663  1.822960E-18
7715.58826089136  1.505677E-18
7718.4277322161  3.817525E-18
7721.26720354084  5.180078E-18
7724.10667486558  4.525718E-19
7726.94614619032  3.501405E-18
7729.78561751505  3.176501E-19
7732.62508883979  -7.685070E-19
7735.46456016453  4.581624E-18
7738.30403148927  1.218516E-18
7741.14350281401  1.650063E-18
7743.98297413875  3.126328E-18
7746.82244546348  3.464516E-18
7749.66191678822  3.769243E-18
7752.50138811296  4.010926E-18
7755.3408594377  2.061881E-18
7758.18033076243  3.559291E-18
7761.01980208717  1.589927E-18
7763.85927341191  8.060828E-19
7766.69874473665  2.210854E-18
7769.53821606139  1.279394E-18
7772.37768738612  6.571097E-19
7775.21715871086  1.206849E-18
7778.0566300356  1.165776E-18
7780.89610136034  2.104457E-18
7783.73557268508  1.681029E-18
7786.57504400981  2.559345E-18
7789.41451533455  2.865560E-18
7792.25398665929  4.044032E-19
7795.09345798403  2.070364E-18
7797.93292930877  1.900391E-18
7800.7724006335  2.244352E-18
7803.61187195824  2.553621E-18
7806.45134328298  3.208262E-18
7809.29081460772  1.953907E-18
7812.13028593246  1.635580E-18
7814.96975725719  2.569880E-18
7817.80922858193  4.293620E-18
7820.64869990667  1.704635E-18
7823.48817123141  1.210467E-18
7826.32764255615  1.183959E-18
7829.16711388088  3.753567E-18
7832.00658520562  4.271392E-18
7834.84605653036  2.956925E-19
7837.6855278551  2.341815E-18
7840.52499917984  9.149653E-19
7843.36447050457  2.767606E-19
7846.20394182931  2.418849E-18
7849.04341315405  4.219627E-18
7851.88288447879  3.162385E-18
7854.72235580353  1.361979E-18
7857.56182712826  -3.760049E-19
7860.401298453  2.062840E-18
7863.24076977774  5.763759E-18
7866.08024110248  1.684956E-18
7868.91971242722  3.092906E-18
7871.75918375195  5.777273E-19
7874.59865507669  1.607403E-18
7877.43812640143  2.111273E-18
7880.27759772617  2.868141E-18
7883.11706905091  8.514239E-19
7885.95654037564  2.203284E-18
7888.79601170038  3.239794E-18
7891.63548302512  5.109420E-18
7894.47495434986  -1.280076E-18
7897.3144256746  2.595048E-19
7900.15389699933  6.685371E-18
7902.99336832407  2.867915E-18
7905.83283964881  3.735419E-18
7908.67231097355  4.923901E-18
7911.51178229829  2.932310E-18
7914.35125362302  7.903307E-19
7917.19072494776  1.391459E-18
7920.0301962725  2.589099E-18
7922.86966759724  4.837432E-18
7925.70913892198  -1.861938E-19
7928.54861024672  2.531259E-18
7931.38808157145  2.661323E-18
7934.22755289619  1.685872E-18
7937.06702422093  2.315918E-18
7939.90649554567  2.423712E-18
7942.74596687041  3.930998E-18
7945.58543819514  1.196155E-18
7948.42490951988  -2.545390E-19
7951.26438084462  2.362858E-18
7954.10385216936  1.569823E-18
7956.9433234941  2.938000E-18
7959.78279481883  2.398921E-18
7962.62226614357  4.881774E-19
7965.46173746831  1.371736E-18
7968.30120879305  4.703589E-19
7971.14068011778  4.486439E-18
7973.98015144252  2.766197E-18
7976.81962276726  1.240720E-18
7979.659094092  3.320045E-18
7982.49856541674  2.939018E-18
7985.33803674147  2.046917E-18
7988.17750806621  1.611877E-18
7991.01697939095  2.072555E-18
7993.85645071569  3.685641E-18
7996.69592204043  4.650041E-18
7999.53539336517  3.645990E-18
8002.3748646899  2.341251E-18
8005.21433601464  2.615705E-18
8008.05380733938  2.254544E-18
8010.89327866412  2.079763E-18
8013.73274998885  2.232420E-18
8016.57222131359  1.310229E-18
8019.41169263833  3.123679E-18
8022.25116396307  4.248135E-18
8025.09063528781  3.030127E-18
8027.93010661254  2.391302E-18
8030.76957793728  3.349452E-18
8033.60904926202  3.108096E-18
8036.44852058676  2.482413E-18
8039.2879919115  2.190896E-18
8042.12746323623  1.764871E-18
8044.96693456097  3.358864E-18
8047.80640588571  1.293225E-18
8050.64587721045  2.363846E-18
8053.48534853519  1.992494E-18
8056.32481985992  2.467639E-18
8059.16429118466  3.562646E-18
8062.0037625094  3.322595E-18
8064.84323383414  3.851790E-18
8067.68270515888  2.813178E-18
8070.52217648361  2.639684E-18
8073.36164780835  1.532037E-18
8076.20111913309  2.567286E-18
8079.04059045783  3.085974E-18
8081.88006178257  2.325918E-18
8084.7195331073  2.409848E-18
8087.55900443204  3.599059E-18
8090.39847575678  2.816811E-18
8093.23794708152  2.723087E-18
8096.07741840626  2.868478E-18
8098.91688973099  3.393831E-18
8101.75636105573  3.367225E-18
8104.59583238047  2.548720E-18
8107.43530370521  2.002328E-18
8110.27477502995  2.576089E-18
8113.11424635468  2.404068E-18
8115.95371767942  1.436170E-18
8118.79318900416  2.017451E-18
8121.6326603289  2.930678E-18
8124.47213165364  2.946588E-18
8127.31160297837  2.621198E-18
8130.15107430311  2.950887E-18
8132.99054562785  1.991304E-18
8135.83001695259  2.729132E-18
8138.66948827733  2.787240E-18
8141.50895960206  2.004012E-18
8144.3484309268  3.015306E-18
8147.18790225154  3.368926E-18
8150.02737357628  2.728067E-18
8152.86684490102  2.942365E-18
8155.70631622575  2.707492E-18
8158.54578755049  2.814084E-18
8161.38525887523  2.554245E-18
8164.22473019997  1.748789E-18
8167.06420152471  2.406294E-18
8169.90367284944  3.126041E-18
8172.74314417418  2.747271E-18
8175.58261549892  2.206275E-18
8178.42208682366  2.766532E-18
8181.2615581484  4.116947E-18
8184.10102947313  3.813155E-18
8186.94050079787  2.866225E-18
8189.77997212261  2.057188E-18
8192.61944344735  2.478387E-18
8195.45891477209  3.196774E-18
8198.29838609682  3.002949E-18
8201.13785742156  3.575130E-18
8203.9773287463  2.926090E-18
8206.81680007104  3.008484E-18
8209.65627139578  3.130640E-18
8212.49574272052  2.285720E-18
8215.33521404525  2.033013E-18
8218.17468536999  2.274799E-18
8221.01415669473  3.582428E-18
8223.85362801947  3.237422E-18
8226.69309934421  2.762626E-18
8229.53257066894  2.674827E-18
8232.37204199368  3.076186E-18
8235.21151331842  2.979985E-18
8238.05098464316  2.620782E-18
8240.8904559679  2.737525E-18
8243.72992729263  2.796071E-18
8246.56939861737  3.354418E-18
8249.40886994211  3.131870E-18
8252.24834126685  3.070544E-18
8255.08781259158  3.540955E-18
8257.92728391632  3.550517E-18
8260.76675524106  3.076704E-18
8263.6062265658  1.804445E-18
8266.44569789054  3.200338E-18
8269.28516921527  2.934292E-18
8272.12464054001  2.868104E-18
8274.96411186475  4.583396E-18
8277.80358318949  3.805574E-18
8280.64305451423  1.122140E-19
8283.48252583896  5.087641E-19
8286.3219971637  1.302283E-18
8289.16146848844  2.113069E-18
8292.00093981318  3.747283E-18
8294.84041113792  1.649165E-18
8297.67988246265  5.700961E-18
8300.51935378739  4.996707E-18
8303.35882511213  3.665784E-18
8306.19829643687  3.426940E-18
8309.03776776161  5.173571E-18
8311.87723908634  2.956111E-18
8314.71671041108  3.928751E-18
8317.55618173582  3.096060E-18
8320.39565306056  4.762173E-18
8323.2351243853  2.295664E-18
8326.07459571004  6.863261E-18
8328.91406703477  2.735287E-18
8331.75353835951  3.476636E-18
8334.59300968425  6.352802E-18
8337.43248100899  2.731172E-18
8340.27195233372  3.910335E-18
8343.11142365846  3.230221E-18
8345.9508949832  3.569414E-18
8348.79036630794  6.376525E-18
8351.62983763268  -1.613754E-18
8354.46930895741  5.298486E-18
8357.30878028215  3.642156E-18
8360.14825160689  -1.724110E-19
8362.98772293163  4.584565E-18
8365.82719425637  4.570982E-18
8368.6666655811  5.085338E-18
8371.50613690584  4.654203E-18
8374.34560823058  5.642134E-18
8377.18507955532  -2.301547E-18
8380.02455088006  1.011033E-17
8382.86402220479  4.543733E-18
8385.70349352953  5.453676E-18
8388.54296485427  7.402614E-18
8391.38243617901  4.714218E-18
8394.22190750375  1.162312E-18
8397.06137882848  7.491684E-18
8399.90085015322  3.886346E-18
8402.74032147796  4.824108E-18
8405.5797928027  1.065130E-17
8408.41926412744  -1.074312E-17
8411.25873545217  8.405952E-18
8414.09820677691  1.689273E-18
8416.93767810165  1.592166E-18
8419.77714942639  3.467409E-18
8422.61662075112  -3.600264E-19
8425.45609207586  1.588336E-18
8428.2955634006  3.030441E-18
8431.13503472534  6.975310E-19
8433.97450605008  3.288600E-18
8436.81397737482  5.140214E-18
8439.65344869955  1.172117E-18
8442.49292002429  4.159850E-18
8445.33239134903  1.081913E-18
8448.17186267377  5.479730E-18
8451.01133399851  6.207001E-18
8453.85080532324  4.903640E-18
8456.69027664798  3.244899E-18
8459.52974797272  6.151156E-18
8462.36921929746  5.064909E-18
8465.2086906222  4.168774E-18
8468.04816194693  3.873223E-18
8470.88763327167  5.486308E-18
8473.72710459641  1.363662E-18
8476.56657592115  1.921337E-18
8479.40604724588  3.552149E-18
8482.24551857062  4.494800E-18
8485.08498989536  1.751433E-18
8487.9244612201  3.154851E-18
8490.76393254484  3.156597E-18
8493.60340386957  1.843029E-18
8496.44287519431  2.605969E-18
8499.28234651905  3.880654E-18
8502.12181784379  3.975162E-18
8504.96128916853  2.672508E-18
8507.80076049327  2.388488E-18
8510.640231818  2.181511E-18
8513.47970314274  4.521829E-18
8516.31917446748  4.306598E-18
8519.15864579222  2.882767E-18
8521.99811711696  2.315005E-18
8524.83758844169  2.331120E-18
8527.67705976643  3.692833E-18
8530.51653109117  2.280892E-18
8533.35600241591  2.145823E-18
8536.19547374064  3.110087E-18
8539.03494506538  3.677423E-18
8541.87441639012  2.993435E-18
8544.71388771486  2.274261E-18
8547.5533590396  3.110810E-18
8550.39283036433  2.839878E-18
8553.23230168907  1.785218E-18
8556.07177301381  2.797150E-18
8558.91124433855  4.319400E-18
8561.75071566329  4.215549E-18
8564.59018698802  3.669885E-18
8567.42965831277  3.057163E-18
8570.2691296375  3.137996E-18
8573.10860096224  2.820943E-18
8575.94807228698  3.022231E-18
8578.78754361172  2.607017E-18
8581.62701493645  2.266834E-18
8584.46648626119  3.672700E-18
8587.30595758593  4.244072E-18
8590.14542891067  3.467126E-18
8592.9849002354  3.450515E-18
8595.82437156014  2.161857E-18
8598.66384288488  2.722964E-18
8601.50331420962  3.350609E-18
8604.34278553436  5.458900E-18
8607.18225685909  4.576995E-18
8610.02172818383  2.728844E-18
8612.86119950857  -3.981590E-19
8615.70067083331  6.934805E-19
8618.54014215805  1.208501E-18
8621.37961348278  2.283369E-18
8624.21908480752  4.802456E-18
8627.05855613226  2.178118E-18
8629.898027457  8.776490E-19
8632.73749878174  -6.028546E-19
8635.57697010647  2.062886E-18
8638.41644143121  1.983300E-18
8641.25591275595  1.714503E-18
8644.09538408069  2.442460E-18
8646.93485540543  4.589043E-18
8649.77432673016  4.729592E-18
8652.6137980549  1.788727E-18
8655.45326937964  3.699801E-18
8658.29274070438  3.113264E-18
8661.13221202912  2.700989E-18
8663.97168335385  3.669977E-18
8666.81115467859  3.279814E-18
8669.65062600333  3.320381E-18
8672.49009732807  -4.150448E-19
8675.32956865281  2.731086E-18
8678.16903997754  1.704013E-18
8681.00851130228  2.639784E-18
8683.84798262702  2.979063E-18
8686.68745395176  3.123589E-18
8689.5269252765  3.815616E-18
8692.36639660123  3.365901E-18
8695.20586792597  3.552748E-18
8698.04533925071  3.148916E-18
8700.88481057545  4.412498E-18
8703.72428190019  3.972277E-18
8706.56375322492  2.755196E-18
8709.40322454966  2.843204E-18
8712.2426958744  3.327808E-18
8715.08216719914  3.398094E-18
8717.92163852388  3.293917E-18
8720.76110984861  3.011786E-18
8723.60058117335  2.308800E-18
8726.44005249809  3.287691E-18
8729.27952382283  3.397028E-18
8732.11899514757  3.212799E-18
8734.9584664723  3.769774E-18
8737.79793779704  3.914170E-18
8740.63740912178  1.732548E-18
8743.47688044652  -1.064885E-18
8746.31635177126  2.468736E-18
8749.155823096  -3.292013E-18
8751.99529442073  -2.431686E-19
8754.83476574547  1.320045E-18
8757.67423707021  4.149484E-19
8760.51370839495  6.648676E-19
8763.35317971969  1.895069E-18
8766.19265104442  -3.451028E-18
8769.03212236916  5.217648E-18
8771.8715936939  3.542538E-18
8774.71106501864  3.560132E-18
8777.55053634338  6.382865E-18
8780.39000766811  3.785409E-18
8783.22947899285  3.331399E-19
8786.06895031759  4.607308E-18
8788.90842164232  5.269307E-18
8791.74789296706  2.908531E-18
8794.5873642918  4.845407E-18
8797.42683561654  2.649743E-18
8800.26630694128  3.923250E-18
8803.10577826602  -1.332438E-18
8805.94524959075  6.271556E-18
8808.78472091549  -5.889060E-18
8811.62419224023  -5.197277E-18
8814.46366356497  -1.725937E-18
8817.30313488971  -3.489605E-20
8820.14260621444  3.656429E-18
8822.98207753918  -1.047817E-18
8825.82154886392  1.519872E-18
8828.66102018866  4.581059E-18
8831.5004915134  8.501120E-18
8834.33996283813  5.234276E-18
8837.17943416287  -5.597286E-18
8840.01890548761  1.033673E-17
8842.85837681235  3.444216E-18
8845.69784813709  -1.027317E-18
8848.53731946182  -5.494756E-19
8851.37679078656  3.048687E-18
8854.2162621113  2.020269E-18
8857.05573343604  1.071356E-18
8859.89520476078  1.022874E-18
8862.73467608551  1.949539E-18
8865.57414741025  3.208495E-18
8868.41361873499  2.808922E-18
8871.25309005973  3.885709E-18
8874.09256138447  5.510206E-18
8876.9320327092  6.312467E-18
8879.77150403394  5.884727E-18
8882.61097535868  5.744529E-18
8885.45044668342  3.974145E-18
8888.28991800816  5.604644E-18
8891.1293893329  4.284790E-19
8893.96886065763  8.719591E-18
8896.80833198237  5.604609E-18
8899.64780330711  3.981743E-18
8902.48727463185  -5.606821E-18
8905.32674595658  1.710600E-18
8908.16621728132  -6.571593E-19
8911.00568860606  3.597065E-18
8913.8451599308  -6.403455E-19
8916.68463125554  1.965148E-19
8919.52410258027  5.064053E-19
8922.36357390501  -2.730298E-18
8925.20304522975  -4.520974E-18
8928.04251655449  7.084039E-18
8930.88198787923  4.051927E-19
8933.72145920396  2.507309E-18
8936.5609305287  6.805174E-18
8939.40040185344  2.987653E-18
8942.23987317818  1.644863E-18
8945.07934450292  3.705752E-18
8947.91881582765  3.102612E-18
8950.75828715239  4.724734E-18
8953.59775847713  6.579424E-18
8956.43722980187  3.167414E-18
8959.27670112661  2.902507E-18
8962.11617245134  -5.898304E-19
8964.95564377608  4.719462E-18
8967.79511510082  4.375694E-18
8970.63458642556  2.341139E-18
8973.4740577503  1.751129E-18
8976.31352907503  4.037093E-19
8979.15300039977  2.321665E-18
8981.99247172451  1.189405E-18
8984.83194304925  2.411671E-18
8987.67141437399  1.913728E-18
8990.51088569873  1.770311E-18
8993.35035702346  1.899359E-18
8996.1898283482  6.092946E-19
8999.02929967294  1.024938E-18
9001.86877099767  2.497382E-18
9004.70824232241  4.094754E-18
9007.54771364715  3.733963E-18
9010.38718497189  -3.388382E-18
9013.22665629663  4.004606E-18
9016.06612762137  2.062403E-18
9018.9055989461  1.570412E-18
9021.74507027084  3.744121E-18
9024.58454159558  1.660252E-18
9027.42401292032  3.351174E-18
9030.26348424506  1.296593E-18
9033.10295556979  3.538167E-18
9035.94242689453  2.843115E-18
9038.78189821927  1.717516E-18
9041.62136954401  5.143127E-19
9044.46084086875  2.020350E-18
9047.30031219348  1.194469E-18
9050.13978351822  2.072697E-18
9052.97925484296  1.213701E-18
9055.8187261677  1.584221E-18
9058.65819749244  2.057837E-18
9061.49766881717  1.688799E-18
9064.33714014191  5.691804E-19
9067.17661146665  9.805054E-19
9070.01608279139  1.219871E-18
9072.85555411613  1.250103E-18
9075.69502544086  1.277989E-18
9078.5344967656  2.458569E-18
9081.37396809034  3.032232E-18
9084.21343941508  1.570998E-18
9087.05291073982  2.461393E-18
9089.89238206455  3.044585E-18
9092.73185338929  2.781423E-18
9095.57132471403  1.465318E-18
9098.41079603877  2.099303E-18
9101.25026736351  2.115186E-18
9104.08973868825  8.836222E-19
9106.92921001298  6.142619E-19
9109.76868133772  2.030307E-18
9112.60815266246  2.768436E-18
9115.4476239872  1.738975E-18
9118.28709531193  2.470104E-18
9121.12656663667  2.077418E-18
9123.96603796141  2.021920E-18
9126.80550928615  1.739926E-18
9129.64498061089  2.393986E-18
9132.48445193562  3.886833E-18
9135.32392326036  2.725735E-18
9138.1633945851  3.266425E-18
9141.00286590984  2.432771E-18
9143.84233723458  4.307553E-18
9146.68180855931  3.502607E-18
9149.52127988405  3.106833E-18
9152.36075120879  3.062095E-18
9155.20022253353  8.768061E-19
9158.03969385827  1.420948E-18
9160.879165183  2.564758E-18
9163.71863650774  3.120094E-18
9166.55810783248  2.296119E-18
9169.39757915722  2.564026E-18
9172.23705048196  3.151750E-18
9175.07652180669  1.129029E-18
9177.91599313143  2.137081E-18
9180.75546445617  2.151265E-18
9183.59493578091  1.816038E-18
9186.43440710565  1.790990E-18
9189.27387843038  1.157931E-18
9192.11334975512  2.973650E-18
9194.95282107986  3.229918E-18
9197.7922924046  1.738189E-18
9200.63176372934  5.594195E-19
9203.47123505407  6.713699E-17
9206.31070637881  1.281378E-16
9209.15017770355  7.310063E-18
9211.98964902829  1.830000E-18
9214.82912035303  2.621553E-18
9217.66859167776  6.522341E-19
9220.5080630025  8.930803E-19
9223.34753432724  1.767194E-18
9226.18700565198  1.848114E-18
9229.02647697672  1.525789E-18
9231.86594830145  1.873465E-18
9234.70541962619  1.849218E-18
9237.54489095093  1.316165E-18
9240.38436227567  2.731884E-18
9243.22383360041  2.661541E-18
9246.06330492514  3.461242E-18
9248.90277624988  1.581801E-18
9251.74224757462  1.590988E-18
9254.58171889936  2.988266E-18
9257.4211902241  3.880863E-18
9260.26066154883  2.279312E-18
9263.10013287357  3.527273E-18
9265.93960419831  3.857820E-18
9268.77907552305  3.940824E-18
9271.61854684779  4.088409E-18
9274.45801817253  4.610255E-18
9277.29748949726  1.313383E-18
9280.136960822  7.738465E-19
9282.97643214674  4.106870E-18
9285.81590347148  -9.983878E-18
9288.65537479621  7.755410E-18
9291.49484612095  -1.435478E-17
9294.33431744569  1.284670E-17
9297.17378877043  4.848609E-18
9300.01326009517  7.539955E-18
9302.8527314199  -1.306151E-17
9305.69220274464  2.138704E-18
9308.53167406938  3.116099E-18
9311.37114539412  3.938739E-18
9314.21061671886  9.774206E-18
9317.05008804359  -6.055300E-18
9319.88955936833  1.081127E-17
9322.72903069307  6.768656E-18
9325.56850201781  -1.248094E-18
9328.40797334255  -4.862796E-18
9331.24744466728  4.506613E-18
9334.08691599202  6.460573E-18
9336.92638731676  2.474961E-18
9339.7658586415  3.700439E-18
9342.60532996624  -2.026753E-18
9345.44480129097  1.369049E-18
9348.28427261571  4.617177E-18
9351.12374394045  9.666039E-19
9353.96321526519  1.111199E-17
9356.80268658993  -6.345592E-18
9359.64215791466  -1.686852E-17
9362.4816292394  3.367299E-18
9365.32110056414  1.135141E-18
9368.16057188888  -3.377004E-18
9371.00004321361  -5.451639E-18
9373.83951453835  -1.987506E-18
9376.67898586309  -2.537517E-18
9379.51845718783  4.643674E-18
9382.35792851257  -9.009753E-18
9385.1973998373  1.948792E-18
9388.03687116204  4.780631E-18
9390.87634248678  4.370209E-18
9393.71581381152  1.291404E-18
9396.55528513626  -2.275797E-18
9399.394756461  -1.978511E-19
9402.23422778573  -4.479827E-19
9405.07369911047  2.346749E-18
9407.91317043521  4.195807E-18
9410.75264175995  -2.419061E-19
9413.59211308469  -1.692709E-18
9416.43158440942  1.355761E-18
9419.27105573416  -4.343604E-18
9422.1105270589  2.457427E-18
9424.94999838364  9.909414E-18
9427.78946970838  5.326269E-19
9430.62894103311  -1.895530E-18
9433.46841235785  3.601640E-19
9436.30788368259  2.505092E-18
9439.14735500733  6.200403E-19
9441.98682633206  -1.869769E-18
9444.8262976568  -1.537241E-18
9447.66576898154  3.346178E-18
9450.50524030628  4.363669E-18
9453.34471163102  1.927844E-18
9456.18418295576  4.997346E-18
9459.02365428049  -7.562600E-18
9461.86312560523  -4.074666E-18
9464.70259692997  -5.117633E-18
9467.54206825471  3.106726E-19
9470.38153957945  9.868346E-19
9473.22101090418  2.478436E-19
9476.06048222892  1.053351E-20
9478.89995355366  2.700342E-19
9481.7394248784  -3.457562E-19
9484.57889620314  -1.270032E-18
9487.41836752787  3.109458E-18
9490.25783885261  5.407823E-19
9493.09731017735  9.008591E-19
9495.93678150209  -3.028556E-18
9498.77625282683  2.571767E-18
9501.61572415156  4.497122E-19
9504.4551954763  -2.819585E-18
9507.29466680104  2.254323E-18
9510.13413812578  3.039951E-19
9512.97360945052  -2.616498E-20
9515.81308077526  -1.210072E-18
9518.65255209999  1.143548E-18
9521.49202342473  1.267334E-18
9524.33149474947  3.930244E-18
9527.17096607421  3.036835E-18
9530.01043739895  -4.153726E-18
9532.84990872368  8.247775E-19
9535.68938004842  2.770526E-19
9538.52885137316  1.147563E-18
9541.36832269789  -6.138235E-19
9544.20779402263  1.767564E-18
9547.04726534737  9.288249E-19
9549.88673667211  -3.581794E-18
9552.72620799685  1.964237E-18
9555.56567932158  -4.034957E-20
9558.40515064632  1.552718E-18
9561.24462197106  3.390130E-18
9564.0840932958  1.460096E-18
9566.92356462053  1.386094E-18
9569.76303594528  2.204833E-18
9572.60250727001  5.691490E-19
9575.44197859475  2.196502E-18
9578.28144991949  3.483777E-18
9581.12092124423  8.009096E-19
9583.96039256897  6.507104E-19
9586.7998638937  1.002855E-18
9589.63933521844  4.045745E-19
9592.47880654318  3.400709E-19
9595.31827786792  8.265203E-19
9598.15774919266  -3.883203E-19
9600.99722051739  -1.307064E-19
9603.83669184213  1.296140E-18
9606.67616316687  3.204413E-19
9609.51563449161  1.999612E-19
9612.35510581635  8.307607E-19
9615.19457714108  1.995463E-18
9618.03404846582  8.704675E-19
9620.87351979056  1.357511E-18
9623.7129911153  1.392516E-18
9626.55246244004  -1.481418E-19
9629.39193376477  -1.192479E-19
9632.23140508951  -1.058538E-18
9635.07087641425  1.025506E-18
9637.91034773899  1.354837E-18
9640.74981906373  6.783134E-19
9643.58929038846  4.810907E-19
9646.4287617132  1.648396E-19
9649.26823303794  5.091998E-21
9652.10770436268  4.547130E-19
9654.94717568742  1.170800E-18
9657.78664701215  1.039676E-18
9660.62611833689  3.087888E-19
9663.46558966163  -1.031769E-18
9666.30506098637  4.093427E-20
9669.14453231111  2.588443E-19
9671.98400363584  -5.416295E-19
9674.82347496058  2.454810E-19
9677.66294628532  2.841185E-18
9680.50241761006  1.870376E-18
9683.34188893479  -5.264116E-20
9686.18136025953  3.851399E-19
9689.02083158427  -1.366413E-19
9691.86030290901  5.177948E-19
9694.69977423375  1.122386E-18
9697.53924555848  9.460681E-19
9700.37871688322  -1.716974E-18
9703.21818820796  -1.520012E-20
9706.0576595327  1.495760E-18
9708.89713085744  7.820438E-19
9711.73660218218  1.545722E-18
9714.57607350691  1.415026E-18
9717.41554483165  1.903425E-18
9720.25501615639  4.524763E-19
9723.09448748113  1.443619E-18
9725.93395880587  -3.982142E-19
9728.7734301306  1.692586E-18
9731.61290145534  2.331120E-20
9734.45237278008  1.178257E-20
9737.29184410482  3.088693E-19
9740.13131542955  8.539944E-19
9742.97078675429  9.513772E-19
9745.81025807903  1.420300E-18
9748.64972940377  8.903461E-19
9751.48920072851  1.953342E-19
9754.32867205324  1.012489E-18
9757.16814337798  4.957126E-19
9760.00761470272  -3.301009E-20
9762.84708602746  3.744009E-19
9765.6865573522  3.383785E-19
9768.52602867693  7.882352E-19
9771.36550000167  -1.376486E-18
9774.20497132641  -2.738894E-18
9777.04444265115  1.397015E-18
9779.88391397589  4.152344E-19
9782.72338530063  8.071356E-19
9785.56285662536  1.273656E-18
9788.4023279501  2.340246E-18
9791.24179927484  1.351845E-18
9794.08127059958  7.558866E-19
9796.92074192431  3.310230E-18
9799.76021324905  1.147697E-18
9802.59968457379  1.998608E-18
9805.43915589853  4.833468E-19
9808.27862722327  1.482602E-18
9811.118098548  -1.003142E-18
9813.95756987274  1.431716E-18
9816.79704119748  2.340087E-19
9819.63651252222  1.546095E-18
9822.47598384696  7.409549E-19
9825.31545517169  1.704737E-18
9828.15492649643  -2.889450E-19
9830.99439782117  -2.758923E-19
9833.83386914591  8.906156E-19
9836.67334047065  8.791247E-19
9839.51281179538  -1.808708E-20
9842.35228312012  -2.288720E-19
9845.19175444486  3.311832E-19
9848.0312257696  6.500229E-19
9850.87069709434  -3.527606E-19
9853.71016841907  -1.214490E-18
9856.54963974381  1.758857E-19
9859.38911106855  1.338333E-18
9862.22858239329  8.887116E-19
9865.06805371803  2.305816E-18
9867.90752504276  3.229595E-18
9870.7469963675  1.729372E-18
9873.58646769224  1.469343E-18
9876.42593901698  -9.178337E-19
9879.26541034172  1.241641E-18
9882.10488166645  1.190046E-18
