4672.89539864035  4.382797E-14
4675.73200939833  6.043809E-14
4678.56862015631  6.397878E-14
4681.40523091429  7.468386E-14
4684.24184167227  7.381059E-14
4687.07845243025  7.038588E-14
4689.91506318823  7.003336E-14
4692.75167394621  5.967110E-14
4695.58828470419  3.781359E-14
4698.42489546217  5.379242E-14
4701.26150622015  4.571428E-14
4704.09811697813  3.900570E-14
4706.93472773611  4.502737E-14
4709.7713384941  4.353980E-14
4712.60794925208  3.202140E-14
4715.44456001006  4.718614E-14
4718.28117076804  4.611038E-14
4721.11778152602  5.275678E-14
4723.954392284  1.228809E-14
4726.79100304198  3.275896E-14
4729.62761379996  4.452767E-14
4732.46422455794  3.958649E-14
4735.30083531592  2.575653E-14
4738.13744607391  2.531186E-14
4740.97405683188  3.580414E-14
4743.81066758987  2.905874E-14
4746.64727834785  4.381424E-14
4749.48388910583  3.897034E-14
4752.32049986381  2.493393E-14
4755.15711062179  3.717132E-14
4757.99372137977  3.522479E-14
4760.83033213775  3.825931E-14
4763.66694289573  3.195318E-14
4766.50355365371  2.709963E-14
4769.34016441169  3.155087E-14
4772.17677516967  3.654199E-14
4775.01338592766  3.160877E-14
4777.84999668564  3.252981E-14
4780.68660744362  3.460055E-14
4783.5232182016  2.845958E-14
4786.35982895958  2.622768E-14
4789.19643971756  3.023261E-14
4792.03305047554  2.716095E-14
4794.86966123352  2.436051E-14
4797.7062719915  2.603300E-14
4800.54288274948  3.394065E-14
4803.37949350746  2.676128E-14
4806.21610426544  2.265478E-14
4809.05271502342  2.310328E-14
4811.88932578141  2.513567E-14
4814.72593653939  2.436777E-14
4817.56254729737  1.696247E-14
4820.39915805535  1.693164E-14
4823.23576881333  2.512528E-14
4826.07237957131  2.228593E-14
4828.90899032929  2.079616E-14
4831.74560108727  2.229567E-14
4834.58221184525  2.290734E-14
4837.41882260323  2.867898E-14
4840.25543336121  2.273382E-14
4843.0920441192  1.913204E-14
4845.92865487718  1.261461E-14
4848.76526563516  2.036991E-14
4851.60187639314  2.427831E-14
4854.43848715112  2.200908E-14
4857.2750979091  2.277325E-14
4860.11170866708  2.073501E-14
4862.94831942506  1.332737E-14
4865.78493018304  8.482340E-15
4868.62154094102  1.450612E-14
4871.458151699  1.587782E-14
4874.29476245698  1.944128E-14
4877.13137321497  2.080583E-14
4879.96798397295  2.811654E-14
4882.80459473093  1.685573E-14
4885.64120548891  1.353699E-14
4888.47781624689  1.907748E-14
4891.31442700487  1.715640E-14
4894.15103776285  1.415792E-14
4896.98764852083  1.416632E-14
4899.82425927881  1.701628E-14
4902.66087003679  1.689505E-14
4905.49748079477  1.427293E-14
4908.33409155275  1.965459E-14
4911.17070231074  1.466973E-14
4914.00731306872  1.114063E-14
4916.8439238267  1.638553E-14
4919.68053458468  2.266095E-14
4922.51714534266  1.875973E-14
4925.35375610064  1.560133E-14
4928.19036685862  2.392631E-14
4931.0269776166  1.989263E-14
4933.86358837458  1.490944E-14
4936.70019913256  2.267525E-14
4939.53680989054  1.996970E-14
4942.37342064852  2.217790E-14
4945.21003140651  1.426493E-14
4948.04664216449  1.583495E-14
4950.88325292247  2.020989E-14
4953.71986368045  1.958820E-14
4956.55647443843  1.238074E-14
4959.39308519641  1.566695E-14
4962.22969595439  1.325750E-14
4965.06630671237  1.090241E-14
4967.90291747035  1.385995E-14
4970.73952822833  1.490001E-14
4973.57613898631  1.927666E-14
4976.41274974429  1.406572E-14
4979.24936050228  1.531128E-14
4982.08597126026  1.662849E-14
4984.92258201824  1.270931E-14
4987.75919277622  9.303847E-15
4990.5958035342  1.171973E-14
4993.43241429218  1.551101E-14
4996.26902505016  1.443611E-14
4999.10563580814  1.694570E-14
5001.94224656612  1.740359E-14
5004.7788573241  1.260876E-14
5007.61546808208  1.399627E-14
5010.45207884006  1.747840E-14
5013.28868959805  1.674830E-14
5016.12530035603  1.433945E-14
5018.96191111401  1.443071E-14
5021.79852187199  1.394287E-14
5024.63513262997  1.501369E-14
5027.47174338795  1.602019E-14
5030.30835414593  1.240840E-14
5033.14496490391  1.316161E-14
5035.98157566189  1.412164E-14
5038.81818641987  1.558513E-14
5041.65479717785  1.373661E-14
5044.49140793583  1.577375E-14
5047.32801869382  1.797048E-14
5050.1646294518  1.194638E-14
5053.00124020978  9.888153E-15
5055.83785096776  1.428471E-14
5058.67446172574  1.503028E-14
5061.51107248372  1.267795E-14
5064.3476832417  1.356605E-14
5067.18429399968  1.204967E-14
5070.02090475766  1.085319E-14
5072.85751551564  1.541254E-14
5075.69412627362  1.234636E-14
5078.53073703161  1.200579E-14
5081.36734778959  1.248441E-14
5084.20395854757  1.289378E-14
5087.04056930555  1.836474E-14
5089.87718006353  1.456707E-14
5092.71379082151  1.248780E-14
5095.55040157949  1.031182E-14
5098.38701233747  1.169421E-14
5101.22362309545  1.516876E-14
5104.06023385343  1.590290E-14
5106.89684461141  8.788025E-15
5109.73345536939  1.202416E-14
5112.57006612737  1.075810E-14
5115.40667688536  1.380056E-14
5118.24328764334  8.515056E-15
5121.07989840132  9.376292E-15
5123.9165091593  1.460898E-14
5126.75311991728  1.634984E-14
5129.58973067526  1.368139E-14
5132.42634143324  1.380984E-14
5135.26295219122  1.335245E-14
5138.0995629492  1.166947E-14
5140.93617370718  7.130084E-15
5143.77278446516  1.159422E-14
5146.60939522315  9.374379E-15
5149.44600598113  7.522456E-15
5152.28261673911  1.077339E-14
5155.11922749709  2.587108E-14
5157.95583825507  3.893885E-14
5160.79244901305  1.089307E-14
5163.62905977103  1.323548E-14
5166.46567052901  1.300988E-14
5169.30228128699  1.369844E-14
5172.13889204497  1.463903E-14
5174.97550280295  1.529940E-14
5177.81211356093  3.835930E-14
5180.64872431892  4.322850E-14
5183.4853350769  6.244656E-15
5186.32194583488  1.000461E-14
5189.15855659286  5.034779E-15
5191.99516735084  5.443614E-15
5194.83177810882  8.559248E-15
5197.6683888668  8.795649E-15
5200.50499962478  1.093427E-14
5203.34161038276  1.206596E-14
5206.17822114074  1.045918E-14
5209.01483189872  8.642015E-15
5211.8514426567  8.155189E-15
5214.68805341468  7.690769E-15
5217.52466417267  7.556999E-15
5220.36127493065  9.126927E-15
5223.19788568863  8.791018E-15
5226.03449644661  7.952020E-15
5228.87110720459  1.051873E-14
5231.70771796257  1.000608E-14
5234.54432872055  9.164173E-15
5237.38093947853  1.020022E-14
5240.21755023651  1.001903E-14
5243.05416099449  9.930314E-15
5245.89077175247  9.851407E-15
5248.72738251045  1.258463E-14
5251.56399326844  1.377695E-14
5254.40060402642  1.130985E-14
5257.2372147844  1.261475E-14
5260.07382554238  1.162281E-14
5262.91043630036  1.154518E-14
5265.74704705834  1.565202E-14
5268.58365781632  1.703497E-14
5271.4202685743  1.589400E-14
5274.25687933228  1.597553E-14
5277.09349009026  1.842623E-14
5279.93010084824  2.007932E-14
5282.76671160623  2.147288E-14
5285.60332236421  2.224937E-14
5288.43993312219  2.478904E-14
5291.27654388017  7.598516E-14
5294.11315463815  3.909522E-14
5296.94976539613  9.869824E-15
5299.78637615411  8.703723E-15
5302.62298691209  7.908324E-15
5305.45959767007  8.313211E-15
5308.29620842805  8.295327E-15
5311.13281918603  9.084317E-15
5313.96942994401  8.548667E-15
5316.806040702  8.578126E-15
5319.64265145998  6.999963E-15
5322.47926221796  7.115335E-15
5325.31587297594  8.149680E-15
5328.15248373392  4.978830E-15
5330.9890944919  8.317230E-15
5333.82570524988  6.270071E-15
5336.66231600786  5.000458E-15
5339.49892676584  7.119875E-15
5342.33553752382  7.625855E-15
5345.1721482818  6.877039E-15
5348.00875903978  5.114155E-15
5350.84536979776  6.739668E-15
5353.68198055575  7.140007E-15
5356.51859131373  6.368094E-15
5359.35520207171  7.044989E-15
5362.19181282969  7.710279E-15
5365.02842358767  7.234408E-15
5367.86503434565  7.878958E-15
5370.70164510363  7.969775E-15
5373.53825586161  8.214504E-15
5376.37486661959  7.768531E-15
5379.21147737757  6.155642E-15
5382.04808813555  5.683734E-15
5384.88469889354  7.254542E-15
5387.72130965152  6.318715E-15
5390.5579204095  5.678109E-15
5393.39453116748  6.373353E-15
5396.23114192546  7.376597E-15
5399.06775268344  5.604403E-15
5401.90436344142  7.519733E-15
5404.7409741994  6.115009E-15
5407.57758495738  5.799661E-15
5410.41419571536  8.711291E-15
5413.25080647334  8.218214E-15
5416.08741723132  8.136320E-15
5418.9240279893  6.481738E-15
5421.76063874729  5.909561E-15
5424.59724950527  6.830283E-15
5427.43386026325  6.998312E-15
5430.27047102123  5.855163E-15
5433.10708177921  7.186353E-15
5435.94369253719  8.171761E-15
5438.78030329517  7.623201E-15
5441.61691405315  6.902062E-15
5444.45352481113  6.390944E-15
5447.29013556911  5.569605E-15
5450.12674632709  5.408712E-15
5452.96335708507  6.420786E-15
5455.79996784306  7.366507E-15
5458.63657860104  6.213779E-15
5461.47318935902  5.314592E-15
5464.309800117  5.823571E-15
5467.14641087498  7.005918E-15
5469.98302163296  5.913920E-15
5472.81963239094  4.426104E-15
5475.65624314892  7.150240E-15
5478.4928539069  7.743900E-15
5481.32946466488  7.715409E-15
5484.16607542287  6.491267E-15
5487.00268618085  5.969368E-15
5489.83929693882  5.707275E-15
5492.67590769681  6.479778E-15
5495.51251845479  6.696933E-15
5498.34912921277  6.683258E-15
5501.18573997075  6.802178E-15
5504.02235072873  5.817554E-15
5506.85896148671  6.368968E-15
5509.69557224469  7.803598E-15
5512.53218300267  6.768846E-15
5515.36879376065  7.193990E-15
5518.20540451863  7.806108E-15
5521.04201527661  8.163060E-15
5523.8786260346  8.344382E-15
5526.71523679258  8.419606E-15
5529.55184755056  9.549699E-15
5532.38845830854  1.040966E-14
5535.22506906652  1.086525E-14
5538.0616798245  1.099193E-14
5540.89829058248  1.126846E-14
5543.73490134046  1.151351E-14
5546.57151209844  1.214328E-14
5549.40812285642  1.388219E-14
5552.2447336144  1.539293E-14
5555.08134437239  1.661972E-14
5557.91795513037  1.918952E-14
5560.75456588835  2.122259E-14
5563.59117664633  1.779243E-14
5566.42778740431  -1.282255E-14
5569.26439816229  -2.395109E-14
5572.10100892027  -2.462302E-14
5574.93761967825  -2.599543E-14
5577.77423043623  -2.799901E-14
5580.61084119421  -2.948439E-14
5583.44745195219  -2.947902E-14
5586.28406271017  -3.536091E-14
5589.12067346815  -3.221758E-14
5591.95728422614  -8.540565E-15
5594.79389498412  2.234831E-15
5597.6305057421  2.820754E-15
5600.46711650008  3.290393E-15
5603.30372725806  3.227148E-15
5606.14033801604  3.940296E-15
5608.97694877402  3.832323E-15
5611.813559532  3.022944E-15
5614.65017028998  3.001235E-15
5617.48678104796  3.229474E-15
5620.32339180594  3.921537E-15
5623.16000256393  2.949705E-15
5625.99661332191  3.876349E-15
5628.83322407989  3.377988E-15
5631.66983483787  2.617445E-15
5634.50644559585  2.584415E-15
5637.34305635383  3.301164E-15
5640.17966711181  4.378195E-15
5643.01627786979  3.694728E-15
5645.85288862777  3.956830E-15
5648.68949938575  4.301230E-15
5651.52611014373  3.381451E-15
5654.36272090171  4.064054E-15
5657.1993316597  4.868917E-15
5660.03594241768  4.406888E-15
5662.87255317566  3.695376E-15
5665.70916393364  4.505217E-15
5668.54577469162  4.353348E-15
5671.3823854496  3.260117E-15
5674.21899620758  2.638055E-15
5677.05560696556  4.217653E-15
5679.89221772354  3.938639E-15
5682.72882848152  1.984747E-15
5685.5654392395  2.908064E-15
5688.40204999748  2.904396E-15
5691.23866075546  2.172858E-15
5694.07527151345  2.308263E-15
5696.91188227143  3.547731E-15
5699.74849302941  3.641687E-15
5702.58510378739  3.073315E-15
5705.42171454537  1.411287E-15
5708.25832530335  3.635100E-15
5711.09493606133  4.407961E-15
5713.93154681931  4.156716E-15
5716.76815757729  3.542892E-15
5719.60476833527  2.900035E-15
5722.44137909326  2.033170E-15
5725.27798985123  4.553407E-15
5728.11460060922  4.850826E-15
5730.9512113672  4.654637E-15
5733.78782212518  3.528292E-15
5736.62443288316  2.815951E-15
5739.46104364114  3.898031E-15
5742.29765439912  3.586112E-15
5745.1342651571  3.580350E-15
5747.97087591508  3.255807E-15
5750.80748667306  2.665017E-15
5753.64409743104  4.495721E-15
5756.48070818902  4.070295E-15
5759.317318947  2.009135E-15
5762.15392970499  3.326799E-15
5764.99054046297  2.963891E-15
5767.82715122095  3.526822E-15
5770.66376197893  3.851455E-15
5773.50037273691  3.660967E-15
5776.33698349489  3.480639E-15
5779.17359425287  3.875835E-15
5782.01020501085  3.877309E-15
5784.84681576883  1.924796E-14
5787.68342652681  2.071609E-14
5790.52003728479  5.713038E-16
5793.35664804278  3.826156E-15
5796.19325880076  2.786845E-15
5799.02986955874  3.374347E-15
5801.86648031672  3.502306E-15
5804.7030910747  3.897678E-15
5807.53970183268  3.266555E-15
5810.37631259066  3.104685E-15
5813.21292334864  3.522311E-15
5816.04953410662  3.369810E-15
5818.8861448646  3.019308E-15
5821.72275562258  3.380856E-15
5824.55936638056  3.575972E-15
5827.39597713854  3.546205E-15
5830.23258789653  3.979297E-15
5833.06919865451  4.382432E-15
5835.90580941249  4.207274E-15
5838.74242017047  3.397126E-15
5841.57903092845  3.363777E-15
5844.41564168643  4.249422E-15
5847.25225244441  4.274843E-15
5850.08886320239  4.401027E-15
5852.92547396037  3.841986E-15
5855.76208471835  4.575829E-15
5858.59869547633  3.804799E-15
5861.43530623432  4.125885E-15
5864.2719169923  4.603079E-15
5867.10852775028  5.186077E-15
5869.94513850826  5.031480E-15
5872.78174926624  5.258943E-15
5875.61836002422  3.815334E-15
5878.4549707822  2.074843E-15
5881.29158154018  2.828086E-16
5884.12819229816  -7.226581E-16
5886.96480305614  -1.948611E-15
5889.80141381412  -2.118229E-15
5892.6380245721  -2.870100E-15
5895.47463533009  -2.602939E-15
5898.31124608807  -3.854171E-15
5901.14785684605  -3.656208E-15
5903.98446760403  -1.428126E-15
5906.82107836201  -3.640524E-16
5909.65768911999  2.179402E-15
5912.49429987797  3.671779E-15
5915.33091063595  3.663834E-15
5918.16752139393  7.146971E-15
5921.00413215191  2.047066E-14
5923.84074290989  2.960647E-14
5926.67735366787  2.396153E-14
5929.51396442585  1.067460E-14
5932.35057518384  6.686567E-15
5935.18718594182  8.027175E-15
5938.0237966998  8.609861E-15
5940.86040745778  6.718294E-16
5943.69701821576  5.333820E-16
5946.53362897374  1.365044E-15
5949.37023973172  2.062033E-15
5952.2068504897  2.085327E-15
5955.04346124768  1.583862E-15
5957.88007200566  1.875384E-15
5960.71668276364  1.884993E-15
5963.55329352163  1.184274E-15
5966.38990427961  1.332203E-15
5969.22651503759  2.086129E-15
5972.06312579557  2.010146E-15
5974.89973655355  1.813736E-15
5977.73634731153  1.573682E-15
5980.57295806951  1.602501E-15
5983.40956882749  1.637531E-15
5986.24617958547  1.858394E-15
5989.08279034345  1.867335E-15
5991.91940110143  1.732608E-15
5994.75601185941  1.924964E-15
5997.5926226174  1.351221E-15
6000.42923337538  1.324134E-15
6003.26584413336  7.743313E-16
6006.10245489134  1.172339E-15
6008.93906564932  2.002482E-15
6011.7756764073  2.074920E-15
6014.61228716528  2.143584E-15
6017.44889792326  1.808309E-15
6020.28550868124  1.928516E-15
6023.12211943922  1.905000E-15
6025.9587301972  1.913354E-15
6028.79534095518  2.195302E-15
6031.63195171317  2.231707E-15
6034.46856247115  2.381143E-15
6037.30517322913  2.138765E-15
6040.14178398711  1.897502E-15
6042.97839474509  1.961707E-15
6045.81500550307  1.943941E-15
6048.65161626105  1.986988E-15
6051.48822701903  2.132670E-15
6054.32483777701  1.949266E-15
6057.16144853499  1.830031E-15
6059.99805929297  1.882904E-15
6062.83467005095  2.124123E-15
6065.67128080894  1.917215E-15
6068.50789156692  1.764407E-15
6071.3445023249  2.284411E-15
6074.18111308288  1.767636E-15
6077.01772384086  1.651004E-15
6079.85433459884  2.093705E-15
6082.69094535682  2.070817E-15
6085.5275561148  2.174121E-15
6088.36416687278  2.416233E-15
6091.20077763076  2.449884E-15
6094.03738838874  2.263184E-15
6096.87399914672  2.122013E-15
6099.71060990471  1.894366E-15
6102.54722066269  2.009710E-15
6105.38383142067  2.121265E-15
6108.22044217865  1.688388E-15
6111.05705293663  1.487756E-15
6113.89366369461  1.678568E-15
6116.73027445259  1.704905E-15
6119.56688521057  1.827421E-15
6122.40349596855  1.933235E-15
6125.24010672653  1.850011E-15
6128.07671748451  1.649365E-15
6130.91332824249  1.660733E-15
6133.74993900048  1.639251E-15
6136.58654975846  1.232547E-15
6139.42316051644  1.452769E-15
6142.25977127442  1.780682E-15
6145.0963820324  1.421618E-15
6147.93299279038  1.310862E-15
6150.76960354836  1.370907E-15
6153.60621430634  1.736284E-15
6156.44282506432  2.117177E-15
6159.2794358223  2.316092E-15
6162.11604658028  2.168423E-15
6164.95265733826  1.916755E-15
6167.78926809624  1.832020E-15
6170.62587885423  1.840585E-15
6173.46248961221  1.922700E-15
6176.29910037019  1.842545E-15
6179.13571112817  1.996752E-15
6181.97232188615  2.316786E-15
6184.80893264413  2.202090E-15
6187.64554340211  1.997419E-15
6190.48215416009  2.024311E-15
6193.31876491807  2.487557E-15
6196.15537567605  2.197856E-15
6198.99198643403  1.759569E-15
6201.82859719202  2.252483E-15
6204.66520795  2.403237E-15
6207.50181870798  2.218278E-15
6210.33842946596  2.041715E-15
6213.17504022394  2.025945E-15
6216.01165098192  2.281338E-15
6218.8482617399  2.495177E-15
6221.68487249788  2.076513E-15
6224.52148325586  1.641075E-15
6227.35809401384  1.458288E-15
6230.19470477182  1.378277E-15
6233.03131552981  1.209138E-15
6235.86792628779  1.755243E-15
6238.70453704577  1.513175E-15
6241.54114780375  1.122823E-15
6244.37775856173  7.569782E-16
6247.21436931971  1.209114E-15
6250.05098007769  1.330561E-15
6252.88759083567  1.409786E-15
6255.72420159365  1.155060E-15
6258.56081235163  1.423147E-15
6261.39742310961  2.051307E-15
6264.23403386759  1.260327E-15
6267.07064462557  1.487536E-15
6269.90725538356  1.846596E-15
6272.74386614154  1.413814E-15
6275.58047689952  1.486954E-15
6278.4170876575  2.211325E-15
6281.25369841548  2.822705E-15
6284.09030917346  2.366666E-15
6286.92691993144  1.314898E-15
6289.76353068942  1.362581E-16
6292.6001414474  -7.556390E-16
6295.43675220538  -1.179897E-15
6298.27336296336  -1.153655E-15
6301.10997372134  -8.538527E-16
6303.94658447932  -1.023930E-15
6306.78319523731  -1.492342E-15
6309.61980599529  -1.887230E-15
6312.45641675327  1.821299E-16
6315.29302751125  4.148146E-16
6318.12963826923  5.404894E-16
6320.96624902721  9.038871E-16
6323.80285978519  1.026341E-15
6326.63947054317  7.105911E-16
6329.47608130115  1.231055E-15
6332.31269205913  1.188062E-15
6335.14930281711  9.542547E-16
6337.9859135751  1.142786E-15
6340.82252433308  1.183096E-15
6343.65913509106  1.188229E-15
6346.49574584904  1.229483E-15
6349.33235660702  9.406917E-16
6352.168967365  8.074309E-16
6355.00557812298  2.467544E-16
6357.84218888096  6.820477E-16
6360.67879963894  5.985813E-16
6363.51541039692  7.244903E-16
6366.3520211549  9.369173E-16
6369.18863191288  7.484823E-16
6372.02524267087  2.588609E-16
6374.86185342885  7.274036E-16
6377.69846418683  1.020461E-15
6380.53507494481  1.049122E-15
6383.37168570279  1.204217E-15
6386.20829646077  1.259104E-15
6389.04490721875  9.997954E-16
6391.88151797673  1.187974E-15
6394.71812873471  1.442451E-15
6397.55473949269  1.109913E-15
6400.39135025067  9.926934E-16
6403.22796100865  1.274498E-15
6406.06457176663  1.209819E-15
6408.90118252462  1.170622E-15
6411.7377932826  1.453012E-15
6414.57440404058  1.493082E-15
6417.41101479856  1.645496E-15
6420.24762555654  1.476806E-15
6423.08423631452  1.344289E-15
6425.9208470725  1.539150E-15
6428.75745783048  1.896666E-15
6431.59406858846  1.836561E-15
6434.43067934644  1.413620E-15
6437.26729010443  1.688663E-15
6440.10390086241  1.915329E-15
6442.94051162039  1.694956E-15
6445.77712237837  1.738394E-15
6448.61373313635  1.844191E-15
6451.45034389433  1.642192E-15
6454.28695465231  1.344442E-15
6457.12356541029  1.235897E-15
6459.96017616827  1.037873E-15
6462.79678692625  7.705025E-16
6465.63339768423  9.909021E-16
6468.47000844221  1.063828E-15
6471.3066192002  1.111514E-15
6474.14322995818  8.981568E-16
6476.97984071616  1.182721E-15
6479.81645147414  1.465356E-15
6482.65306223212  1.213934E-15
6485.4896729901  1.076996E-15
6488.32628374808  1.371935E-15
6491.16289450606  1.285546E-15
6493.99950526404  7.987088E-16
6496.83611602202  9.227082E-16
6499.67272678  8.479545E-16
6502.50933753798  8.920379E-16
6505.34594829597  8.843581E-16
6508.18255905395  7.703443E-16
6511.01916981193  1.330924E-15
6513.85578056991  1.577304E-15
6516.69239132789  1.616737E-15
6519.52900208587  1.205793E-15
6522.36561284385  1.314408E-15
6525.20222360183  1.309533E-15
6528.03883435981  1.642547E-15
6530.87544511779  -6.697330E-16
6533.71205587577  1.168277E-14
6536.54866663375  1.095525E-14
6539.38527739174  1.116169E-15
6542.22188814971  8.834782E-16
6545.0584989077  4.793765E-16
6547.89510966568  2.819898E-16
6550.73172042366  -8.231216E-17
6553.56833118164  -3.564428E-16
6556.40494193962  -1.627566E-17
6559.2415526976  6.709828E-17
6562.07816345558  -1.800814E-16
6564.91477421356  -3.501014E-16
6567.75138497154  -1.102718E-16
6570.58799572952  -4.158414E-16
6573.4246064875  3.727124E-17
6576.26121724549  4.869566E-16
6579.09782800347  2.020544E-16
6581.93443876145  3.900952E-16
6584.77104951943  7.476924E-16
6587.60766027741  5.881947E-16
6590.44427103539  4.720829E-16
6593.28088179337  8.096302E-16
6596.11749255135  9.288951E-16
6598.95410330933  9.128959E-16
6601.79071406731  9.667236E-16
6604.62732482529  9.559248E-16
6607.46393558327  9.240920E-16
6610.30054634126  7.986502E-16
6613.13715709924  1.107233E-15
6615.97376785722  1.231401E-15
6618.8103786152  9.461307E-16
6621.64698937318  1.089498E-15
6624.48360013116  1.186752E-15
6627.32021088914  9.919007E-16
6630.15682164712  1.034174E-15
6632.9934324051  1.117475E-15
6635.83004316308  8.900236E-16
6638.66665392106  9.556506E-16
6641.50326467904  1.073462E-15
6644.33987543702  1.107679E-15
6647.17648619501  1.323198E-15
6650.01309695299  1.035628E-15
6652.84970771097  1.098494E-15
6655.68631846895  1.026347E-15
6658.52292922693  9.640376E-16
6661.35953998491  1.139106E-15
6664.19615074289  8.763217E-16
6667.03276150087  1.074562E-15
6669.86937225885  9.497430E-16
6672.70598301683  1.029535E-15
6675.54259377482  1.341134E-15
6678.37920453279  1.293681E-15
6681.21581529078  1.199802E-15
6684.05242604876  1.364540E-15
6686.88903680674  1.128380E-15
6689.72564756472  1.196177E-15
6692.5622583227  1.105268E-15
6695.39886908068  1.239025E-15
6698.23547983866  1.157541E-15
6701.07209059664  9.325586E-16
6703.90870135462  8.990307E-16
6706.7453121126  9.623472E-16
6709.58192287058  9.620229E-16
6712.41853362857  6.714843E-16
6715.25514438655  9.314138E-16
6718.09175514453  5.999362E-16
6720.92836590251  8.660286E-16
6723.76497666049  8.850801E-16
6726.60158741847  4.245440E-16
6729.43819817645  9.131959E-16
6732.27480893443  9.150736E-16
6735.11141969241  9.138600E-16
6737.94803045039  8.384498E-16
6740.78464120837  1.243990E-15
6743.62125196635  9.527197E-16
6746.45786272434  7.962056E-16
6749.29447348232  7.426162E-16
6752.1310842403  9.220461E-16
6754.96769499828  1.194172E-15
6757.80430575626  9.503868E-16
6760.64091651424  8.707899E-16
6763.47752727222  1.093765E-15
6766.3141380302  1.188503E-15
6769.15074878818  1.037511E-15
6771.98735954616  9.096880E-16
6774.82397030414  1.271039E-15
6777.66058106213  1.202892E-15
6780.49719182011  8.854892E-16
6783.33380257809  1.079539E-15
6786.17041333607  1.111193E-15
6789.00702409405  1.132242E-15
6791.84363485203  1.387500E-15
6794.68024561001  1.090343E-15
6797.51685636799  1.285054E-15
6800.35346712597  1.571769E-15
6803.19007788395  1.487470E-15
6806.02668864193  1.326423E-15
6808.86329939991  1.602630E-15
6811.69991015789  1.482707E-15
6814.53652091588  1.275856E-15
6817.37313167386  6.686673E-16
6820.20974243184  6.810724E-16
6823.04635318982  3.736939E-16
6825.8829639478  4.943369E-16
6828.71957470578  1.980906E-16
6831.55618546376  1.426583E-16
6834.39279622174  3.319044E-16
6837.22940697972  1.497436E-16
6840.0660177377  6.549887E-16
6842.90262849568  7.890147E-16
6845.73923925367  1.387839E-15
6848.57585001165  6.608096E-16
6851.41246076963  4.727038E-16
6854.24907152761  3.411785E-16
6857.08568228559  6.750039E-16
6859.92229304357  3.929088E-16
6862.75890380155  3.313570E-16
6865.59551455953  2.806562E-16
6868.43212531751  3.351283E-16
6871.26873607549  -5.397472E-17
6874.10534683347  8.412150E-16
6876.94195759145  8.945891E-16
6879.77856834943  7.207050E-16
6882.61517910742  8.258986E-16
6885.4517898654  6.613306E-16
6888.28840062338  8.303778E-16
6891.12501138136  8.712848E-16
6893.96162213934  9.596152E-16
6896.79823289732  5.640756E-16
6899.6348436553  9.213801E-16
6902.47145441328  6.201484E-16
6905.30806517126  1.033839E-15
6908.14467592924  3.218234E-16
6910.98128668722  4.472656E-16
6913.8178974452  6.518178E-16
6916.65450820319  8.730145E-16
6919.49111896117  5.688168E-16
6922.32772971915  5.776703E-16
6925.16434047713  5.583302E-16
6928.00095123511  3.405669E-16
6930.83756199309  3.987844E-16
6933.67417275107  7.571486E-16
6936.51078350905  3.775568E-16
6939.34739426703  2.449767E-16
6942.18400502501  3.333345E-16
6945.02061578299  3.363045E-16
6947.85722654097  4.006223E-16
6950.69383729896  5.145962E-16
6953.53044805694  4.684365E-16
6956.36705881492  3.685955E-16
6959.2036695729  7.816244E-16
6962.04028033088  5.323459E-16
6964.87689108886  6.687464E-16
6967.71350184684  5.609013E-16
6970.55011260482  4.841411E-16
6973.3867233628  4.952013E-16
6976.22333412078  2.742155E-16
6979.05994487876  6.770548E-16
6981.89655563674  6.493283E-16
6984.73316639472  5.893476E-16
6987.56977715271  6.117289E-16
6990.40638791069  7.416153E-16
6993.24299866867  7.495787E-16
6996.07960942665  5.580928E-16
6998.91622018463  8.010835E-16
7001.75283094261  5.953637E-16
7004.58944170059  6.838320E-16
7007.42605245857  7.568293E-16
7010.26266321655  2.877083E-16
7013.09927397453  7.994678E-16
7015.93588473251  5.121239E-16
7018.7724954905  6.224527E-16
7021.60910624848  1.113208E-15
7024.44571700646  9.245021E-16
7027.28232776444  7.445161E-16
7030.11893852242  8.307146E-16
7032.9555492804  8.036013E-16
7035.79216003838  6.005487E-16
7038.62877079636  5.883537E-16
7041.46538155434  7.813017E-16
7044.30199231232  7.202952E-16
7047.1386030703  3.822947E-16
7049.97521382829  5.543440E-16
7052.81182458627  6.258243E-16
7055.64843534425  5.068185E-16
7058.48504610223  6.448022E-16
7061.32165686021  5.458333E-16
7064.15826761819  5.414978E-16
7066.99487837617  7.542297E-16
7069.83148913415  7.126673E-16
7072.66809989213  6.471169E-16
7075.50471065011  5.964462E-16
7078.34132140809  6.999805E-16
7081.17793216607  7.834714E-16
7084.01454292405  7.482423E-16
7086.85115368204  7.754087E-16
7089.68776444002  7.431262E-16
7092.524375198  7.514582E-16
7095.36098595598  8.704890E-16
7098.19759671396  8.128666E-16
7101.03420747194  6.990360E-16
7103.87081822992  7.789238E-16
7106.7074289879  9.855140E-16
7109.54403974588  6.705948E-16
7112.38065050386  7.462150E-16
7115.21726126185  7.975199E-16
7118.05387201982  7.444515E-16
7120.89048277781  9.205519E-16
7123.72709353579  8.144820E-16
7126.56370429377  9.124097E-16
7129.40031505175  7.657201E-16
7132.23692580973  7.676655E-16
7135.07353656771  7.188950E-16
7137.91014732569  7.488425E-16
7140.74675808367  7.391852E-16
7143.58336884165  7.115440E-16
7146.41997959963  7.201839E-16
7149.25659035761  6.871948E-16
7152.09320111559  7.882052E-16
7154.92981187358  6.911307E-16
7157.76642263156  7.327454E-16
7160.60303338954  8.078082E-16
7163.43964414752  8.785766E-16
7166.2762549055  8.652274E-16
7169.11286566348  7.926945E-16
7171.94947642146  8.622387E-16
7174.78608717944  8.957385E-16
7177.62269793742  9.293961E-16
7180.4593086954  9.672819E-16
7183.29591945338  8.564155E-16
7186.13253021136  8.649528E-16
7188.96914096935  1.091588E-15
7191.80575172733  1.012270E-15
7194.64236248531  1.135599E-15
7197.47897324329  1.230302E-15
7200.31558400127  1.092624E-15
7203.15219475925  1.143733E-15
7205.98880551723  1.315802E-15
7208.82541627521  1.294934E-15
7211.66202703319  1.495012E-15
7214.49863779117  1.601260E-15
7217.33524854915  1.607372E-15
7220.17185930713  1.509680E-15
7223.00847006512  1.156567E-15
7225.8450808231  7.425973E-16
7228.68169158108  3.043126E-17
7231.51830233906  -2.299188E-17
7234.35491309704  -2.161261E-17
7237.19152385502  -2.724264E-16
7240.028134613  -4.030732E-16
7242.86474537098  -3.819469E-16
7245.70135612896  -3.341025E-16
7248.53796688694  -1.065361E-16
7251.37457764492  5.685836E-16
7254.2111884029  9.858871E-16
7257.04779916088  1.134332E-15
7259.88440991887  1.020245E-16
7262.72102067685  1.801542E-16
7265.55763143483  1.319297E-16
7268.39424219281  -5.720595E-17
7271.23085295079  -1.255944E-16
7274.06746370877  -2.589590E-16
7276.90407446675  -2.461492E-16
7279.74068522473  -4.486993E-16
7282.57729598271  -3.616768E-16
7285.41390674069  5.687357E-17
7288.25051749868  4.239681E-16
7291.08712825666  4.990778E-16
7293.92373901464  8.825398E-16
7296.76034977262  9.728351E-16
7299.5969605306  3.341958E-16
7302.43357128858  2.699163E-16
7305.27018204656  3.243476E-16
7308.10679280454  3.730563E-16
7310.94340356252  1.900755E-16
7313.7800143205  1.480096E-16
7316.61662507848  1.309274E-16
7319.45323583646  4.474496E-17
7322.28984659444  -3.199048E-17
7325.12645735243  -4.946660E-16
7327.96306811041  4.103756E-17
7330.79967886839  -9.646117E-17
7333.63628962637  -1.285680E-16
7336.47290038435  -7.537178E-17
7339.30951114233  1.327555E-16
7342.14612190031  -1.822318E-16
7344.98273265829  -2.370461E-16
7347.81934341627  -2.141093E-16
7350.65595417425  6.192729E-16
7353.49256493223  6.243721E-17
7356.32917569022  7.469416E-17
7359.1657864482  -1.310984E-16
7362.00239720618  -1.076961E-16
7364.83900796416  -1.905652E-17
7367.67561872214  5.105235E-17
7370.51222948012  1.882914E-16
7373.3488402381  1.736869E-16
7376.18545099608  3.537191E-17
7379.02206175406  5.651907E-16
7381.85867251204  6.276917E-16
7384.69528327002  4.130923E-16
7387.531894028  2.484374E-16
7390.36850478599  1.495661E-16
7393.20511554397  2.672177E-16
7396.04172630195  2.632383E-16
7398.87833705993  1.738193E-16
7401.71494781791  3.869186E-16
7404.55155857589  4.341833E-16
7407.38816933387  3.921524E-16
7410.22478009185  5.307963E-16
7413.06139084983  6.413063E-16
7415.89800160781  5.589577E-16
7418.73461236579  6.757107E-16
7421.57122312377  4.993188E-16
7424.40783388175  4.450586E-16
7427.24444463974  5.208195E-16
7430.08105539772  5.389509E-16
7432.9176661557  6.752291E-16
7435.75427691368  5.976195E-16
7438.59088767166  6.297995E-16
7441.42749842964  6.938450E-16
7444.26410918762  6.234760E-16
7447.1007199456  6.499264E-16
7449.93733070358  7.604599E-16
7452.77394146156  7.348229E-16
7455.61055221954  6.680264E-16
7458.44716297753  5.589366E-16
7461.28377373551  5.157568E-16
7464.12038449349  4.231357E-16
7466.95699525147  2.652263E-16
7469.79360600945  3.093891E-16
7472.63021676743  3.114789E-16
7475.46682752541  3.165062E-16
7478.30343828339  2.424542E-16
7481.14004904137  2.595731E-16
7483.97665979935  4.499122E-16
7486.81327055733  4.712634E-16
7489.64988131531  5.999947E-16
7492.4864920733  7.179007E-16
7495.32310283127  7.048341E-16
7498.15971358926  7.306122E-16
7500.99632434724  8.040525E-16
7503.83293510522  7.830330E-16
7506.6695458632  4.826666E-16
7509.50615662118  4.590977E-16
7512.34276737916  3.516684E-16
7515.17937813714  2.271011E-16
7518.01598889512  9.014244E-17
7520.8525996531  8.836578E-17
7523.68921041108  1.259713E-16
7526.52582116906  6.336386E-17
7529.36243192705  6.832128E-17
7532.19904268503  2.592723E-16
7535.03565344301  5.054962E-16
7537.87226420099  4.680317E-16
7540.70887495897  5.401593E-16
7543.54548571695  5.512867E-16
7546.38209647493  6.068138E-16
7549.21870723291  6.588022E-16
7552.05531799089  6.871964E-16
7554.89192874887  4.514329E-16
7557.72853950685  2.995600E-16
7560.56515026483  2.766902E-16
7563.40176102281  3.642492E-16
7566.2383717808  3.144851E-16
7569.07498253878  2.117622E-16
7571.91159329676  2.950785E-16
7574.74820405474  2.191336E-16
7577.58481481272  1.588654E-16
7580.4214255707  3.544393E-16
7583.25803632868  4.410185E-16
7586.09464708666  4.917663E-16
7588.93125784464  4.662711E-16
7591.76786860262  4.129469E-16
7594.6044793606  4.948120E-16
7597.44109011858  6.613527E-16
7600.27770087657  6.469785E-16
7603.11431163455  6.212981E-16
7605.95092239253  6.550936E-16
7608.78753315051  6.727571E-16
7611.62414390849  5.225655E-16
7614.46075466647  5.434729E-16
7617.29736542445  5.043833E-16
7620.13397618243  4.653777E-16
7622.97058694041  4.118476E-16
7625.80719769839  4.292473E-16
7628.64380845638  5.262040E-16
7631.48041921436  5.062741E-16
7634.31702997234  4.983595E-16
7637.15364073032  5.828779E-16
7639.9902514883  6.870899E-16
7642.82686224628  6.753490E-16
7645.66347300426  6.373203E-16
7648.50008376224  6.010501E-16
7651.33669452022  6.011935E-16
7654.1733052782  7.155257E-16
7657.00991603618  7.550896E-16
7659.84652679416  7.414642E-16
7662.68313755215  7.326469E-16
7665.51974831013  8.039528E-16
7668.35635906811  8.502327E-16
7671.19296982609  8.455640E-16
7674.02958058407  9.156245E-16
7676.86619134205  9.793380E-16
7679.70280210003  9.937005E-16
7682.53941285801  9.916950E-16
7685.37602361599  1.068098E-15
7688.21263437397  1.138446E-15
7691.04924513195  1.184832E-15
7693.88585588993  1.030190E-15
7696.72246664791  5.957783E-16
7699.5590774059  1.160274E-16
7702.39568816388  -2.191209E-17
7705.23229892186  -4.911916E-17
7708.06890967984  -1.625201E-16
7710.90552043782  -2.819838E-16
7713.7421311958  -3.010451E-16
7716.57874195378  -3.260173E-16
7719.41535271176  -1.356689E-16
7722.25196346974  2.112745E-16
7725.08857422772  5.972797E-16
7727.92518498571  1.006792E-15
7730.76179574369  7.641577E-16
7733.59840650167  2.788891E-16
7736.43501725965  2.804711E-16
7739.27162801763  1.165604E-16
7742.10823877561  -8.048530E-17
7744.94484953359  -8.655584E-17
7747.78146029157  -9.848563E-17
7750.61807104955  -1.839145E-16
7753.45468180753  -2.800030E-16
7756.29129256551  -2.722047E-16
7759.12790332349  1.934656E-16
7761.96451408147  4.043339E-16
7764.80112483945  3.780758E-16
7767.63773559744  5.868847E-16
7770.47434635542  7.815962E-16
7773.3109571134  7.040984E-16
7776.14756787138  4.281882E-16
7778.98417862936  2.273903E-16
7781.82078938734  2.529703E-16
7784.65740014532  2.444546E-16
7787.4940109033  2.818773E-16
7790.33062166128  2.464565E-16
7793.16723241926  1.079354E-16
7796.00384317724  1.368090E-16
7798.84045393523  2.124275E-16
7801.67706469321  3.042749E-16
7804.51367545119  1.555034E-16
7807.35028620917  3.424251E-17
7810.18689696715  6.027358E-17
7813.02350772513  5.408991E-18
7815.86011848311  7.084306E-17
7818.69672924109  1.839025E-16
7821.53333999907  2.573852E-16
7824.36995075705  2.558711E-16
7827.20656151503  3.074761E-16
7830.04317227301  6.224711E-16
7832.87978303099  7.077536E-16
7835.71639378898  4.035529E-16
7838.55300454696  2.034736E-16
7841.38961530494  -3.578665E-17
7844.22622606292  -1.015370E-16
7847.0628368209  -1.020685E-16
7849.89944757888  -1.239619E-16
7852.73605833686  -1.769927E-16
7855.57266909484  -2.803903E-16
7858.40927985282  -4.169187E-16
7861.2458906108  -1.571093E-16
7864.08250136878  6.090049E-17
7866.91911212676  1.732370E-16
7869.75572288475  1.586631E-16
7872.59233364273  -2.124597E-17
7875.42894440071  -4.133748E-17
7878.26555515869  1.719583E-16
7881.10216591667  3.192658E-16
7883.93877667465  2.951483E-16
7886.77538743263  3.698044E-16
7889.61199819061  5.568108E-16
7892.44860894859  5.739587E-16
7895.28521970657  6.976314E-17
7898.12183046455  3.145749E-17
7900.95844122253  2.235110E-17
7903.79505198052  -1.153499E-16
7906.6316627385  -2.262822E-16
7909.46827349648  -2.882215E-16
7912.30488425446  -4.607364E-16
7915.14149501244  -6.116416E-16
7917.97810577042  -7.428470E-16
7920.8147165284  -3.180053E-16
7923.65132728638  6.758987E-17
7926.48793804436  1.910527E-16
7929.32454880234  2.956957E-16
7932.16115956032  3.354794E-16
7934.9977703183  3.397268E-16
7937.83438107629  4.862181E-16
7940.67099183427  5.643948E-16
7943.50760259225  5.871818E-16
7946.34421335023  3.478630E-16
7949.18082410821  8.058446E-17
7952.01743486619  5.877030E-17
7954.85404562417  1.612386E-16
7957.69065638215  2.275631E-16
7960.52726714013  1.421830E-16
7963.36387789811  6.187238E-17
7966.20048865609  7.683246E-18
7969.03709941408  -1.546926E-16
7971.87371017206  1.767833E-16
7974.71032093004  4.499416E-17
7977.54693168802  -1.128845E-16
7980.383542446  -1.681833E-16
7983.22015320398  -7.355576E-17
7986.05676396196  -7.918785E-17
7988.89337471994  -7.643443E-17
7991.72998547792  2.265232E-17
7994.5665962359  3.837194E-17
7997.40320699388  -1.244102E-16
8000.23981775187  1.591436E-16
8003.07642850984  3.995638E-16
8005.91303926783  3.369650E-16
8008.74965002581  7.442316E-17
8011.58626078379  -2.107622E-17
8014.42287154177  -9.411531E-17
8017.25948229975  -4.513345E-18
8020.09609305773  -6.228086E-17
8022.93270381571  -2.964929E-17
8025.76931457369  -6.233508E-17
8028.60592533167  2.535972E-17
8031.44253608965  9.342848E-17
8034.27914684763  2.383872E-16
8037.11575760561  4.315948E-16
8039.9523683636  3.307208E-16
8042.78897912158  2.004688E-16
8045.62558987956  1.961962E-16
8048.46220063754  2.039702E-16
8051.29881139552  2.030780E-16
8054.1354221535  1.551943E-16
8056.97203291148  1.797131E-16
8059.80864366946  2.266949E-16
8062.64525442744  2.149008E-16
8065.48186518542  1.870569E-16
8068.3184759434  3.143214E-16
8071.15508670139  3.657841E-16
8073.99169745937  3.240696E-16
8076.82830821735  3.334342E-16
8079.66491897533  3.218862E-16
8082.50152973331  2.591218E-16
8085.33814049129  3.696859E-16
8088.17475124927  3.226742E-16
8091.01136200725  2.530839E-16
8093.84797276523  2.558530E-16
8096.68458352321  2.434205E-16
8099.52119428119  3.637478E-16
8102.35780503917  3.082498E-16
8105.19441579716  2.572399E-16
8108.03102655514  3.012979E-16
8110.86763731312  2.999948E-16
8113.7042480711  3.960990E-16
8116.54085882908  3.582146E-16
8119.37746958706  3.948881E-16
8122.21408034504  3.401070E-16
8125.05069110302  3.515117E-16
8127.887301861  3.383630E-16
8130.72391261898  3.010847E-16
8133.56052337696  3.085138E-16
8136.39713413494  3.199382E-16
8139.23374489292  3.065666E-16
8142.0703556509  3.269868E-16
8144.90696640889  3.580823E-16
8147.74357716687  4.037137E-16
8150.58018792485  3.912774E-16
8153.41679868283  4.136254E-16
8156.25340944081  4.329608E-16
8159.09002019879  3.726250E-16
8161.92663095677  4.085381E-16
8164.76324171475  4.231901E-16
8167.59985247273  4.812958E-16
8170.43646323071  4.765512E-16
8173.27307398869  4.947768E-16
8176.10968474667  5.048180E-16
8178.94629550466  8.064875E-16
8181.78290626264  1.800475E-15
8184.61951702062  2.805074E-15
8187.4561277786  1.466171E-15
8190.29273853658  1.033029E-15
8193.12934929456  6.369832E-16
8195.96596005254  4.050076E-16
8198.80257081052  3.925070E-16
8201.6391815685  4.193205E-16
8204.47579232648  4.457039E-16
8207.31240308446  4.697795E-16
8210.14901384245  4.453708E-16
8212.98562460043  4.688775E-16
8215.82223535841  4.851219E-16
8218.65884611639  4.755510E-16
8221.49545687437  4.640373E-16
8224.33206763235  5.095861E-16
8227.16867839033  4.981078E-16
8230.00528914831  5.950595E-16
8232.84189990629  5.654070E-16
8235.67851066427  5.717480E-16
8238.51512142225  5.708705E-16
8241.35173218023  6.159745E-16
8244.18834293822  6.699390E-16
8247.0249536962  7.189359E-16
8249.86156445418  7.534067E-16
8252.69817521216  8.142359E-16
8255.53478597014  8.786667E-16
8258.37139672812  9.044719E-16
8261.2080074861  8.286492E-16
8264.04461824408  6.876085E-16
8266.88122900206  5.944777E-16
8269.71783976004  4.293064E-16
8272.55445051802  2.747148E-16
8275.39106127601  2.609410E-16
8278.22767203399  8.930129E-17
8281.06428279197  -2.632283E-16
8283.90089354995  -4.372193E-16
8286.73750430793  -3.580604E-16
8289.57411506591  -2.629444E-16
8292.41072582389  -1.716570E-16
8295.24733658187  -9.911595E-17
8298.08394733985  2.205898E-17
8300.92055809783  3.128730E-17
8303.75716885581  1.227329E-16
8306.59377961379  4.809329E-16
8309.43039037178  7.463914E-16
8312.26700112976  7.578961E-16
8315.10361188774  8.103855E-16
8317.94022264572  9.207284E-16
8320.7768334037  1.088330E-15
8323.61344416168  8.999836E-16
8326.45005491966  2.576502E-16
8329.28666567764  -3.270249E-17
8332.12327643562  -9.581076E-19
8334.9598871936  -3.007721E-16
8337.79649795158  -4.378441E-16
8340.63310870956  -4.895926E-16
8343.46971946755  -6.348773E-16
8346.30633022553  -8.209836E-16
8349.14294098351  -7.866118E-16
8351.97955174149  -2.498732E-16
8354.81616249947  2.685984E-16
8357.65277325745  3.236195E-16
8360.48938401543  4.756219E-16
8363.32599477341  5.197740E-16
8366.16260553139  4.523177E-16
8368.99921628937  5.297748E-16
8371.83582704735  5.491011E-16
8374.67243780533  7.287983E-16
8377.50904856331  6.060962E-16
8380.3456593213  3.080945E-16
8383.18227007928  -7.668303E-18
8386.01888083726  9.190575E-18
8388.85549159524  6.998000E-17
8391.69210235322  1.920397E-16
8394.5287131112  2.129152E-16
8397.36532386918  3.129414E-17
8400.20193462716  -8.281401E-17
8403.03854538514  3.521866E-17
8405.87515614312  1.923492E-16
8408.7117669011  4.718376E-16
8411.54837765908  -1.380867E-17
8414.38498841707  -3.213951E-16
8417.22159917505  -3.357530E-16
8420.05820993303  -2.824581E-16
8422.89482069101  -2.022826E-16
8425.73143144899  -1.610771E-16
8428.56804220697  -2.693440E-16
8431.40465296495  -4.458244E-16
8434.24126372293  -4.040498E-16
8437.07787448091  -1.242669E-16
8439.91448523889  3.860084E-16
8442.75109599687  3.904654E-16
8445.58770675485  2.883620E-16
8448.42431751284  -1.006456E-16
8451.26092827082  -1.503651E-16
8454.0975390288  -2.167333E-16
8456.93414978678  -1.524239E-16
8459.77076054476  -1.016754E-16
8462.60737130274  -3.452199E-17
8465.44398206072  -1.105424E-16
8468.2805928187  -6.690770E-17
8471.11720357668  3.330316E-17
8473.95381433466  3.884586E-16
8476.79042509264  4.278321E-16
8479.62703585062  4.332166E-16
8482.46364660861  3.477432E-16
8485.30025736659  2.430079E-16
8488.13686812457  1.020036E-16
8490.97347888255  1.170667E-16
8493.81008964053  4.696259E-17
8496.64670039851  4.002590E-17
8499.48331115649  5.687138E-17
8502.31992191447  1.657529E-16
8505.15653267245  1.574437E-16
8507.99314343043  2.157745E-16
8510.82975418841  2.342012E-16
8513.66636494639  4.086110E-16
8516.50297570438  4.321209E-16
8519.33958646236  3.763215E-16
8522.17619722034  3.685476E-16
8525.01280797832  4.256593E-16
8527.8494187363  4.282390E-16
8530.68602949428  3.419486E-16
8533.52264025226  3.603281E-16
8536.35925101024  3.143331E-16
8539.19586176822  2.666464E-16
8542.0324725262  2.554325E-16
8544.86908328418  3.188227E-16
8547.70569404217  3.589380E-16
8550.54230480014  3.189377E-16
8553.37891555813  3.419876E-16
8556.21552631611  3.992228E-16
8559.05213707409  4.391064E-16
8561.88874783207  4.491603E-16
8564.72535859005  4.682681E-16
8567.56196934803  4.917566E-16
8570.39858010601  4.817939E-16
8573.23519086399  5.031512E-16
8576.07180162197  4.907804E-16
8578.90841237995  4.817446E-16
8581.74502313794  5.554186E-16
8584.58163389592  5.251743E-16
8587.4182446539  5.258009E-16
8590.25485541188  5.951003E-16
8593.09146616986  6.074383E-16
8595.92807692784  6.328249E-16
8598.76468768582  6.563148E-16
8601.6012984438  5.796365E-16
8604.43790920178  5.344577E-16
8607.27451995976  5.031118E-16
8610.11113071774  3.949880E-16
8612.94774147573  2.886479E-16
8615.78435223371  1.963370E-16
8618.62096299168  1.320911E-16
8621.45757374967  8.737301E-17
8624.29418450765  6.958845E-17
8627.13079526563  9.403854E-17
8629.96740602361  8.789846E-17
8632.80401678159  7.589644E-17
8635.64062753957  8.599871E-17
8638.47723829755  1.190618E-16
8641.31384905553  1.354098E-16
8644.15045981351  7.671915E-17
8646.98707057149  4.917977E-17
8649.82368132948  3.168961E-18
8652.66029208746  -1.032032E-16
8655.49690284544  -1.577957E-16
8658.33351360342  -1.520474E-16
8661.1701243614  -1.499185E-16
8664.00673511938  -1.073995E-16
8666.84334587736  2.397783E-17
8669.67995663534  6.679933E-17
8672.51656739332  1.389680E-16
8675.3531781513  2.273512E-16
8678.18978890928  2.813216E-16
8681.02639966726  3.024283E-16
8683.86301042525  3.381578E-16
8686.69962118323  3.450727E-16
8689.53623194121  3.608063E-16
8692.37284269919  3.949898E-16
8695.20945345717  4.287942E-16
8698.04606421515  4.461843E-16
8700.88267497313  4.962527E-16
8703.71928573111  4.975278E-16
8706.55589648909  4.914000E-16
8709.39250724707  5.371835E-16
8712.22911800505  5.642104E-16
8715.06572876303  5.873419E-16
8717.90233952101  6.547734E-16
8720.738950279  7.181571E-16
8723.57556103698  6.760103E-16
8726.41217179496  7.053587E-16
8729.24878255294  7.524717E-16
8732.08539331092  8.168423E-16
8734.9220040689  9.250098E-16
8737.75861482688  9.151600E-16
8740.59522558486  8.427717E-16
8743.43183634284  7.016235E-16
8746.26844710082  5.000335E-16
8749.1050578588  2.705195E-16
8751.94166861678  2.478385E-16
8754.77827937477  1.886159E-16
8757.61489013275  -1.396178E-16
8760.45150089073  -3.673793E-16
8763.28811164871  -4.880684E-16
8766.12472240669  -5.310086E-16
8768.96133316467  -3.187489E-16
8771.79794392265  -3.981019E-16
8774.63455468063  -1.080118E-16
8777.47116543861  5.930608E-17
8780.30777619659  8.076127E-17
8783.14438695457  1.690993E-16
8785.98099771256  5.180576E-16
8788.81760847053  6.130596E-16
8791.65421922852  6.963984E-16
8794.4908299865  7.599963E-16
8797.32744074448  8.518458E-16
8800.16405150246  1.004722E-15
8803.00066226044  1.113904E-15
8805.83727301842  1.025798E-15
8808.6738837764  1.017875E-16
8811.51049453438  -4.178244E-17
8814.34710529236  -4.426665E-17
8817.18371605034  -3.209148E-16
8820.02032680832  -4.779686E-16
8822.85693756631  -5.717709E-16
8825.69354832429  -5.703230E-16
8828.53015908227  -6.950378E-16
8831.36676984025  -8.458446E-16
8834.20338059823  -2.595190E-16
8837.03999135621  1.128541E-16
8839.87660211419  2.256258E-16
8842.71321287217  3.770541E-16
8845.54982363015  5.873272E-16
8848.38643438813  5.041557E-16
8851.22304514611  4.618821E-16
8854.0596559041  4.629469E-16
8856.89626666208  5.560558E-16
8859.73287742006  6.560354E-16
8862.56948817804  7.017959E-16
8865.40609893602  4.869028E-16
8868.242709694  1.024239E-16
8871.07932045198  3.899614E-17
8873.91593120996  1.100480E-16
8876.75254196794  1.754513E-16
8879.58915272592  2.566760E-16
8882.4257634839  8.556442E-17
8885.26237424189  -8.584920E-17
8888.09898499986  -1.874718E-16
8890.93559575784  6.399647E-19
8893.77220651583  3.274038E-16
8896.60881727381  6.290276E-16
8899.44542803179  3.471225E-16
8902.28203878977  -1.563830E-17
8905.11864954775  -2.284900E-16
8907.95526030573  -1.711046E-16
8910.79187106371  -5.461529E-17
8913.62848182169  5.197684E-17
8916.46509257967  5.536692E-17
8919.30170333766  1.878668E-17
8922.13831409564  -1.255394E-16
8924.97492485362  -7.904897E-17
8927.8115356116  1.814444E-16
8930.64814636958  4.361832E-16
8933.48475712756  4.945744E-16
8936.32136788554  3.796804E-16
8939.15797864352  2.346579E-16
8941.9945894015  5.355664E-18
8944.83120015948  -5.261751E-17
8947.66781091746  -1.264311E-16
8950.50442167544  2.508926E-17
8953.34103243343  1.269060E-17
8956.1776431914  4.060967E-17
8959.01425394938  -2.157923E-17
8961.85086470737  -5.111255E-17
8964.68747546535  2.686670E-16
8967.52408622333  3.689218E-16
8970.36069698131  4.692263E-16
8973.19730773929  4.148136E-16
8976.03391849727  4.381281E-16
8978.87052925525  4.596112E-16
8981.70714001323  2.788061E-16
8984.54375077121  1.307788E-16
8987.38036152919  1.274681E-16
8990.21697228718  8.057822E-17
8993.05358304516  9.217113E-17
8995.89019380314  1.436275E-16
8998.72680456112  2.063972E-16
9001.5634153191  1.958257E-16
9004.40002607708  1.856647E-16
9007.23663683506  2.720561E-16
9010.07324759304  4.176149E-16
9012.90985835102  4.976376E-16
9015.746469109  4.730894E-16
9018.58307986698  4.443518E-16
9021.41969062496  4.195690E-16
9024.25630138295  4.127171E-16
9027.09291214092  4.279505E-16
9029.92952289891  3.691898E-16
9032.76613365689  3.136600E-16
9035.60274441487  3.203961E-16
9038.43935517285  3.169639E-16
9041.27596593083  3.159617E-16
9044.11257668881  3.040821E-16
9046.94918744679  3.299924E-16
9049.78579820477  3.057462E-16
9052.62240896275  3.078658E-16
9055.45901972073  3.635156E-16
9058.29563047871  4.261339E-16
9061.1322412367  4.774781E-16
9063.96885199468  4.710027E-16
9066.80546275266  4.705126E-16
9069.64207351064  4.820631E-16
9072.47868426862  4.743335E-16
9075.3152950266  4.628352E-16
9078.15190578458  4.570289E-16
9080.98851654256  4.356919E-16
9083.82512730054  4.154149E-16
9086.66173805852  3.981490E-16
9089.4983488165  4.220608E-16
9092.33495957448  4.205348E-16
9095.17157033246  3.823656E-16
9098.00818109045  3.917673E-16
9100.84479184843  4.280171E-16
9103.68140260641  4.467808E-16
9106.51801336439  4.748648E-16
9109.35462412237  4.915892E-16
9112.19123488035  4.729707E-16
9115.02784563833  4.706043E-16
9117.86445639631  4.626347E-16
9120.70106715429  4.711552E-16
9123.53767791228  4.678375E-16
9126.37428867025  4.786725E-16
9129.21089942824  5.207979E-16
9132.04751018622  5.294158E-16
9134.8841209442  4.925969E-16
9137.72073170218  5.283246E-16
9140.55734246016  5.211674E-16
9143.39395321814  4.537124E-16
9146.23056397612  5.259140E-16
9149.0671747341  5.329082E-16
9151.90378549208  4.917378E-16
9154.74039625006  5.163895E-16
9157.57700700804  5.453676E-16
9160.41361776602  5.450722E-16
9163.25022852401  5.277789E-16
9166.08683928199  5.433577E-16
9168.92345003997  6.128332E-16
9171.76006079795  6.591175E-16
9174.59667155593  6.563211E-16
9177.43328231391  6.539025E-16
9180.26989307189  6.649184E-16
9183.10650382987  6.834944E-16
9185.94311458785  7.137898E-16
9188.77972534583  7.424142E-16
9191.61633610382  7.685443E-16
9194.4529468618  7.698010E-16
9197.28955761978  7.615641E-16
9200.12616837776  7.755237E-16
9202.96277913574  7.999032E-16
9205.79938989372  8.181839E-16
9208.6360006517  8.296411E-16
9211.47261140968  8.671451E-16
9214.30922216766  8.746256E-16
9217.14583292564  8.823834E-16
9219.98244368362  9.336305E-16
9222.8190544416  9.597263E-16
9225.65566519958  9.820190E-16
9228.49227595756  1.057619E-15
9231.32888671555  1.113007E-15
9234.16549747353  1.139673E-15
9237.00210823151  1.154560E-15
9239.83871898949  1.180915E-15
9242.67532974747  1.267411E-15
9245.51194050545  1.297974E-15
9248.34855126343  1.327957E-15
9251.18516202141  1.402310E-15
9254.02177277939  1.489994E-15
9256.85838353737  1.559612E-15
9259.69499429536  1.618451E-15
9262.53160505334  1.712299E-15
9265.36821581132  1.788107E-15
9268.2048265693  1.889394E-15
9271.04143732728  1.993920E-15
9273.87804808526  2.056727E-15
9276.71465884324  2.265231E-15
9279.55126960122  2.179747E-15
9282.3878803592  2.320771E-15
9285.22449111718  2.573554E-15
9288.06110187516  2.526734E-15
9290.89771263314  2.399988E-15
9293.73432339112  2.293912E-15
9296.5709341491  2.214295E-15
9299.40754490709  2.242598E-15
9302.24415566507  2.088363E-15
9305.08076642305  1.691538E-15
9307.91737718103  1.737985E-15
9310.75398793901  1.698029E-15
9313.59059869699  1.774567E-15
9316.42720945497  2.093316E-15
9319.26382021295  2.189159E-15
9322.10043097093  2.863642E-15
9324.93704172891  3.081349E-15
9327.77365248689  3.340040E-15
9330.61026324488  3.848162E-15
9333.44687400285  4.581784E-15
9336.28348476084  4.976213E-15
9339.12009551882  5.103969E-15
9341.9567062768  4.969849E-15
9344.79331703478  4.954351E-15
9347.62992779276  4.984791E-15
9350.46653855074  4.875905E-15
9353.30314930872  4.717612E-15
9356.1397600667  4.044153E-15
9358.97637082468  3.130673E-15
9361.81298158266  3.179573E-15
9364.64959234064  3.037050E-15
9367.48620309863  2.889810E-15
9370.32281385661  2.881715E-15
9373.15942461459  2.850120E-15
9375.99603537257  2.737178E-15
9378.83264613055  2.776023E-15
9381.66925688853  2.807882E-15
9384.50586764651  3.279394E-15
9387.34247840449  3.552850E-15
9390.17908916247  3.630097E-15
9393.01569992045  3.766548E-15
9395.85231067843  3.861744E-15
9398.68892143641  3.943282E-15
9401.5255321944  3.902940E-15
9404.36214295238  3.949074E-15
9407.19875371036  4.181929E-15
9410.03536446834  4.393878E-15
9412.87197522632  4.583761E-15
9415.7085859843  4.759899E-15
9418.54519674228  4.867820E-15
9421.38180750026  4.855226E-15
9424.21841825824  5.128990E-15
9427.05502901622  5.377200E-15
9429.8916397742  5.654067E-15
9432.72825053218  6.127801E-15
9435.56486129017  6.512013E-15
9438.40147204815  7.146795E-15
9441.23808280613  8.073423E-15
9444.07469356411  9.327443E-15
9446.91130432209  1.124246E-14
9449.74791508007  1.408106E-14
9452.58452583805  1.944581E-14
9455.42113659603  2.919090E-14
9458.25774735401  3.167055E-14
9461.09435811199  1.746582E-14
9463.93096886997  9.584593E-15
9466.76757962796  1.457411E-14
9469.60419038594  1.019723E-14
9472.44080114391  -1.120891E-15
9475.2774119019  2.624234E-16
9478.11402265988  -6.552231E-17
9480.95063341786  1.133391E-17
9483.78724417584  -1.315411E-17
9486.62385493382  6.316321E-17
9489.4604656918  1.730706E-19
9492.29707644978  2.167442E-17
9495.13368720776  -2.420119E-18
9497.97029796574  1.466852E-17
9500.80690872373  3.461420E-17
9503.64351948171  3.492043E-17
9506.48013023969  3.695541E-17
9509.31674099767  5.747360E-18
9512.15335175565  1.056307E-17
9514.98996251363  2.542920E-17
9517.82657327161  -8.659630E-18
9520.66318402959  2.745875E-17
9523.49979478757  6.645896E-17
9526.33640554555  5.646402E-17
9529.17301630354  -2.239501E-17
9532.00962706151  -1.662302E-17
9534.8462378195  3.636198E-17
9537.68284857748  1.182929E-17
9540.51945933546  -1.216764E-17
9543.35607009344  3.061175E-17
9546.19268085142  -1.372484E-17
9549.0292916094  -2.165472E-17
9551.86590236738  7.914731E-19
9554.70251312536  1.180876E-17
9557.53912388334  2.311550E-17
9560.37573464132  1.315838E-17
9563.2123453993  -2.056112E-17
9566.04895615728  3.136355E-18
9568.88556691527  -1.286858E-17
9571.72217767325  -1.147610E-17
9574.55878843123  5.636525E-17
9577.39539918921  1.312982E-17
9580.23200994719  1.189748E-17
9583.06862070517  8.594603E-18
9585.90523146315  5.308827E-19
9588.74184222113  -3.150326E-18
9591.57845297911  2.736955E-20
9594.41506373709  7.185996E-18
9597.25167449507  3.979763E-18
9600.08828525306  1.824520E-17
9602.92489601103  1.699872E-17
9605.76150676902  1.236440E-17
9608.598117527  2.537023E-18
9611.43472828498  -4.747720E-18
9614.27133904296  -3.154434E-18
9617.10794980094  -4.540746E-18
9619.94456055892  7.286708E-18
9622.7811713169  -1.375963E-17
9625.61778207488  6.150732E-18
9628.45439283286  9.607323E-18
9631.29100359084  1.679699E-17
9634.12761434882  8.190565E-18
9636.96422510681  8.171297E-18
9639.80083586479  1.664290E-17
9642.63744662277  9.602038E-18
9645.47405738075  6.368957E-18
9648.31066813873  -1.871505E-17
9651.14727889671  -3.025805E-18
9653.98388965469  2.373663E-17
9656.82050041267  5.945423E-18
9659.65711117065  -3.399101E-18
9662.49372192863  -3.632480E-18
9665.33033268661  2.680019E-18
9668.16694344459  -3.990762E-18
9671.00355420257  -1.601839E-17
9673.84016496056  2.013117E-17
9676.67677571854  2.904318E-17
9679.51338647652  -4.927922E-18
9682.3499972345  8.463914E-18
9685.18660799248  2.202759E-17
9688.02321875046  8.276297E-18
9690.85982950844  1.216979E-17
9693.69644026642  2.018040E-18
9696.5330510244  3.875671E-18
9699.36966178238  7.350568E-18
9702.20627254036  -8.911472E-18
9705.04288329834  3.892723E-18
9707.87949405633  1.779813E-17
9710.71610481431  1.296492E-17
9713.55271557229  1.430106E-17
9716.38932633027  3.500402E-17
9719.22593708825  1.139635E-17
9722.06254784623  6.292005E-18
9724.89915860421  2.780395E-17
9727.73576936219  1.465075E-17
9730.57238012017  1.554384E-17
9733.40899087815  1.555187E-17
9736.24560163613  1.890396E-17
9739.08221239412  7.582364E-18
9741.91882315209  1.220898E-17
9744.75543391008  3.699570E-17
9747.59204466806  1.731090E-17
9750.42865542604  1.700525E-17
9753.26526618402  1.886656E-17
9756.101876942  7.910925E-18
9758.93848769998  1.095155E-19
9761.77509845796  9.746441E-19
9764.61170921594  2.804757E-18
9767.44831997392  -4.168272E-18
9770.2849307319  -3.843966E-17
9773.12154148989  -4.490916E-17
9775.95815224787  -5.364655E-17
9778.79476300585  -3.749810E-17
9781.63137376383  -1.573478E-17
9784.46798452181  -1.191397E-17
9787.30459527979  -1.772444E-17
9790.14120603777  -1.542509E-17
9792.97781679575  -1.554842E-17
9795.81442755373  -1.348139E-17
9798.65103831171  3.199041E-17
9801.48764906969  4.100642E-17
9804.32425982768  1.988351E-17
9807.16087058566  2.608804E-17
9809.99748134363  1.354652E-17
9812.83409210162  1.754998E-18
9815.6707028596  1.420390E-17
9818.50731361758  1.943032E-17
9821.34392437556  1.862010E-17
9824.18053513354  1.002768E-17
9827.01714589152  -3.434114E-18
9829.8537566495  -5.242229E-18
9832.69036740748  -1.113150E-17
9835.52697816546  -1.310653E-17
9838.36358892345  -1.301479E-17
9841.20019968143  -1.298699E-17
9844.03681043941  -1.295978E-17
