4629.08293090116  -2.582014E-18
4631.9224022259  -2.579973E-18
4634.76187355064  -2.309972E-18
4637.60134487538  1.032168E-18
4640.44081620012  1.292619E-18
4643.28028752486  -1.429305E-18
4646.11975884959  1.650360E-18
4648.95923017433  3.432260E-18
4651.79870149907  -1.384662E-18
4654.63817282381  -2.394215E-18
4657.47764414854  1.274250E-18
4660.31711547328  2.699166E-18
4663.15658679802  -2.219896E-19
4665.99605812276  8.337510E-19
4668.8355294475  1.875174E-18
4671.67500077224  4.815361E-19
4674.51447209697  1.125331E-18
4677.35394342171  1.956383E-18
4680.19341474645  -3.348848E-19
4683.03288607119  5.032698E-19
4685.87235739592  -1.124003E-19
4688.71182872066  3.418944E-19
4691.5513000454  1.877564E-18
4694.39077137014  1.733789E-18
4697.23024269488  6.267330E-19
4700.06971401962  8.331655E-19
4702.90918534435  2.007552E-19
4705.74865666909  -4.583790E-19
4708.58812799383  -3.216871E-19
4711.42759931857  1.083793E-18
4714.2670706433  1.927296E-18
4717.10654196804  1.201566E-18
4719.94601329278  -4.380613E-21
4722.78548461752  -1.124321E-18
4725.62495594226  -4.089779E-19
4728.464427267  5.261899E-20
4731.30389859173  6.236751E-20
4734.14336991647  -4.596956E-19
4736.98284124121  6.820415E-19
4739.82231256595  1.101752E-18
4742.66178389068  1.137493E-19
4745.50125521542  -6.083102E-19
4748.34072654016  -1.366285E-18
4751.1801978649  -1.012673E-19
4754.01966918964  1.186919E-18
4756.85914051437  -4.083725E-18
4759.69861183911  4.154809E-17
4762.53808316385  5.972556E-17
4765.37755448859  3.402302E-17
4768.21702581333  3.288589E-18
4771.05649713806  -6.982941E-19
4773.8959684628  5.699219E-19
4776.73543978754  6.365557E-20
4779.57491111228  2.361665E-19
4782.41438243702  -7.074151E-20
4785.25385376175  4.140774E-19
4788.09332508649  -1.924380E-19
4790.93279641123  1.546900E-19
4793.77226773597  4.207271E-19
4796.61173906071  1.074346E-18
4799.45121038544  -5.151634E-19
4802.29068171018  6.404723E-19
4805.13015303492  2.460884E-19
4807.96962435966  5.278957E-19
4810.8090956844  -5.293551E-19
4813.64856700913  -1.600765E-19
4816.48803833387  5.216474E-19
4819.32750965861  -1.154765E-19
4822.16698098335  1.159238E-19
4825.00645230809  1.480620E-19
4827.84592363282  -4.136611E-19
4830.68539495756  -2.731030E-19
4833.5248662823  1.207102E-19
4836.36433760704  -3.651076E-19
4839.20380893178  1.369167E-19
4842.04328025651  7.407029E-19
4844.88275158125  2.131461E-18
4847.72222290599  1.752620E-18
4850.56169423073  1.865838E-20
4853.40116555547  7.625295E-20
4856.24063688021  1.152842E-19
4859.08010820494  9.330806E-19
4861.91957952968  9.377460E-19
4864.75905085442  6.179260E-19
4867.59852217916  1.142125E-18
4870.43799350389  6.307535E-19
4873.27746482863  -3.479352E-19
4876.11693615337  3.689258E-19
4878.95640747811  2.070611E-19
4881.79587880285  6.119643E-19
4884.63535012758  4.266458E-19
4887.47482145232  1.478250E-20
4890.31429277706  -3.687484E-19
4893.1537641018  -2.675472E-19
4895.99323542654  1.364090E-19
4898.83270675127  6.308568E-19
4901.67217807601  1.469677E-18
4904.51164940075  -1.740549E-19
4907.35112072549  -7.372243E-19
4910.19059205023  4.367226E-19
4913.03006337496  5.679419E-19
4915.8695346997  7.992934E-19
4918.70900602444  1.136974E-18
4921.54847734918  1.834913E-19
4924.38794867392  5.926763E-19
4927.22741999865  5.013978E-19
4930.06689132339  1.016698E-18
4932.90636264813  5.277445E-19
4935.74583397287  -9.609224E-20
4938.58530529761  1.581994E-18
4941.42477662234  -3.656826E-19
4944.26424794708  4.386870E-19
4947.10371927182  5.632757E-19
4949.94319059656  3.761059E-19
4952.7826619213  4.892958E-19
4955.62213324603  2.359483E-19
4958.46160457077  2.914093E-19
4961.30107589551  1.459812E-18
4964.14054722025  1.688187E-18
4966.98001854499  -4.253743E-20
4969.81948986973  5.005708E-19
4972.65896119446  3.896052E-19
4975.4984325192  3.129830E-19
4978.33790384394  4.579964E-19
4981.17737516868  -2.128400E-19
4984.01684649341  9.835944E-19
4986.85631781815  1.134059E-18
4989.69578914289  1.432794E-18
4992.53526046763  1.153755E-18
4995.37473179237  1.157724E-18
4998.2142031171  5.771097E-19
5001.05367444184  6.935606E-19
5003.89314576658  6.962274E-19
5006.73261709132  1.337755E-19
5009.57208841606  2.881644E-19
5012.4115597408  -3.382328E-20
5015.25103106553  5.567129E-19
5018.09050239027  5.522543E-19
5020.92997371501  -7.210473E-19
5023.76944503975  -3.700588E-19
5026.60891636448  1.186214E-18
5029.44838768922  1.912136E-18
5032.28785901396  1.161927E-18
5035.1273303387  7.730223E-19
5037.96680166344  8.757849E-19
5040.80627298817  1.103471E-18
5043.64574431291  8.957754E-19
5046.48521563765  1.050842E-18
5049.32468696239  2.767865E-19
5052.16415828713  2.172816E-19
5055.00362961186  1.484381E-18
5057.8431009366  7.806483E-19
5060.68257226134  7.430426E-19
5063.52204358608  4.708141E-19
5066.36151491082  7.110848E-19
5069.20098623555  1.090825E-18
5072.04045756029  1.432612E-18
5074.87992888503  1.551541E-18
5077.71940020977  1.625514E-18
5080.55887153451  1.114202E-18
5083.39834285924  7.723863E-19
5086.23781418398  1.764032E-18
5089.07728550872  1.835586E-18
5091.91675683346  -5.845486E-19
5094.7562281582  6.812482E-19
5097.59569948293  5.714345E-20
5100.43517080767  8.276525E-19
5103.27464213241  -3.359578E-19
5106.11411345715  -3.197876E-19
5108.95358478189  1.318945E-18
5111.79305610663  -3.635437E-19
5114.63252743136  1.001317E-18
5117.4719987561  2.883101E-19
5120.31147008084  -2.613390E-19
5123.15094140558  9.128869E-19
5125.99041273031  1.331332E-18
5128.82988405505  5.132305E-20
5131.66935537979  8.551547E-19
5134.50882670453  1.452896E-18
5137.34829802927  1.057609E-18
5140.187769354  1.393350E-18
5143.02724067874  1.619645E-18
5145.86671200348  9.454328E-19
5148.70618332822  6.565255E-19
5151.54565465296  1.161888E-18
5154.38512597769  4.075457E-19
5157.22459730243  -3.520451E-19
5160.06406862717  -1.731404E-19
5162.90353995191  6.166109E-19
5165.74301127665  7.341319E-19
5168.58248260139  1.374172E-20
5171.42195392612  4.895635E-19
5174.26142525086  8.439537E-19
5177.1008965756  7.395060E-19
5179.94036790034  6.535135E-19
5182.77983922508  3.289655E-19
5185.61931054981  5.097210E-19
5188.45878187455  7.028890E-19
5191.29825319929  1.494401E-18
5194.13772452403  1.713471E-18
5196.97719584876  8.899509E-19
5199.8166671735  6.546972E-19
5202.65613849824  4.677932E-19
5205.49560982298  1.050073E-18
5208.33508114772  -9.457283E-20
5211.17455247245  -6.114115E-19
5214.01402379719  1.502484E-19
5216.85349512193  1.410421E-19
5219.69296644667  2.224818E-20
5222.53243777141  6.313210E-19
5225.37190909614  6.320323E-19
5228.21138042088  4.774688E-19
5231.05085174562  9.041835E-19
5233.89032307036  7.066643E-19
5236.7297943951  -2.268945E-19
5239.56926571984  -1.352348E-19
5242.40873704457  7.112066E-19
5245.24820836931  1.273062E-18
5248.08767969405  9.830672E-19
5250.92715101879  4.418446E-19
5253.76662234352  4.425154E-19
5256.60609366826  -6.060100E-21
5259.445564993  -4.935226E-19
5262.28503631774  -3.829783E-19
5265.12450764248  1.700248E-19
5267.96397896721  1.281670E-19
5270.80345029195  -1.086073E-19
5273.64292161669  8.177728E-19
5276.48239294143  1.116249E-18
5279.32186426617  9.207283E-19
5282.1613355909  1.094807E-18
5285.00080691564  7.485024E-19
5287.84027824038  5.233441E-19
5290.67974956512  5.760290E-19
5293.51922088986  6.611655E-19
5296.35869221459  2.583831E-19
5299.19816353933  2.420222E-19
5302.03763486407  -4.685474E-19
5304.87710618881  -4.838004E-20
5307.71657751355  9.073726E-19
5310.55604883828  1.772886E-19
5313.39552016302  -3.508618E-19
5316.23499148776  2.893364E-19
5319.0744628125  3.238273E-19
5321.91393413724  1.221530E-18
5324.75340546197  -2.819729E-20
5327.59287678671  8.454589E-19
5330.43234811145  1.088079E-18
5333.27181943619  -3.685414E-19
5336.11129076093  7.707482E-19
5338.95076208566  6.808667E-19
5341.7902334104  1.115726E-18
5344.62970473514  1.310833E-18
5347.46917605988  1.741466E-18
5350.30864738462  1.286922E-19
5353.14811870935  1.305159E-19
5355.98759003409  3.820303E-20
5358.82706135883  1.126461E-18
5361.66653268357  1.272738E-18
5364.50600400831  -1.303203E-19
5367.34547533304  7.590246E-19
5370.18494665778  3.368854E-19
5373.02441798252  1.249450E-19
5375.86388930726  2.188573E-18
5378.703360632  1.934342E-18
5381.54283195673  1.181195E-18
5384.38230328147  1.181219E-18
5387.22177460621  1.095620E-18
5390.06124593095  1.564295E-18
5392.90071725569  1.930131E-18
5395.74018858042  4.603412E-20
5398.57965990516  1.015986E-18
5401.4191312299  4.000615E-19
5404.25860255464  7.122230E-19
5407.09807387938  1.196035E-18
5409.93754520411  1.510573E-18
5412.77701652885  5.963269E-19
5415.61648785359  9.725066E-19
5418.45595917833  2.076950E-19
5421.29543050307  6.222074E-19
5424.1349018278  1.215852E-18
5426.97437315254  1.179281E-18
5429.81384447728  7.265198E-19
5432.65331580202  6.746508E-19
5435.49278712676  1.335579E-18
5438.33225845149  8.641480E-19
5441.17172977623  5.941212E-19
5444.01120110097  4.657089E-19
5446.85067242571  8.492533E-19
5449.69014375045  8.907296E-19
5452.52961507518  1.096259E-18
5455.36908639992  1.522706E-18
5458.20855772466  1.278520E-18
5461.0480290494  6.314677E-19
5463.88750037414  2.813370E-20
5466.72697169887  2.473083E-19
5469.56644302361  1.047973E-18
5472.40591434835  1.388093E-18
5475.24538567309  7.119094E-19
5478.08485699783  7.225689E-19
5480.92432832256  1.265930E-18
5483.7637996473  9.142159E-19
5486.60327097204  5.995109E-19
5489.44274229678  8.063957E-19
5492.28221362152  1.012271E-18
5495.12168494625  9.888598E-19
5497.96115627099  6.229506E-19
5500.80062759573  9.727740E-19
5503.64009892047  1.361733E-18
5506.47957024521  6.711338E-19
5509.31904156994  3.249778E-19
5512.15851289468  1.030181E-18
5514.99798421942  9.268101E-19
5517.83745554416  9.170387E-19
5520.6769268689  2.123833E-18
5523.51639819363  1.936841E-18
5526.35586951837  1.885624E-18
5529.19534084311  1.355663E-18
5532.03481216785  1.342607E-18
5534.87428349259  9.716780E-19
5537.71375481732  1.115408E-18
5540.55322614206  1.318517E-18
5543.3926974668  9.719471E-19
5546.23216879154  1.074701E-18
5549.07164011628  1.511033E-18
5551.91111144101  1.853325E-18
5554.75058276575  1.052411E-18
5557.59005409049  7.039356E-19
5560.42952541523  2.169321E-18
5563.26899673996  -4.924934E-18
5566.1084680647  8.733882E-18
5568.94793938944  -3.204500E-19
5571.78741071418  -2.403350E-18
5574.62688203892  1.814861E-18
5577.46635336365  -2.223285E-19
5580.30582468839  -2.293798E-20
5583.14529601313  1.409696E-18
5585.98476733787  -5.076110E-19
5588.82423866261  4.869667E-18
5591.66370998735  5.041995E-18
5594.50318131208  -7.001357E-18
5597.34265263682  3.324650E-18
5600.18212396156  2.062095E-19
5603.0215952863  3.156398E-19
5605.86106661104  1.709115E-18
5608.70053793577  4.929960E-19
5611.54000926051  1.284250E-18
5614.37948058525  1.472292E-18
5617.21895190999  6.286037E-19
5620.05842323473  1.168161E-18
5622.89789455946  1.625744E-18
5625.7373658842  2.040634E-18
5628.57683720894  1.002469E-18
5631.41630853368  1.205324E-18
5634.25577985842  9.857446E-19
5637.09525118315  2.325139E-18
5639.93472250789  1.204817E-18
5642.77419383263  1.281086E-18
5645.61366515737  1.897372E-18
5648.45313648211  5.924032E-19
5651.29260780684  1.424148E-18
5654.13207913158  4.734166E-19
5656.97155045632  2.853310E-19
5659.81102178106  1.702955E-18
5662.6504931058  1.887629E-18
5665.48996443053  1.107325E-18
5668.32943575527  9.544354E-19
5671.16890708001  1.758026E-18
5674.00837840475  1.105967E-18
5676.84784972949  1.010496E-18
5679.68732105422  1.160351E-18
5682.52679237896  9.975571E-19
5685.3662637037  1.374616E-18
5688.20573502844  1.287921E-18
5691.04520635318  1.972306E-18
5693.88467767791  1.947268E-18
5696.72414900265  4.045366E-19
5699.56362032739  6.567872E-19
5702.40309165213  8.352105E-19
5705.24256297687  6.750362E-19
5708.0820343016  1.470983E-18
5710.92150562634  9.726880E-19
5713.76097695108  9.123008E-19
5716.60044827582  1.703681E-18
5719.43991960056  1.432940E-18
5722.27939092529  1.284121E-18
5725.11886225003  1.008169E-18
5727.95833357477  6.261321E-19
5730.79780489951  1.373211E-18
5733.63727622425  1.110077E-18
5736.47674754898  1.459605E-18
5739.31621887372  2.082582E-18
5742.15569019846  1.145566E-18
5744.9951615232  8.125952E-19
5747.83463284794  1.007642E-18
5750.67410417267  1.505019E-18
5753.51357549741  1.181295E-18
5756.35304682215  1.100994E-18
5759.19251814689  2.416733E-18
5762.03198947163  2.344359E-18
5764.87146079636  1.561654E-18
5767.7109321211  6.922566E-19
5770.55040344584  4.490833E-19
5773.38987477058  9.337077E-19
5776.22934609531  5.844181E-19
5779.06881742005  1.182423E-18
5781.90828874479  1.616501E-18
5784.74776006953  1.054074E-18
5787.58723139427  1.800402E-18
5790.42670271901  1.677059E-18
5793.26617404374  6.967395E-19
5796.10564536848  1.237777E-18
5798.94511669322  1.103781E-18
5801.78458801796  1.346792E-18
5804.6240593427  1.707840E-18
5807.46353066743  1.265771E-18
5810.30300199217  1.646225E-18
5813.14247331691  1.540816E-18
5815.98194464165  1.381317E-18
5818.82141596638  1.895907E-18
5821.66088729112  1.473106E-18
5824.50035861586  1.931831E-18
5827.3398299406  2.761225E-18
5830.17930126534  1.956960E-18
5833.01877259007  1.350141E-18
5835.85824391481  1.841457E-18
5838.69771523955  1.697452E-18
5841.53718656429  1.923041E-18
5844.37665788903  2.119331E-18
5847.21612921377  1.930016E-18
5850.0556005385  1.609137E-18
5852.89507186324  1.253896E-18
5855.73454318798  1.091111E-18
5858.57401451272  1.531497E-18
5861.41348583746  2.227754E-18
5864.25295716219  2.137919E-18
5867.09242848693  1.868123E-18
5869.93189981167  1.531017E-18
5872.77137113641  4.488174E-19
5875.61084246114  1.435460E-18
5878.45031378588  1.141820E-18
5881.28978511062  -2.472270E-19
5884.12925643536  2.631055E-18
5886.9687277601  5.921595E-19
5889.80819908483  1.976230E-18
5892.64767040957  2.145444E-18
5895.48714173431  2.730474E-18
5898.32661305905  1.110076E-18
5901.16608438379  -3.104431E-19
5904.00555570853  8.166053E-19
5906.84502703326  2.458280E-18
5909.684498358  1.384703E-18
5912.52396968274  2.234368E-18
5915.36344100748  1.748965E-18
5918.20291233222  1.391100E-18
5921.04238365695  1.217270E-18
5923.88185498169  1.108061E-18
5926.72132630643  1.512645E-18
5929.56079763117  1.598257E-18
5932.40026895591  2.248527E-18
5935.23974028064  2.399528E-18
5938.07921160538  1.742651E-18
5940.91868293012  1.668811E-18
5943.75815425486  1.514662E-18
5946.59762557959  1.379753E-18
5949.43709690433  1.615335E-18
5952.27656822907  2.149320E-19
5955.11603955381  9.474768E-19
5957.95551087855  1.118923E-18
5960.79498220328  7.147071E-19
5963.63445352802  1.371420E-18
5966.47392485276  2.622409E-18
5969.3133961775  2.976424E-18
5972.15286750224  2.283447E-18
5974.99233882697  1.356742E-18
5977.83181015171  4.968533E-19
5980.67128147645  1.331105E-18
5983.51075280119  7.021947E-19
5986.35022412593  1.789985E-18
5989.18969545066  1.528892E-18
5992.0291667754  1.672549E-18
5994.86863810014  1.784084E-18
5997.70810942488  1.663244E-18
6000.54758074962  1.972009E-18
6003.38705207435  1.289373E-18
6006.22652339909  1.573613E-18
6009.06599472383  2.073946E-18
6011.90546604857  1.842520E-18
6014.74493737331  1.627179E-18
6017.58440869804  2.648599E-18
6020.42388002278  2.254136E-18
6023.26335134752  2.745672E-18
6026.10282267226  2.903147E-18
6028.942293997  2.473264E-18
6031.78176532173  1.021972E-18
6034.62123664647  1.044586E-18
6037.46070797121  1.374851E-18
6040.30017929595  8.131266E-19
6043.13965062069  1.747593E-18
6045.97912194542  2.519480E-18
6048.81859327016  1.271292E-18
6051.6580645949  1.592439E-18
6054.49753591964  5.455972E-19
6057.33700724438  1.461373E-18
6060.17647856911  1.389790E-18
6063.01594989385  1.258178E-18
6065.85542121859  2.659135E-18
6068.69489254333  1.175118E-18
6071.53436386807  1.201986E-18
6074.3738351928  8.953885E-19
6077.21330651754  1.122409E-18
6080.05277784228  7.077501E-19
6082.89224916702  8.856206E-19
6085.73172049176  7.034486E-19
6088.57119181649  7.205553E-19
6091.41066314123  1.168939E-18
6094.25013446597  8.445945E-19
6097.08960579071  -1.744603E-19
6099.92907711545  1.184421E-18
6102.76854844018  1.203425E-18
6105.60801976492  6.773062E-19
6108.44749108966  2.687300E-18
6111.2869624144  1.825443E-18
6114.12643373914  1.435004E-18
6116.96590506387  1.016777E-18
6119.80537638861  2.733816E-18
6122.64484771335  1.867623E-18
6125.48431903809  1.481831E-18
6128.32379036283  1.703051E-18
6131.16326168756  1.738006E-18
6134.0027330123  2.267734E-18
6136.84220433704  1.601086E-18
6139.68167566178  1.650990E-18
6142.52114698652  1.841611E-18
6145.36061831125  1.438156E-18
6148.20008963599  1.575100E-18
6151.03956096073  7.822269E-19
6153.87903228547  1.589673E-18
6156.71850361021  1.284476E-18
6159.55797493494  1.367401E-18
6162.39744625968  1.380099E-18
6165.23691758442  1.945253E-18
6168.07638890916  1.466499E-18
6170.9158602339  2.046748E-18
6173.75533155863  1.206391E-18
6176.59480288337  8.431589E-19
6179.43427420811  1.896323E-18
6182.27374553285  1.632346E-18
6185.11321685759  9.724518E-19
6187.95268818232  1.889778E-18
6190.79215950706  1.760314E-18
6193.6316308318  1.583489E-18
6196.47110215654  2.006967E-18
6199.31057348128  1.251322E-18
6202.15004480601  1.786411E-18
6204.98951613075  1.293457E-18
6207.82898745549  1.381316E-18
6210.66845878023  1.895310E-18
6213.50793010497  1.990679E-18
6216.3474014297  1.574721E-18
6219.18687275444  2.121899E-18
6222.02634407918  1.913133E-18
6224.86581540392  1.533260E-18
6227.70528672866  1.089531E-18
6230.54475805339  6.827027E-19
6233.38422937813  1.838252E-18
6236.22370070287  2.254068E-18
6239.06317202761  1.375748E-18
6241.90264335235  1.365317E-18
6244.74211467708  1.817432E-18
6247.58158600182  1.972998E-18
6250.42105732656  1.852393E-18
6253.2605286513  5.253314E-19
6256.09999997604  1.553527E-18
6258.93947130077  1.957626E-18
6261.77894262551  1.983953E-18
6264.61841395025  1.811468E-18
6267.45788527499  1.059513E-18
6270.29735659973  1.590618E-18
6273.13682792446  1.925791E-18
6275.9762992492  8.518978E-19
6278.81577057394  1.552897E-18
6281.65524189868  1.258594E-18
6284.49471322342  2.011123E-18
6287.33418454815  1.160970E-18
6290.17365587289  2.252090E-19
6293.01312719763  2.276580E-18
6295.85259852237  2.036266E-18
6298.69206984711  1.699537E-18
6301.53154117184  7.002380E-19
6304.37101249658  1.122008E-18
6307.21048382132  1.911941E-18
6310.04995514606  1.366099E-18
6312.8894264708  2.575671E-18
6315.72889779553  2.562233E-18
6318.56836912027  4.661785E-19
6321.40784044501  1.144017E-18
6324.24731176975  1.230721E-18
6327.08678309448  1.251422E-18
6329.92625441922  5.418259E-19
6332.76572574396  1.154214E-18
6335.6051970687  1.846424E-18
6338.44466839344  1.535524E-18
6341.28413971818  2.109544E-18
6344.12361104291  2.023567E-18
6346.96308236765  1.132265E-18
6349.80255369239  1.686101E-18
6352.64202501713  2.646195E-18
6355.48149634187  1.669776E-18
6358.3209676666  1.626168E-18
6361.16043899134  2.298984E-18
6363.99991031608  1.851756E-18
6366.83938164082  1.200961E-18
6369.67885296556  2.012813E-18
6372.51832429029  1.556919E-18
6375.35779561503  6.780125E-19
6378.19726693977  1.731085E-18
6381.03673826451  3.018915E-18
6383.87620958925  2.364721E-18
6386.71568091398  1.409547E-18
6389.55515223872  1.359342E-18
6392.39462356346  1.626347E-18
6395.2340948882  1.286093E-18
6398.07356621294  6.785040E-19
6400.91303753767  1.295226E-18
6403.75250886241  1.926114E-18
6406.59198018715  1.730592E-18
6409.43145151189  1.736549E-18
6412.27092283663  1.753777E-18
6415.11039416136  1.915729E-18
6417.9498654861  1.944936E-18
6420.78933681084  2.315347E-18
6423.62880813558  1.757359E-18
6426.46827946032  1.285640E-18
6429.30775078505  1.408957E-18
6432.14722210979  1.566138E-18
6434.98669343453  1.723120E-18
6437.82616475927  1.351572E-18
6440.66563608401  1.691331E-18
6443.50510740875  1.862149E-18
6446.34457873348  1.279713E-18
6449.18405005822  7.219695E-19
6452.02352138296  8.378092E-19
6454.8629927077  1.618741E-18
6457.70246403243  1.986062E-18
6460.54193535717  1.894385E-18
6463.38140668191  1.726446E-18
6466.22087800665  8.511682E-19
6469.06034933138  7.342195E-19
6471.89982065612  2.020203E-18
6474.73929198086  2.460245E-18
6477.5787633056  3.157223E-18
6480.41823463034  2.084647E-18
6483.25770595507  5.886937E-17
6486.09717727981  6.013786E-17
6488.93664860455  1.427514E-17
6491.77611992929  1.407879E-18
6494.61559125403  1.721772E-18
6497.45506257877  2.641912E-18
6500.2945339035  2.550269E-18
6503.13400522824  2.406686E-18
6505.97347655298  1.560608E-18
6508.81294787772  1.780424E-18
6511.65241920246  2.321669E-18
6514.49189052719  2.305305E-18
6517.33136185193  2.241211E-18
6520.17083317667  2.891679E-18
6523.01030450141  2.383525E-18
6525.84977582614  1.532510E-18
6528.68924715088  1.363660E-18
6531.52871847562  1.728765E-18
6534.36818980036  2.086402E-18
6537.2076611251  1.846219E-18
6540.04713244983  1.067661E-18
6542.88660377457  1.111940E-18
6545.72607509931  7.954369E-19
6548.56554642405  9.024544E-19
6551.40501774879  6.972431E-19
6554.24448907353  2.949401E-19
6557.08396039826  1.105452E-18
6559.923431723  9.805858E-19
6562.76290304774  3.258691E-19
6565.60237437248  8.492505E-19
6568.44184569722  1.033480E-18
6571.28131702195  3.650915E-19
6574.12078834669  9.600234E-19
6576.96025967143  1.771122E-18
6579.79973099617  1.421293E-18
6582.6392023209  1.279317E-18
6585.47867364564  1.309139E-18
6588.31814497038  1.182696E-18
6591.15761629512  1.211659E-18
6593.99708761986  1.991824E-18
6596.83655894459  2.438609E-18
6599.67603026933  1.854809E-18
6602.51550159407  1.809724E-18
6605.35497291881  1.743670E-18
6608.19444424355  2.036776E-18
6611.03391556829  2.131298E-18
6613.87338689302  2.230678E-18
6616.71285821776  2.488040E-18
6619.5523295425  2.329714E-18
6622.39180086724  2.461372E-18
6625.23127219198  1.938869E-18
6628.07074351671  1.815749E-18
6630.91021484145  1.926997E-18
6633.74968616619  2.067947E-18
6636.58915749093  1.450326E-18
6639.42862881567  1.790760E-18
6642.2681001404  1.839218E-18
6645.10757146514  1.951433E-18
6647.94704278988  2.296443E-18
6650.78651411462  2.930535E-18
6653.62598543936  1.887840E-18
6656.46545676409  2.193414E-18
6659.30492808883  -4.640381E-19
6662.14439941357  1.142995E-17
6664.98387073831  2.618911E-17
6667.82334206305  4.663355E-18
6670.66281338778  2.206916E-18
6673.50228471252  2.737462E-18
6676.34175603726  2.308373E-18
6679.181227362  2.109953E-18
6682.02069868674  1.748117E-18
6684.86017001147  2.029943E-18
6687.69964133621  2.302432E-18
6690.53911266095  2.343573E-18
6693.37858398569  1.999119E-18
6696.21805531043  1.649736E-18
6699.05752663516  1.323671E-18
6701.8969979599  1.636338E-18
6704.73646928464  2.119284E-18
6707.57594060938  1.401447E-18
6710.41541193411  1.393774E-18
6713.25488325885  1.898233E-18
6716.09435458359  1.185112E-18
6718.93382590833  8.758305E-19
6721.77329723307  1.427575E-18
6724.61276855781  1.293854E-18
6727.45223988254  2.150531E-18
6730.29171120728  2.114246E-18
6733.13118253202  2.561145E-18
6735.97065385676  1.953456E-18
6738.8101251815  1.411330E-18
6741.64959650623  2.021435E-18
6744.48906783097  1.965908E-18
6747.32853915571  1.926827E-18
6750.16801048045  1.887143E-18
6753.00748180518  1.825082E-18
6755.84695312992  2.424326E-18
6758.68642445466  2.263111E-18
6761.5258957794  1.138713E-18
6764.36536710414  1.113384E-18
6767.20483842887  2.146687E-18
6770.04430975361  2.326693E-18
6772.88378107835  2.197011E-18
6775.72325240309  2.785991E-18
6778.56272372783  2.359166E-18
6781.40219505256  1.818010E-18
6784.2416663773  2.060132E-18
6787.08113770204  1.569802E-18
6789.92060902678  2.314302E-18
6792.76008035152  2.074810E-18
6795.59955167626  1.589875E-18
6798.43902300099  2.376490E-18
6801.27849432573  2.710905E-18
6804.11796565047  2.546913E-18
6806.95743697521  1.373431E-18
6809.79690829994  1.394401E-18
6812.63637962468  2.386238E-18
6815.47585094942  2.310281E-18
6818.31532227416  2.337368E-18
6821.1547935989  1.523901E-18
6823.99426492363  1.965375E-18
6826.83373624837  1.635370E-18
6829.67320757311  2.393513E-18
6832.51267889785  1.280380E-18
6835.35215022259  8.346379E-19
6838.19162154732  2.422239E-18
6841.03109287206  1.485905E-18
6843.8705641968  2.711954E-18
6846.71003552154  1.745931E-18
6849.54950684628  6.725171E-19
6852.38897817101  1.629980E-18
6855.22844949575  2.190287E-18
6858.06792082049  6.001191E-19
6860.90739214523  5.765194E-19
6863.74686346997  1.866340E-18
6866.5863347947  1.650125E-18
6869.42580611944  1.392896E-18
6872.26527744418  2.281853E-18
6875.10474876892  2.071675E-18
6877.94422009366  2.516855E-18
6880.78369141839  2.218942E-18
6883.62316274313  3.078424E-18
6886.46263406787  2.561458E-18
6889.30210539261  1.690236E-18
6892.14157671735  1.364021E-18
6894.98104804208  1.300680E-18
6897.82051936682  2.455186E-18
6900.65999069156  1.116215E-18
6903.4994620163  2.568011E-18
6906.33893334104  2.572383E-18
6909.17840466578  1.061371E-18
6912.01787599051  1.836924E-18
6914.85734731525  1.287901E-18
6917.69681863999  1.764356E-18
6920.53628996473  2.184333E-18
6923.37576128947  1.328226E-18
6926.2152326142  1.780231E-18
6929.05470393894  2.235608E-18
6931.89417526368  2.155011E-18
6934.73364658842  1.774767E-18
6937.57311791316  2.993807E-18
6940.41258923789  1.088221E-18
6943.25206056263  2.250890E-18
6946.09153188737  3.449509E-18
6948.93100321211  2.873326E-18
6951.77047453684  1.521003E-18
6954.60994586158  2.098458E-18
6957.44941718632  2.616481E-18
6960.28888851106  1.659815E-18
6963.1283598358  2.817814E-18
6965.96783116054  1.734729E-18
6968.80730248527  2.082326E-18
6971.64677381001  2.250381E-18
6974.48624513475  1.671404E-18
6977.32571645949  1.471290E-18
6980.16518778423  2.619560E-18
6983.00465910896  3.036275E-18
6985.8441304337  2.070098E-18
6988.68360175844  2.645983E-18
6991.52307308318  3.094577E-18
6994.36254440792  2.118115E-18
6997.20201573265  2.306213E-18
7000.04148705739  1.613114E-18
7002.88095838213  1.747754E-18
7005.72042970687  2.005363E-18
7008.5599010316  2.806098E-18
7011.39937235634  1.889027E-18
7014.23884368108  2.300748E-18
7017.07831500582  2.267710E-18
7019.91778633056  2.286522E-18
7022.75725765529  2.194595E-18
7025.59672898003  2.663168E-18
7028.43620030477  2.386886E-18
7031.27567162951  2.657900E-18
7034.11514295425  2.056231E-18
7036.95461427899  2.065240E-18
7039.79408560372  3.624252E-18
7042.63355692846  2.794148E-18
7045.4730282532  2.252005E-18
7048.31249957794  1.791992E-18
7051.15197090268  2.275389E-18
7053.99144222741  1.560920E-18
7056.83091355215  2.400975E-18
7059.67038487689  2.804240E-18
7062.50985620162  2.543552E-18
7065.34932752636  1.886608E-18
7068.1887988511  1.615631E-18
7071.02827017584  8.093307E-19
7073.86774150058  1.801081E-18
7076.70721282532  2.642549E-18
7079.54668415005  2.298871E-18
7082.38615547479  2.453280E-18
7085.22562679953  1.593874E-18
7088.06509812427  2.376612E-18
7090.90456944901  3.008013E-18
7093.74404077374  2.679488E-18
7096.58351209848  3.295327E-18
7099.42298342322  2.520252E-18
7102.26245474796  2.126437E-18
7105.1019260727  2.805972E-18
7107.94139739743  2.313843E-18
7110.78086872217  2.348081E-18
7113.62034004691  2.788237E-18
7116.45981137165  3.149050E-18
7119.29928269639  1.737482E-18
7122.13875402112  2.727966E-18
7124.97822534586  2.102050E-18
7127.8176966706  1.796320E-18
7130.65716799534  2.829424E-18
7133.49663932008  2.420105E-18
7136.33611064481  2.344635E-18
7139.17558196955  2.213818E-18
7142.01505329429  1.988541E-18
7144.85452461903  2.504498E-18
7147.69399594377  2.462028E-18
7150.5334672685  2.963021E-18
7153.37293859324  3.148881E-18
7156.21240991798  1.960002E-18
7159.05188124272  1.955208E-18
7161.89135256746  1.468720E-18
7164.73082389219  2.422739E-18
7167.57029521693  2.616707E-18
7170.40976654167  1.989040E-18
7173.24923786641  1.853254E-18
7176.08870919115  2.732621E-18
7178.92818051588  2.926396E-18
7181.76765184062  2.359032E-18
7184.60712316536  2.269930E-18
7187.4465944901  2.413179E-18
7190.28606581484  2.672673E-18
7193.12553713957  2.120646E-18
7195.96500846431  2.377736E-18
7198.80447978905  2.432216E-18
7201.64395111379  1.973795E-18
7204.48342243853  1.590997E-18
7207.32289376327  2.499430E-18
7210.162365088  2.106496E-18
7213.00183641274  1.594586E-18
7215.84130773748  2.281836E-18
7218.68077906222  1.979006E-18
7221.52025038695  2.629217E-18
7224.35972171169  1.737988E-18
7227.19919303643  2.859099E-18
7230.03866436117  2.546283E-18
7232.87813568591  3.142093E-18
7235.71760701064  1.916011E-18
7238.55707833538  1.761135E-18
7241.39654966012  1.201976E-18
7244.23602098486  2.343219E-18
7247.0754923096  3.049028E-18
7249.91496363433  4.118756E-18
7252.75443495907  1.226579E-18
7255.59390628381  3.942313E-18
7258.43337760855  2.431978E-18
7261.27284893329  9.032571E-19
7264.11232025803  1.754170E-18
7266.95179158276  1.743470E-18
7269.7912629075  9.281007E-19
7272.63073423224  2.458489E-18
7275.47020555698  2.876062E-18
7278.30967688171  4.024142E-18
7281.14914820645  2.521196E-18
7283.98861953119  -3.838068E-19
7286.82809085593  4.593597E-18
7289.66756218067  2.632472E-18
7292.5070335054  1.216876E-18
7295.34650483014  3.519438E-18
7298.18597615488  2.918902E-18
7301.02544747962  -3.470217E-19
7303.86491880436  1.118063E-18
7306.70439012909  2.466819E-18
7309.54386145383  2.209809E-18
7312.38333277857  1.667856E-18
7315.22280410331  2.929641E-18
7318.06227542805  1.697188E-18
7320.90174675278  1.889176E-18
7323.74121807752  -1.862546E-19
7326.58068940226  3.961521E-18
7329.420160727  1.741771E-18
7332.25963205174  3.269430E-18
7335.09910337647  2.968968E-18
7337.93857470121  1.908287E-18
7340.77804602595  2.616094E-18
7343.61751735069  2.014144E-18
7346.45698867543  2.407177E-18
7349.29646000016  8.841504E-19
7352.1359313249  3.903879E-18
7354.97540264964  1.702234E-18
7357.81487397438  9.827020E-18
7360.65434529912  2.694691E-17
7363.49381662385  2.129933E-17
7366.33328794859  1.207288E-18
7369.17275927333  3.229715E-18
7372.01223059807  3.039344E-18
7374.8517019228  2.662708E-18
7377.69117324754  1.475296E-18
7380.53064457228  4.746895E-18
7383.37011589702  2.567848E-18
7386.20958722176  3.114619E-19
7389.0490585465  2.543768E-18
7391.88852987123  3.295505E-18
7394.72800119597  3.516866E-18
7397.56747252071  2.069643E-18
7400.40694384545  1.533335E-18
7403.24641517019  2.580005E-18
7406.08588649492  1.452050E-18
7408.92535781966  1.662232E-18
7411.7648291444  3.244667E-18
7414.60430046914  1.782262E-18
7417.44377179388  2.233095E-18
7420.28324311861  3.356996E-18
7423.12271444335  1.939245E-18
7425.96218576809  1.370088E-18
7428.80165709283  2.196936E-18
7431.64112841756  2.810908E-18
7434.4805997423  2.518827E-18
7437.32007106704  2.512889E-18
7440.15954239178  2.790149E-18
7442.99901371652  2.760730E-18
7445.83848504126  2.497709E-18
7448.67795636599  2.610358E-18
7451.51742769073  2.664651E-18
7454.35689901547  3.148319E-18
7457.19637034021  2.770751E-18
7460.03584166495  2.781281E-18
7462.87531298968  3.151952E-18
7465.71478431442  3.502540E-18
7468.55425563916  3.018638E-18
7471.3937269639  2.542877E-18
7474.23319828864  2.957403E-18
7477.07266961337  2.630735E-18
7479.91214093811  2.656221E-18
7482.75161226285  3.028078E-18
7485.59108358759  2.569027E-18
7488.43055491232  2.090564E-18
7491.27002623706  2.896100E-18
7494.1094975618  2.830918E-18
7496.94896888654  2.376279E-18
7499.78844021128  2.637274E-18
7502.62791153602  2.751880E-18
7505.46738286075  3.455165E-18
7508.30685418549  1.923671E-18
7511.14632551023  1.952342E-18
7513.98579683497  2.512388E-18
7516.82526815971  3.319955E-18
7519.66473948444  3.479249E-18
7522.50421080918  3.323821E-18
7525.34368213392  2.344263E-18
7528.18315345866  2.500498E-18
7531.0226247834  3.405810E-18
7533.86209610813  2.828411E-18
7536.70156743287  3.350731E-18
7539.54103875761  2.580991E-18
7542.38051008235  3.891345E-18
7545.21998140708  3.776400E-18
7548.05945273182  2.661856E-18
7550.89892405656  1.926574E-18
7553.7383953813  2.649465E-18
7556.57786670604  2.862115E-18
7559.41733803078  3.166790E-18
7562.25680935551  2.290507E-18
7565.09628068025  3.511092E-18
7567.93575200499  2.993882E-18
7570.77522332973  2.293337E-18
7573.61469465447  2.253841E-18
7576.4541659792  1.883033E-18
7579.29363730394  2.325368E-18
7582.13310862868  2.072752E-18
7584.97257995342  1.497943E-18
7587.81205127815  1.717575E-18
7590.65152260289  1.441360E-18
7593.49099392763  1.933428E-18
7596.33046525237  1.739320E-18
7599.16993657711  1.726989E-18
7602.00940790184  2.205979E-18
7604.84887922658  3.092766E-18
7607.68835055132  2.336728E-18
7610.52782187606  2.463156E-18
7613.3672932008  1.156292E-18
7616.20676452554  1.604690E-18
7619.04623585027  7.304024E-19
7621.88570717501  1.371504E-18
7624.72517849975  1.540620E-18
7627.56464982449  1.198080E-18
7630.40412114923  2.578966E-18
7633.24359247396  2.323018E-18
7636.0830637987  3.036737E-18
7638.92253512344  1.871123E-18
7641.76200644818  2.709091E-18
7644.60147777291  2.774826E-18
7647.44094909765  1.818026E-18
7650.28042042239  3.403515E-18
7653.11989174713  3.355894E-18
7655.95936307187  2.632284E-18
7658.7988343966  3.757591E-18
7661.63830572134  2.487119E-18
7664.47777704608  3.166947E-18
7667.31724837082  1.776179E-18
7670.15671969556  2.858262E-18
7672.99619102029  2.877142E-18
7675.83566234503  2.939241E-18
7678.67513366977  2.632278E-18
7681.51460499451  2.252927E-18
7684.35407631925  2.350276E-18
7687.19354764399  1.980706E-18
7690.03301896872  3.416258E-18
7692.87249029346  -7.086204E-19
7695.7119616182  6.034030E-18
7698.55143294294  1.585404E-18
7701.39090426767  3.597449E-18
7704.23037559241  1.483734E-18
7707.06984691715  3.460894E-18
7709.90931824189  3.719490E-18
7712.74878956663  3.364714E-18
7715.58826089136  2.894395E-19
7718.4277322161  5.134724E-18
7721.26720354084  2.603469E-18
7724.10667486558  3.208403E-18
7726.94614619032  -1.644171E-18
7729.78561751505  2.145199E-18
7732.62508883979  4.998669E-18
7735.46456016453  6.235237E-18
7738.30403148927  3.453407E-18
7741.14350281401  1.629065E-18
7743.98297413875  3.595408E-18
7746.82244546348  1.658251E-18
7749.66191678822  3.289099E-18
7752.50138811296  4.805831E-18
7755.3408594377  3.997627E-18
7758.18033076243  9.818449E-18
7761.01980208717  -3.244314E-18
7763.85927341191  6.557475E-18
7766.69874473665  3.368379E-18
7769.53821606139  2.049364E-18
7772.37768738612  2.690475E-18
7775.21715871086  -1.469640E-18
7778.0566300356  6.588228E-18
7780.89610136034  2.970155E-18
7783.73557268508  2.903747E-18
7786.57504400981  6.657894E-18
7789.41451533455  1.908587E-18
7792.25398665929  4.812758E-18
7795.09345798403  2.354308E-18
7797.93292930877  2.788651E-18
7800.7724006335  4.063074E-18
7803.61187195824  -1.650609E-18
7806.45134328298  3.256314E-18
7809.29081460772  2.370513E-18
7812.13028593246  2.385595E-18
7814.96975725719  3.662265E-18
7817.80922858193  3.037294E-18
7820.64869990667  3.168535E-18
7823.48817123141  2.595126E-18
7826.32764255615  2.119011E-18
7829.16711388088  7.250810E-18
7832.00658520562  -2.457415E-19
7834.84605653036  4.951917E-20
7837.6855278551  6.543413E-18
7840.52499917984  2.286858E-18
7843.36447050457  1.932151E-18
7846.20394182931  3.685141E-18
7849.04341315405  3.975484E-18
7851.88288447879  1.463228E-18
7854.72235580353  3.404268E-18
7857.56182712826  2.055617E-18
7860.401298453  4.033700E-18
7863.24076977774  1.249585E-18
7866.08024110248  4.174336E-18
7868.91971242722  4.154340E-18
7871.75918375195  6.638976E-19
7874.59865507669  2.173523E-18
7877.43812640143  2.286063E-18
7880.27759772617  2.626623E-18
7883.11706905091  3.915361E-18
7885.95654037564  4.092697E-18
7888.79601170038  1.904666E-18
7891.63548302512  3.071544E-18
7894.47495434986  -2.589840E-18
7897.3144256746  4.760245E-18
7900.15389699933  1.491996E-18
7902.99336832407  1.705673E-18
7905.83283964881  3.961093E-18
7908.67231097355  3.809735E-18
7911.51178229829  2.933293E-18
7914.35125362302  2.583270E-18
7917.19072494776  1.173604E-18
7920.0301962725  2.054836E-18
7922.86966759724  4.546229E-18
7925.70913892198  2.457950E-18
7928.54861024672  3.533342E-18
7931.38808157145  1.795495E-18
7934.22755289619  1.675982E-18
7937.06702422093  1.228215E-18
7939.90649554567  4.015686E-18
7942.74596687041  3.502688E-18
7945.58543819514  1.321870E-18
7948.42490951988  2.161918E-18
7951.26438084462  3.124076E-18
7954.10385216936  4.685043E-18
7956.9433234941  5.380742E-18
7959.78279481883  3.779291E-18
7962.62226614357  2.515414E-18
7965.46173746831  3.008874E-18
7968.30120879305  2.844546E-18
7971.14068011778  1.374295E-18
7973.98015144252  3.286842E-18
7976.81962276726  1.279038E-18
7979.659094092  1.287988E-18
7982.49856541674  8.352293E-19
7985.33803674147  1.835582E-18
7988.17750806621  3.257353E-18
7991.01697939095  2.664621E-18
7993.85645071569  3.840683E-18
7996.69592204043  1.853248E-18
7999.53539336517  -1.609133E-19
8002.3748646899  5.701449E-18
8005.21433601464  5.123802E-18
8008.05380733938  9.054584E-19
8010.89327866412  2.048794E-18
8013.73274998885  2.493943E-18
8016.57222131359  2.126749E-18
8019.41169263833  2.073659E-18
8022.25116396307  3.586772E-18
8025.09063528781  2.739466E-18
8027.93010661254  1.939308E-18
8030.76957793728  2.660502E-18
8033.60904926202  2.244332E-18
8036.44852058676  3.199609E-18
8039.2879919115  3.823869E-18
8042.12746323623  4.432961E-18
8044.96693456097  2.054329E-18
8047.80640588571  2.426496E-18
8050.64587721045  2.101795E-18
8053.48534853519  2.832761E-18
8056.32481985992  4.051683E-18
8059.16429118466  3.333358E-18
8062.0037625094  3.239092E-18
8064.84323383414  3.449989E-18
8067.68270515888  3.457261E-18
8070.52217648361  3.183226E-18
8073.36164780835  3.645053E-18
8076.20111913309  2.318399E-18
8079.04059045783  3.126325E-18
8081.88006178257  3.071408E-18
8084.7195331073  2.222995E-18
8087.55900443204  2.502736E-18
8090.39847575678  3.067081E-18
8093.23794708152  3.553337E-18
8096.07741840626  3.793916E-18
8098.91688973099  3.817136E-18
8101.75636105573  2.638309E-18
8104.59583238047  2.510783E-18
8107.43530370521  2.986617E-18
8110.27477502995  2.214956E-18
8113.11424635468  3.948877E-18
8115.95371767942  3.192639E-18
8118.79318900416  4.341589E-18
8121.6326603289  3.252833E-18
8124.47213165364  2.960700E-18
8127.31160297837  3.321576E-18
8130.15107430311  3.429137E-18
8132.99054562785  3.228088E-18
8135.83001695259  3.642824E-18
8138.66948827733  3.706569E-18
8141.50895960206  3.049480E-18
8144.3484309268  4.148576E-18
8147.18790225154  3.776834E-18
8150.02737357628  3.278329E-18
8152.86684490102  2.887010E-18
8155.70631622575  2.953680E-18
8158.54578755049  2.933245E-18
8161.38525887523  4.127188E-18
8164.22473019997  3.242129E-18
8167.06420152471  3.023007E-18
8169.90367284944  3.530955E-18
8172.74314417418  3.152869E-18
8175.58261549892  2.074968E-18
8178.42208682366  3.558426E-18
8181.2615581484  3.968876E-18
8184.10102947313  2.935731E-18
8186.94050079787  2.921220E-18
8189.77997212261  3.322022E-18
8192.61944344735  2.746812E-18
8195.45891477209  3.509421E-18
8198.29838609682  3.677567E-18
8201.13785742156  3.855234E-18
8203.9773287463  2.954223E-18
8206.81680007104  2.813131E-18
8209.65627139578  2.446781E-18
8212.49574272052  2.190329E-18
8215.33521404525  3.326391E-18
8218.17468536999  3.395412E-18
8221.01415669473  3.672551E-18
8223.85362801947  3.462220E-18
8226.69309934421  3.877867E-18
8229.53257066894  3.317259E-18
8232.37204199368  3.429460E-18
8235.21151331842  3.904133E-18
8238.05098464316  3.480851E-18
8240.8904559679  3.411568E-18
8243.72992729263  3.781063E-18
8246.56939861737  3.702580E-18
8249.40886994211  2.925444E-18
8252.24834126685  3.419765E-18
8255.08781259158  3.130698E-18
8257.92728391632  3.016329E-18
8260.76675524106  2.151079E-18
8263.6062265658  3.484745E-18
8266.44569789054  3.113923E-18
8269.28516921527  2.880728E-18
8272.12464054001  1.907685E-18
8274.96411186475  5.434521E-18
8277.80358318949  2.865925E-18
8280.64305451423  3.462267E-18
8283.48252583896  3.606584E-18
8286.3219971637  2.404023E-18
8289.16146848844  3.312466E-18
8292.00093981318  2.934223E-18
8294.84041113792  3.933484E-18
8297.67988246265  5.673888E-18
8300.51935378739  3.844119E-18
8303.35882511213  2.729940E-18
8306.19829643687  5.581092E-18
8309.03776776161  4.851959E-18
8311.87723908634  1.806479E-18
8314.71671041108  2.860072E-18
8317.55618173582  4.434607E-18
8320.39565306056  4.152631E-18
8323.2351243853  6.597804E-18
8326.07459571004  5.959120E-19
8328.91406703477  -3.319614E-19
8331.75353835951  3.750554E-18
8334.59300968425  3.293453E-18
8337.43248100899  5.309221E-18
8340.27195233372  4.782483E-18
8343.11142365846  5.244488E-18
8345.9508949832  6.365906E-18
8348.79036630794  1.331416E-18
8351.62983763268  6.467428E-18
8354.46930895741  7.557004E-18
8357.30878028215  -4.116223E-19
8360.14825160689  4.275298E-18
8362.98772293163  3.283023E-18
8365.82719425637  2.634149E-18
8368.6666655811  5.236169E-18
8371.50613690584  5.552494E-18
8374.34560823058  3.894940E-18
8377.18507955532  7.375100E-18
8380.02455088006  1.187394E-18
8382.86402220479  -8.506891E-20
8385.70349352953  4.017335E-18
8388.54296485427  1.170195E-18
8391.38243617901  1.595878E-18
8394.22190750375  4.294085E-18
8397.06137882848  3.773436E-18
8399.90085015322  4.929050E-18
8402.74032147796  8.169282E-18
8405.5797928027  2.104511E-18
8408.41926412744  9.992207E-18
8411.25873545217  1.033148E-18
8414.09820677691  -2.088160E-18
8416.93767810165  8.791347E-19
8419.77714942639  5.830779E-19
8422.61662075112  5.089985E-19
8425.45609207586  1.690287E-18
8428.2955634006  1.838222E-18
8431.13503472534  1.527212E-18
8433.97450605008  1.615142E-18
8436.81397737482  -3.008947E-18
8439.65344869955  1.979000E-18
8442.49292002429  9.023229E-19
8445.33239134903  5.387012E-18
8448.17186267377  6.152843E-18
8451.01133399851  4.719613E-18
8453.85080532324  2.254215E-18
8456.69027664798  3.849636E-18
8459.52974797272  4.896989E-18
8462.36921929746  5.044563E-18
8465.2086906222  6.170088E-18
8468.04816194693  7.648564E-18
8470.88763327167  8.918254E-20
8473.72710459641  3.446144E-18
8476.56657592115  2.696191E-18
8479.40604724588  2.117356E-18
8482.24551857062  4.185600E-19
8485.08498989536  3.132289E-18
8487.9244612201  4.926585E-18
8490.76393254484  3.336659E-18
8493.60340386957  4.344465E-18
8496.44287519431  5.086281E-18
8499.28234651905  4.649324E-18
8502.12181784379  4.610016E-18
8504.96128916853  4.049511E-18
8507.80076049327  3.942287E-18
8510.640231818  2.641203E-18
8513.47970314274  5.435463E-18
8516.31917446748  3.056058E-18
8519.15864579222  3.924948E-18
8521.99811711696  2.530188E-18
8524.83758844169  2.027602E-18
8527.67705976643  2.813094E-18
8530.51653109117  2.560918E-18
8533.35600241591  3.524579E-18
8536.19547374064  2.155322E-18
8539.03494506538  3.906269E-18
8541.87441639012  4.358529E-18
8544.71388771486  3.784530E-18
8547.5533590396  3.786892E-18
8550.39283036433  3.674561E-18
8553.23230168907  3.348871E-18
8556.07177301381  3.602524E-18
8558.91124433855  3.579223E-18
8561.75071566329  3.979785E-18
8564.59018698802  3.794518E-18
8567.42965831277  4.157934E-18
8570.2691296375  3.651279E-18
8573.10860096224  3.602819E-18
8575.94807228698  3.650279E-18
8578.78754361172  4.276689E-18
8581.62701493645  5.287492E-18
8584.46648626119  4.047238E-18
8587.30595758593  3.689920E-18
8590.14542891067  4.032080E-18
8592.9849002354  4.137823E-18
8595.82437156014  5.102108E-18
8598.66384288488  5.839476E-18
8601.50331420962  5.557948E-18
8604.34278553436  5.317313E-18
8607.18225685909  3.346857E-18
8610.02172818383  2.294395E-18
8612.86119950857  2.827964E-18
8615.70067083331  3.437504E-18
8618.54014215805  2.854931E-18
8621.37961348278  2.260353E-18
8624.21908480752  2.932068E-18
8627.05855613226  3.360571E-18
8629.898027457  3.042032E-18
8632.73749878174  2.599398E-18
8635.57697010647  2.467987E-18
8638.41644143121  3.441663E-18
8641.25591275595  4.893597E-18
8644.09538408069  4.640741E-18
8646.93485540543  3.428857E-18
8649.77432673016  2.233559E-18
8652.6137980549  2.989396E-18
8655.45326937964  3.530311E-18
8658.29274070438  4.331047E-18
8661.13221202912  1.845296E-18
8663.97168335385  2.041282E-18
8666.81115467859  5.900753E-18
8669.65062600333  4.491350E-18
8672.49009732807  3.315652E-18
8675.32956865281  3.364812E-18
8678.16903997754  3.319390E-18
8681.00851130228  3.258261E-18
8683.84798262702  2.791300E-18
8686.68745395176  3.824407E-18
8689.5269252765  2.302616E-18
8692.36639660123  3.482334E-18
8695.20586792597  2.999996E-18
8698.04533925071  2.699385E-18
8700.88481057545  2.708871E-18
8703.72428190019  3.458679E-18
8706.56375322492  2.396392E-18
8709.40322454966  3.445941E-18
8712.2426958744  3.794421E-18
8715.08216719914  2.862619E-18
8717.92163852388  3.037897E-18
8720.76110984861  3.693483E-18
8723.60058117335  3.697189E-18
8726.44005249809  4.210095E-18
8729.27952382283  3.637035E-18
8732.11899514757  3.234119E-18
8734.9584664723  3.589099E-18
8737.79793779704  3.649311E-18
8740.63740912178  2.813525E-18
8743.47688044652  8.584186E-18
8746.31635177126  -3.320516E-19
8749.155823096  1.296251E-18
8751.99529442073  3.321768E-18
8754.83476574547  2.203489E-18
8757.67423707021  8.495796E-19
8760.51370839495  7.018434E-18
8763.35317971969  3.131991E-18
8766.19265104442  6.161431E-18
8769.03212236916  2.308307E-18
8771.8715936939  -2.058696E-18
8774.71106501864  8.893713E-18
8777.55053634338  3.476802E-18
8780.39000766811  5.663441E-18
8783.22947899285  5.484044E-18
8786.06895031759  5.060342E-18
8788.90842164232  1.208435E-18
8791.74789296706  2.926837E-18
8794.5873642918  2.154133E-18
8797.42683561654  3.008011E-18
8800.26630694128  3.426468E-18
8803.10577826602  8.734612E-18
8805.94524959075  8.677844E-18
8808.78472091549  -2.368818E-18
8811.62419224023  7.741171E-18
8814.46366356497  7.679503E-18
8817.30313488971  5.613349E-18
8820.14260621444  6.040761E-18
8822.98207753918  4.194819E-18
8825.82154886392  4.996735E-18
8828.66102018866  3.459208E-18
8831.5004915134  1.039265E-18
8834.33996283813  1.604887E-18
8837.17943416287  8.350158E-18
8840.01890548761  2.783260E-18
8842.85837681235  3.244063E-18
8845.69784813709  6.813561E-18
8848.53731946182  5.076488E-18
8851.37679078656  1.772129E-18
8854.2162621113  4.421883E-18
8857.05573343604  4.861718E-19
8859.89520476078  1.803777E-18
8862.73467608551  5.579445E-18
8865.57414741025  5.686668E-18
8868.41361873499  1.567715E-19
8871.25309005973  4.513270E-20
8874.09256138447  -3.331193E-19
8876.9320327092  1.435696E-18
8879.77150403394  4.355828E-18
8882.61097535868  -2.000208E-18
8885.45044668342  7.603231E-18
8888.28991800816  -3.819580E-18
8891.1293893329  7.841396E-18
8893.96886065763  -1.025162E-17
8896.80833198237  5.089991E-18
8899.64780330711  2.913522E-18
8902.48727463185  1.124331E-17
8905.32674595658  4.209931E-18
8908.16621728132  9.048226E-18
8911.00568860606  4.306895E-19
8913.8451599308  7.246294E-18
8916.68463125554  5.778575E-18
8919.52410258027  5.731577E-18
8922.36357390501  2.117632E-18
8925.20304522975  2.204627E-17
8928.04251655449  -8.822834E-18
8930.88198787923  4.455928E-18
8933.72145920396  4.377652E-18
8936.5609305287  -3.096731E-19
8939.40040185344  5.779268E-18
8942.23987317818  3.411221E-18
8945.07934450292  5.570272E-18
8947.91881582765  5.502930E-18
8950.75828715239  6.297410E-18
8953.59775847713  1.229220E-18
8956.43722980187  3.390571E-18
8959.27670112661  1.440050E-18
8962.11617245134  -1.444576E-18
8964.95564377608  6.285095E-18
8967.79511510082  3.864113E-18
8970.63458642556  2.307447E-18
8973.4740577503  4.130313E-18
8976.31352907503  3.050662E-18
8979.15300039977  4.931279E-18
8981.99247172451  1.300049E-18
8984.83194304925  -7.955039E-19
8987.67141437399  1.020100E-18
8990.51088569873  1.261927E-18
8993.35035702346  1.005896E-18
8996.1898283482  3.388186E-18
8999.02929967294  4.109212E-18
9001.86877099767  2.870124E-18
9004.70824232241  2.133539E-18
9007.54771364715  -9.101813E-19
9010.38718497189  5.182583E-18
9013.22665629663  3.484050E-18
9016.06612762137  3.031341E-18
9018.9055989461  4.736631E-18
9021.74507027084  4.179661E-18
9024.58454159558  3.956730E-18
9027.42401292032  4.570649E-18
9030.26348424506  6.545491E-18
9033.10295556979  2.973736E-18
9035.94242689453  3.320575E-18
9038.78189821927  3.529625E-18
9041.62136954401  3.945470E-18
9044.46084086875  3.999247E-18
9047.30031219348  4.834000E-18
9050.13978351822  2.813783E-18
9052.97925484296  3.220946E-18
9055.8187261677  3.076154E-18
9058.65819749244  3.650827E-18
9061.49766881717  2.777004E-18
9064.33714014191  2.973806E-18
9067.17661146665  2.670143E-18
9070.01608279139  3.479937E-18
9072.85555411613  3.968501E-18
9075.69502544086  4.264886E-18
9078.5344967656  4.558999E-18
9081.37396809034  2.801704E-18
9084.21343941508  3.859808E-18
9087.05291073982  3.061432E-18
9089.89238206455  2.010783E-18
9092.73185338929  3.062713E-18
9095.57132471403  3.125253E-18
9098.41079603877  3.374636E-18
9101.25026736351  2.331659E-18
9104.08973868825  2.807893E-18
9106.92921001298  2.059120E-18
9109.76868133772  4.293921E-18
9112.60815266246  3.665884E-18
9115.4476239872  3.770110E-18
9118.28709531193  4.595005E-18
9121.12656663667  3.853532E-18
9123.96603796141  3.394127E-18
9126.80550928615  2.801291E-18
9129.64498061089  4.083945E-18
9132.48445193562  3.756486E-18
9135.32392326036  3.825947E-18
9138.1633945851  4.587306E-18
9141.00286590984  3.685089E-18
9143.84233723458  3.331241E-18
9146.68180855931  3.555269E-18
9149.52127988405  3.086177E-18
9152.36075120879  2.168925E-18
9155.20022253353  2.518567E-18
9158.03969385827  3.831762E-18
9160.879165183  4.227729E-18
9163.71863650774  2.990496E-18
9166.55810783248  2.649452E-18
9169.39757915722  4.728000E-18
9172.23705048196  4.729046E-18
9175.07652180669  3.937982E-18
9177.91599313143  4.244211E-18
9180.75546445617  4.706361E-18
9183.59493578091  3.962714E-18
9186.43440710565  3.660138E-18
9189.27387843038  4.246303E-18
9192.11334975512  4.201472E-18
9194.95282107986  4.465415E-18
9197.7922924046  3.356648E-18
9200.63176372934  3.062189E-18
9203.47123505407  2.835848E-18
9206.31070637881  4.202832E-18
9209.15017770355  3.991066E-18
9211.98964902829  3.121380E-18
9214.82912035303  3.592941E-18
9217.66859167776  3.643060E-18
9220.5080630025  2.832089E-18
9223.34753432724  4.061805E-18
9226.18700565198  4.076484E-18
9229.02647697672  3.598113E-18
9231.86594830145  4.120848E-18
9234.70541962619  4.572800E-18
9237.54489095093  4.253168E-18
9240.38436227567  4.628928E-18
9243.22383360041  4.245963E-18
9246.06330492514  3.303393E-18
9248.90277624988  4.441497E-18
9251.74224757462  5.434470E-18
9254.58171889936  4.146857E-18
9257.4211902241  4.834797E-18
9260.26066154883  5.591148E-18
9263.10013287357  4.743416E-18
9265.93960419831  4.203277E-18
9268.77907552305  4.653486E-18
9271.61854684779  5.545131E-18
9274.45801817253  4.399671E-18
9277.29748949726  3.466665E-18
9280.136960822  4.525622E-18
9282.97643214674  5.731710E-18
9285.81590347148  1.518003E-17
9288.65537479621  3.238539E-18
9291.49484612095  1.516332E-17
9294.33431744569  3.548233E-19
9297.17378877043  -1.489387E-18
9300.01326009517  7.606962E-19
9302.8527314199  5.029021E-18
9305.69220274464  -8.037894E-18
9308.53167406938  -5.849087E-18
9311.37114539412  -8.122990E-18
9314.21061671886  -2.173095E-18
9317.05008804359  8.746705E-18
9319.88955936833  -9.545455E-18
9322.72903069307  -3.187446E-18
9325.56850201781  9.258180E-19
9328.40797334255  -1.452992E-18
9331.24744466728  3.871486E-18
9334.08691599202  2.723934E-18
9336.92638731676  2.320680E-18
9339.7658586415  2.734451E-18
9342.60532996624  4.114392E-18
9345.44480129097  4.713991E-18
9348.28427261571  2.416106E-18
9351.12374394045  3.557034E-18
9353.96321526519  -1.154562E-17
9356.80268658993  -4.301908E-18
9359.64215791466  2.115784E-17
9362.4816292394  -7.247544E-18
9365.32110056414  -5.087443E-19
9368.16057188888  -1.942093E-18
9371.00004321361  -1.651810E-18
9373.83951453835  -5.284613E-18
9376.67898586309  8.808314E-19
9379.51845718783  -2.963209E-18
9382.35792851257  4.617576E-20
9385.1973998373  7.215362E-18
9388.03687116204  -7.227729E-19
9390.87634248678  8.159683E-19
9393.71581381152  3.799253E-19
9396.55528513626  4.099902E-18
9399.394756461  4.119184E-18
9402.23422778573  1.119824E-18
9405.07369911047  3.664386E-18
9407.91317043521  1.026347E-18
9410.75264175995  3.529473E-18
9413.59211308469  4.081543E-18
9416.43158440942  7.241612E-18
9419.27105573416  6.598722E-18
9422.1105270589  -7.844299E-19
9424.94999838364  3.196304E-18
9427.78946970838  4.874159E-18
9430.62894103311  7.409999E-18
9433.46841235785  4.905400E-18
9436.30788368259  6.698011E-18
9439.14735500733  1.203551E-18
9441.98682633206  1.815452E-18
9444.8262976568  1.479671E-18
9447.66576898154  -1.085407E-18
9450.50524030628  3.240618E-18
9453.34471163102  -2.256420E-18
9456.18418295576  -1.487081E-18
9459.02365428049  6.555595E-18
9461.86312560523  2.443713E-18
9464.70259692997  3.946143E-18
9467.54206825471  -1.633646E-18
9470.38153957945  2.537803E-18
9473.22101090418  1.472748E-18
9476.06048222892  1.809389E-18
9478.89995355366  8.447784E-19
9481.7394248784  3.088306E-18
9484.57889620314  6.699032E-18
9487.41836752787  -4.894900E-18
9490.25783885261  5.079241E-18
9493.09731017735  9.347760E-19
9495.93678150209  2.027760E-18
9498.77625282683  1.721853E-18
9501.61572415156  -1.587178E-18
9504.4551954763  2.880741E-18
9507.29466680104  9.323414E-19
9510.13413812578  2.870299E-18
9512.97360945052  7.381022E-19
9515.81308077526  1.145565E-18
9518.65255209999  4.939909E-19
9521.49202342473  1.021018E-18
9524.33149474947  -3.472382E-19
9527.17096607421  1.107788E-18
9530.01043739895  3.032794E-18
9532.84990872368  2.320153E-18
9535.68938004842  -4.651364E-19
9538.52885137316  1.376500E-18
9541.36832269789  1.257478E-18
9544.20779402263  2.760156E-18
9547.04726534737  1.843771E-18
9549.88673667211  6.846567E-19
9552.72620799685  8.663724E-19
9555.56567932158  1.035366E-18
9558.40515064632  1.642281E-18
9561.24462197106  -1.579567E-18
9564.0840932958  6.362240E-19
9566.92356462053  1.193091E-18
9569.76303594528  4.235808E-20
9572.60250727001  1.946421E-18
9575.44197859475  9.714643E-19
9578.28144991949  -1.495683E-19
9581.12092124423  6.395934E-19
9583.96039256897  1.636962E-18
9586.7998638937  1.288371E-18
9589.63933521844  1.698965E-18
9592.47880654318  2.259963E-18
9595.31827786792  5.715450E-19
9598.15774919266  1.209935E-18
9600.99722051739  1.662538E-19
9603.83669184213  2.033474E-18
9606.67616316687  1.317228E-18
9609.51563449161  9.377693E-19
9612.35510581635  1.627182E-18
9615.19457714108  2.928541E-18
9618.03404846582  1.505525E-18
9620.87351979056  1.977356E-18
9623.7129911153  1.508126E-18
9626.55246244004  2.231443E-18
9629.39193376477  4.244677E-17
9632.23140508951  4.138101E-17
9635.07087641425  6.617432E-18
9637.91034773899  1.265280E-18
9640.74981906373  8.900096E-19
9643.58929038846  1.338934E-18
9646.4287617132  1.324843E-18
9649.26823303794  9.793122E-19
9652.10770436268  9.234576E-19
9654.94717568742  4.038517E-19
9657.78664701215  2.060021E-18
9660.62611833689  1.292387E-18
9663.46558966163  1.113514E-18
9666.30506098637  5.941630E-19
9669.14453231111  1.255926E-18
9671.98400363584  8.355260E-19
9674.82347496058  1.867027E-18
9677.66294628532  -1.134220E-18
9680.50241761006  4.348898E-18
9683.34188893479  3.106647E-18
9686.18136025953  2.342227E-18
9689.02083158427  1.484451E-18
9691.86030290901  -1.492228E-18
9694.69977423375  1.675388E-18
9697.53924555848  2.779372E-18
9700.37871688322  -4.008212E-19
9703.21818820796  1.140472E-18
9706.0576595327  -1.003159E-19
9708.89713085744  3.891673E-19
9711.73660218218  2.059240E-18
9714.57607350691  1.096624E-18
9717.41554483165  7.515420E-19
9720.25501615639  1.724525E-18
9723.09448748113  1.501710E-18
9725.93395880587  2.463361E-19
9728.7734301306  7.866787E-19
9731.61290145534  1.330601E-18
9734.45237278008  1.165792E-18
9737.29184410482  6.083575E-19
9740.13131542955  4.840002E-19
9742.97078675429  1.093475E-18
9745.81025807903  1.434033E-18
9748.64972940377  7.835176E-19
9751.48920072851  8.428643E-19
9754.32867205324  9.665404E-19
9757.16814337798  1.051900E-18
9760.00761470272  1.189309E-18
9762.84708602746  3.658826E-19
9765.6865573522  7.764998E-19
9768.52602867693  1.495654E-19
9771.36550000167  -2.052066E-18
9774.20497132641  3.189408E-18
9777.04444265115  7.832086E-19
9779.88391397589  1.223014E-18
9782.72338530063  2.110361E-18
9785.56285662536  2.034763E-18
9788.4023279501  1.317655E-19
9791.24179927484  2.835740E-19
9794.08127059958  -3.862308E-19
9796.92074192431  -3.901032E-19
9799.76021324905  1.337256E-18
9802.59968457379  1.978825E-18
9805.43915589853  1.308312E-18
9808.27862722327  1.692627E-18
9811.118098548  7.024527E-19
9813.95756987274  4.952398E-19
9816.79704119748  4.785483E-19
9819.63651252222  1.255052E-18
9822.47598384696  1.864054E-18
9825.31545517169  1.265356E-18
9828.15492649643  1.553861E-18
9830.99439782117  9.197089E-19
9833.83386914591  5.387018E-19
9836.67334047065  1.529567E-18
9839.51281179538  7.824511E-19
9842.35228312012  1.387989E-18
9845.19175444486  8.737535E-19
9848.0312257696  1.314803E-18
9850.87069709434  -1.660170E-18
9853.71016841907  1.191488E-18
9856.54963974381  -6.219484E-19
9859.38911106855  -8.600553E-19
9862.22858239329  2.051286E-18
9865.06805371803  2.593970E-18
9867.90752504276  6.258703E-19
9870.7469963675  9.065354E-20
9873.58646769224  -3.030062E-19
9876.42593901698  -2.092649E-18
9879.26541034172  -2.074087E-18
9882.10488166645  -1.687434E-18
