4672.77880859375  1.475633E-14
4675.6153485775  4.699938E-14
4678.45188856125  8.273631E-15
4681.288428545  -7.755598E-14
4684.12496852875  1.460590E-14
4686.9615085125  4.345013E-14
4689.79804849625  6.570692E-15
4692.63458848  2.131278E-14
4695.47112846375  -4.648282E-14
4698.3076684475  -9.771376E-15
4701.14420843125  2.368251E-14
4703.980748415  6.886286E-14
4706.81728839875  2.657171E-14
4709.6538283825  2.442945E-14
4712.49036836625  5.714251E-14
4715.32690835  4.981589E-14
4718.16344833374  4.304507E-14
4720.99998831749  3.939067E-14
4723.83652830124  2.606377E-14
4726.67306828499  3.512897E-14
4729.50960826874  3.557589E-14
4732.34614825249  2.889926E-14
4735.18268823624  2.647625E-15
4738.01922821999  7.262070E-15
4740.85576820374  3.269717E-14
4743.69230818749  3.144579E-14
4746.52884817124  1.927081E-14
4749.36538815499  5.593171E-14
4752.20192813874  6.557460E-14
4755.03846812249  3.287093E-14
4757.87500810624  2.121600E-14
4760.71154808999  5.148846E-14
4763.54808807374  7.058619E-14
4766.38462805748  7.734027E-14
4769.22116804123  4.377830E-14
4772.05770802498  2.802519E-14
4774.89424800873  4.619797E-14
4777.73078799248  2.527925E-14
4780.56732797623  5.268907E-14
4783.40386795998  3.979060E-14
4786.24040794373  6.848736E-14
4789.07694792748  1.899488E-14
4791.91348791123  2.760259E-14
4794.75002789498  3.771552E-14
4797.58656787873  3.683028E-14
4800.42310786248  6.194100E-14
4803.25964784623  3.487337E-14
4806.09618782998  4.909640E-14
4808.93272781372  4.794064E-14
4811.76926779747  5.321617E-14
4814.60580778122  5.638291E-14
4817.44234776497  5.932714E-15
4820.27888774872  -5.781551E-16
4823.11542773247  5.116100E-15
4825.95196771622  8.771568E-15
4828.78850769997  1.375321E-14
4831.62504768372  2.429269E-14
4834.46158766747  2.154183E-14
4837.29812765122  5.252117E-14
4840.13466763497  6.124570E-14
4842.97120761872  3.164808E-14
4845.80774760247  1.442498E-14
4848.64428758622  1.615541E-14
4851.48082756997  3.836879E-14
4854.31736755372  2.068712E-14
4857.15390753746  2.084919E-14
4859.99044752121  4.292758E-14
4862.82698750496  8.663644E-15
4865.66352748871  1.879491E-16
4868.50006747246  2.826047E-14
4871.33660745621  2.380195E-14
4874.17314743996  3.140025E-14
4877.00968742371  2.859303E-14
4879.84622740746  1.166943E-14
4882.68276739121  1.454297E-14
4885.51930737496  1.700039E-14
4888.35584735871  2.783627E-14
4891.19238734246  7.810002E-15
4894.02892732621  1.784387E-14
4896.86546730996  2.437471E-14
4899.70200729371  2.639396E-14
4902.53854727746  2.515410E-14
4905.3750872612  2.646626E-14
4908.21162724495  9.808783E-15
4911.0481672287  1.126399E-14
4913.88470721245  1.591112E-14
4916.7212471962  3.499877E-14
4919.55778717995  2.358312E-14
4922.3943271637  1.903324E-14
4925.23086714745  2.798775E-14
4928.0674071312  2.519789E-14
4930.90394711495  3.036819E-14
4933.7404870987  3.326838E-14
4936.57702708245  2.121270E-14
4939.4135670662  2.034205E-14
4942.25010704995  2.363903E-14
4945.0866470337  8.439005E-15
4947.92318701745  1.276970E-14
4950.75972700119  2.837042E-14
4953.59626698494  2.318598E-14
4956.43280696869  1.615824E-14
4959.26934695244  2.423362E-14
4962.10588693619  2.823713E-14
4964.94242691994  2.077073E-14
4967.77896690369  2.330855E-14
4970.61550688744  1.939726E-14
4973.45204687119  2.885817E-14
4976.28858685494  1.694697E-14
4979.12512683869  3.067290E-14
4981.96166682244  4.217412E-14
4984.79820680619  2.128532E-14
4987.63474678994  1.497569E-14
4990.47128677369  1.498917E-14
4993.30782675744  9.746670E-15
4996.14436674119  1.066877E-14
4998.98090672494  7.981881E-15
5001.81744670868  1.632279E-14
5004.65398669243  2.515446E-14
5007.49052667618  2.273773E-14
5010.32706665993  1.978293E-15
5013.16360664368  1.454301E-14
5016.00014662743  3.875325E-14
5018.83668661118  1.431338E-14
5021.67322659493  8.420729E-15
5024.50976657868  1.078693E-14
5027.34630656243  1.109094E-14
5030.18284654618  2.109772E-14
5033.01938652993  1.730501E-14
5035.85592651368  2.606206E-14
5038.69246649743  3.147022E-14
5041.52900648118  1.703210E-14
5044.36554646493  1.516211E-14
5047.20208644868  2.178423E-14
5050.03862643242  2.870927E-14
5052.87516641617  1.944527E-14
5055.71170639992  1.344951E-14
5058.54824638367  1.466102E-14
5061.38478636742  9.446481E-15
5064.22132635117  3.023876E-14
5067.05786633492  1.936844E-14
5069.89440631867  1.494884E-14
5072.73094630242  1.893090E-14
5075.56748628617  1.957352E-14
5078.40402626992  1.765555E-14
5081.24056625367  1.899331E-14
5084.07710623742  1.958369E-14
5086.91364622117  1.814656E-14
5089.75018620492  2.044543E-14
5092.58672618867  1.797371E-14
5095.42326617241  1.094821E-14
5098.25980615616  7.114380E-15
5101.09634613991  1.738713E-14
5103.93288612366  2.382472E-14
5106.76942610741  2.157871E-14
5109.60596609116  2.091270E-14
5112.44250607491  1.307531E-14
5115.27904605866  5.798407E-15
5118.11558604241  1.436144E-14
5120.95212602616  1.667277E-14
5123.78866600991  1.516008E-14
5126.62520599366  1.316432E-14
5129.46174597741  7.103103E-15
5132.29828596116  8.007671E-15
5135.13482594491  1.387314E-14
5137.97136592866  1.924917E-14
5140.80790591241  1.218640E-14
5143.64444589616  1.454021E-14
5146.4809858799  1.788666E-14
5149.31752586365  1.402481E-14
5152.1540658474  2.216250E-14
5154.99060583115  1.699462E-14
5157.8271458149  1.735626E-14
5160.66368579865  1.507634E-14
5163.5002257824  1.737706E-14
5166.33676576615  1.600651E-14
5169.1733057499  2.302873E-14
5172.00984573365  2.397151E-14
5174.8463857174  1.819691E-14
5177.68292570115  1.711637E-14
5180.5194656849  1.015416E-14
5183.35600566865  1.607666E-14
5186.1925456524  2.993438E-14
5189.02908563615  6.108608E-15
5191.86562561989  1.039873E-13
5194.70216560364  9.806128E-14
5197.53870558739  6.413343E-13
5200.37524557114  1.572012E-13
5203.21178555489  7.844539E-15
5206.04832553864  2.892842E-14
5208.88486552239  1.566637E-14
5211.72140550614  2.428798E-14
5214.55794548989  2.286097E-14
5217.39448547364  1.611454E-14
5220.23102545739  1.374736E-14
5223.06756544114  8.420450E-15
5225.90410542489  1.519247E-14
5228.74064540864  2.002140E-14
5231.57718539239  2.876976E-14
5234.41372537614  1.037563E-14
5237.25026535988  2.575678E-13
5240.08680534363  5.136206E-13
5242.92334532738  3.223969E-13
5245.75988531113  5.709570E-13
5248.59642529488  2.140824E-13
5251.43296527863  2.826229E-14
5254.26950526238  2.642329E-14
5257.10604524613  1.779869E-14
5259.94258522988  2.012504E-14
5262.77912521363  1.576155E-14
5265.61566519738  1.431127E-14
5268.45220518113  1.851195E-14
5271.28874516488  1.786942E-14
5274.12528514863  1.740106E-14
5276.96182513238  8.261109E-15
5279.79836511612  1.258658E-14
5282.63490509987  9.527588E-15
5285.47144508363  1.107757E-14
5288.30798506737  1.303582E-14
5291.14452505112  1.849736E-14
5293.98106503487  8.913132E-15
5296.81760501862  8.362503E-15
5299.65414500237  6.692545E-15
5302.49068498612  5.698989E-15
5305.32722496987  1.833451E-14
5308.16376495362  1.366048E-14
5311.00030493737  1.689348E-14
5313.83684492112  1.913759E-14
5316.67338490487  2.008247E-14
5319.50992488862  2.182930E-14
5322.34646487237  2.145938E-14
5325.18300485611  1.616657E-14
5328.01954483987  1.681795E-14
5330.85608482361  2.055677E-14
5333.69262480736  1.769409E-14
5336.52916479111  1.844829E-14
5339.36570477486  1.834661E-14
5342.20224475861  1.293783E-14
5345.03878474236  1.198584E-14
5347.87532472611  3.797849E-14
5350.71186470986  1.210996E-13
5353.54840469361  1.781499E-13
5356.38494467736  1.727127E-13
5359.22148466111  1.446919E-13
5362.05802464486  9.442744E-14
5364.89456462861  7.952199E-14
5367.73110461236  8.892502E-14
5370.56764459611  6.110464E-14
5373.40418457986  2.279609E-14
5376.2407245636  9.417268E-15
5379.07726454735  1.639972E-14
5381.9138045311  1.981067E-14
5384.75034451485  1.502552E-14
5387.5868844986  1.305093E-14
5390.42342448235  1.726544E-14
5393.2599644661  1.540431E-14
5396.09650444985  1.584770E-14
5398.9330444336  1.583450E-14
5401.76958441735  1.822890E-14
5404.6061244011  1.709797E-14
5407.44266438485  1.473401E-14
5410.2792043686  1.222664E-14
5413.11574435235  1.744099E-14
5415.9522843361  1.887438E-14
5418.78882431985  1.147739E-14
5421.62536430359  1.049848E-14
5424.46190428734  1.807425E-14
5427.29844427109  1.622790E-14
5430.13498425484  5.249522E-14
5432.97152423859  9.748376E-14
5435.80806422234  2.045903E-13
5438.64460420609  5.969984E-14
5441.48114418984  9.483549E-15
5444.31768417359  1.187753E-14
5447.15422415734  1.031262E-14
5449.99076414109  1.042868E-14
5452.82730412484  1.265234E-14
5455.66384410859  1.306974E-14
5458.50038409234  1.412567E-14
5461.33692407609  7.728427E-15
5464.17346405984  1.513139E-14
5467.01000404358  1.243669E-14
5469.84654402734  1.436518E-14
5472.68308401108  1.229791E-14
5475.51962399483  1.529392E-14
5478.35616397858  1.450584E-14
5481.19270396233  1.938430E-14
5484.02924394608  1.099137E-14
5486.86578392983  9.198469E-15
5489.70232391358  1.003363E-14
5492.53886389733  7.970403E-15
5495.37540388108  1.216211E-14
5498.21194386483  1.455691E-14
5501.04848384858  1.195993E-14
5503.88502383233  1.157606E-14
5506.72156381608  1.007562E-14
5509.55810379983  1.119293E-14
5512.39464378358  1.540887E-14
5515.23118376733  1.683839E-14
5518.06772375107  1.529839E-14
5520.90426373482  1.153810E-14
5523.74080371857  1.211334E-14
5526.57734370232  8.558079E-15
5529.41388368607  1.023051E-14
5532.25042366982  1.139165E-14
5535.08696365357  8.666740E-15
5537.92350363732  1.145747E-14
5540.76004362107  1.190267E-14
5543.59658360482  1.303306E-14
5546.43312358857  1.289112E-14
5549.26966357232  1.012600E-14
5552.10620355607  9.427531E-15
5554.94274353982  1.468355E-14
5557.77928352357  1.555851E-14
5560.61582350732  2.059955E-14
5563.45236349107  -2.618031E-14
5566.28890347481  -8.529212E-14
5569.12544345856  -4.970505E-15
5571.96198344231  2.750896E-14
5574.79852342606  1.010304E-14
5577.63506340981  2.264565E-14
5580.47160339356  4.073931E-15
5583.30814337731  8.994140E-15
5586.14468336106  6.821861E-15
5588.98122334481  1.614900E-14
5591.81776332856  1.079452E-13
5594.65430331231  5.009124E-14
5597.49084329606  -5.835059E-15
5600.32738327981  1.742516E-14
5603.16392326356  1.199186E-14
5606.00046324731  1.341607E-14
5608.83700323106  9.747175E-15
5611.67354321481  9.989226E-15
5614.51008319856  1.186740E-14
5617.3466231823  1.119327E-14
5620.18316316605  1.271494E-14
5623.0197031498  8.763433E-15
5625.85624313355  8.260047E-15
5628.6927831173  1.017898E-14
5631.52932310105  8.486465E-15
5634.3658630848  6.997228E-15
5637.20240306855  9.742042E-15
5640.0389430523  1.325959E-14
5642.87548303605  1.401743E-14
5645.7120230198  1.218813E-14
5648.54856300355  1.106000E-14
5651.3851029873  8.921524E-15
5654.22164297105  6.503874E-15
5657.0581829548  9.739607E-15
5659.89472293854  9.962442E-15
5662.73126292229  9.274986E-15
5665.56780290604  8.931600E-15
5668.40434288979  7.328127E-15
5671.24088287354  8.840902E-15
5674.07742285729  5.257241E-15
5676.91396284104  6.291137E-15
5679.75050282479  9.788391E-15
5682.58704280854  9.468117E-15
5685.42358279229  1.036881E-14
5688.26012277604  8.682748E-15
5691.09666275979  6.684906E-15
5693.93320274354  9.278293E-15
5696.76974272729  8.444613E-15
5699.60628271104  7.306017E-15
5702.44282269478  8.081336E-15
5705.27936267854  8.318649E-15
5708.11590266228  7.943294E-15
5710.95244264603  9.245955E-15
5713.78898262978  8.803796E-15
5716.62552261353  7.826419E-15
5719.46206259728  8.476173E-15
5722.29860258103  5.628793E-15
5725.13514256478  6.348168E-15
5727.97168254853  4.971560E-15
5730.80822253228  6.037223E-15
5733.64476251603  7.580892E-15
5736.48130249978  7.412632E-15
5739.31784248353  7.306206E-15
5742.15438246728  8.748979E-15
5744.99092245103  9.055314E-15
5747.82746243478  9.724878E-15
5750.66400241852  1.058915E-14
5753.50054240227  9.738085E-15
5756.33708238602  1.133359E-14
5759.17362236977  1.127970E-14
5762.01016235352  1.081678E-14
5764.84670233727  1.089462E-14
5767.68324232102  1.008837E-14
5770.51978230477  1.219351E-14
5773.35632228852  1.044874E-14
5776.19286227227  8.489565E-15
5779.02940225602  7.679599E-15
5781.86594223977  8.768330E-15
5784.70248222352  1.149095E-14
5787.53902220727  1.018575E-14
5790.37556219102  7.505021E-15
5793.21210217477  7.596059E-15
5796.04864215852  1.118984E-14
5798.88518214226  8.607736E-15
5801.72172212601  8.346723E-15
5804.55826210976  1.120447E-14
5807.39480209351  1.009998E-14
5810.23134207726  6.827414E-15
5813.06788206101  6.477431E-15
5815.90442204476  8.861479E-15
5818.74096202851  9.897998E-15
5821.57750201226  9.490449E-15
5824.41404199601  1.051614E-14
5827.25058197976  7.555570E-15
5830.08712196351  9.490192E-15
5832.92366194726  8.711012E-15
5835.76020193101  1.014255E-14
5838.59674191475  9.336182E-15
5841.43328189851  9.883820E-15
5844.26982188225  1.032269E-14
5847.106361866  9.572690E-15
5849.94290184975  7.866774E-15
5852.7794418335  7.729187E-15
5855.61598181725  1.011138E-14
5858.452521801  9.109805E-15
5861.28906178475  9.843429E-15
5864.1256017685  8.852940E-15
5866.96214175225  1.015326E-14
5869.798681736  9.993328E-15
5872.63522171975  9.458404E-15
5875.4717617035  1.614016E-15
5878.30830168725  8.315413E-15
5881.144841671  3.796998E-15
5883.98138165475  9.769270E-15
5886.8179216385  6.040130E-15
5889.65446162225  7.218304E-15
5892.49100160599  9.206122E-15
5895.32754158974  4.280570E-15
5898.16408157349  1.013396E-14
5901.00062155724  1.525935E-14
5903.83716154099  2.228565E-14
5906.67370152474  1.125350E-14
5909.51024150849  2.055727E-14
5912.34678149224  3.655695E-15
5915.18332147599  9.141683E-15
5918.01986145974  8.944758E-15
5920.85640144349  7.609869E-15
5923.69294142724  1.007503E-14
5926.52948141099  4.722347E-15
5929.36602139474  1.119649E-14
5932.20256137849  4.846649E-15
5935.03910136223  8.455520E-15
5937.87564134598  9.827016E-15
5940.71218132973  3.315089E-15
5943.54872131348  1.007049E-14
5946.38526129723  1.095978E-14
5949.22180128098  8.006098E-15
5952.05834126473  7.669991E-15
5954.89488124848  7.385945E-15
5957.73142123223  7.277842E-15
5960.56796121598  8.076615E-15
5963.40450119973  8.796559E-15
5966.24104118348  7.465046E-15
5969.07758116723  7.746509E-15
5971.91412115098  5.445309E-15
5974.75066113473  6.802713E-15
5977.58720111848  6.208325E-15
5980.42374110222  6.707891E-15
5983.26028108598  6.373708E-15
5986.09682106972  5.580300E-15
5988.93336105347  7.082765E-15
5991.76990103722  5.075022E-15
5994.60644102097  6.635521E-15
5997.44298100472  6.516073E-15
6000.27952098847  7.936582E-15
6003.11606097222  6.129147E-15
6005.95260095597  6.084784E-15
6008.78914093972  6.567312E-15
6011.62568092347  5.218852E-15
6014.46222090722  6.342914E-15
6017.29876089097  6.537108E-15
6020.13530087472  6.730970E-15
6022.97184085847  5.034348E-15
6025.80838084222  4.475760E-15
6028.64492082597  6.558412E-15
6031.48146080971  7.604572E-15
6034.31800079346  5.794190E-15
6037.15454077721  5.076175E-15
6039.99108076096  5.651363E-15
6042.82762074471  6.829366E-15
6045.66416072846  6.234046E-15
6048.50070071221  6.387565E-15
6051.33724069596  6.687919E-15
6054.17378067971  7.034429E-15
6057.01032066346  6.424898E-15
6059.84686064721  5.663952E-15
6062.68340063096  5.325227E-15
6065.51994061471  6.604874E-15
6068.35648059846  7.763978E-15
6071.19302058221  5.273971E-15
6074.02956056595  5.319895E-15
6076.8661005497  6.651825E-15
6079.70264053345  6.345995E-15
6082.5391805172  6.302817E-15
6085.37572050095  5.484184E-15
6088.2122604847  5.862946E-15
6091.04880046845  6.235356E-15
6093.8853404522  6.221423E-15
6096.72188043595  4.909289E-15
6099.5584204197  4.750849E-15
6102.39496040345  6.308366E-15
6105.2315003872  5.777096E-15
6108.06804037095  4.421918E-15
6110.9045803547  5.240366E-15
6113.74112033845  4.978174E-15
6116.5776603222  6.290889E-15
6119.41420030595  6.330773E-15
6122.2507402897  7.261388E-15
6125.08728027345  7.688897E-15
6127.9238202572  5.707803E-15
6130.76036024094  5.383228E-15
6133.59690022469  5.875428E-15
6136.43344020844  4.442798E-15
6139.26998019219  5.502254E-15
6142.10652017594  6.829342E-15
6144.94306015969  5.324447E-15
6147.77960014344  4.406009E-15
6150.61614012719  6.150911E-15
6153.45268011094  6.694426E-15
6156.28922009469  6.512700E-15
6159.12576007844  5.692707E-15
6161.96230006219  5.914029E-15
6164.79884004594  6.982690E-15
6167.63538002969  6.580950E-15
6170.47192001344  6.635565E-15
6173.30845999718  5.553491E-15
6176.14499998093  4.130553E-15
6178.98153996468  3.945554E-15
6181.81807994843  5.579189E-15
6184.65461993218  6.487280E-15
6187.49115991593  4.457118E-15
6190.32769989968  3.908923E-15
6193.16423988343  5.342817E-15
6196.00077986718  4.886578E-15
6198.83731985093  5.725268E-15
6201.67385983468  4.362482E-15
6204.51039981843  4.193802E-15
6207.34693980218  6.183766E-15
6210.18347978593  6.104980E-15
6213.02001976968  5.902056E-15
6215.85655975343  6.530488E-15
6218.69309973718  6.673336E-15
6221.52963972092  4.794109E-15
6224.36617970467  3.641263E-15
6227.20271968842  6.608351E-15
6230.03925967217  6.240334E-15
6232.87579965592  5.152255E-15
6235.71233963967  5.376199E-15
6238.54887962342  5.616771E-15
6241.38541960717  5.878776E-15
6244.22195959092  5.922006E-15
6247.05849957467  5.461180E-15
6249.89503955842  5.247862E-15
6252.73157954217  5.374153E-15
6255.56811952592  5.730284E-15
6258.40465950967  4.843460E-15
6261.24119949342  5.659096E-15
6264.07773947716  5.882518E-15
6266.91427946091  4.424599E-15
6269.75081944466  5.623780E-15
6272.58735942841  5.595297E-15
6275.42389941216  4.154014E-15
6278.26043939591  6.331143E-15
6281.09697937966  6.100678E-15
6283.93351936341  5.465290E-15
6286.77005934716  3.256376E-15
6289.60659933091  2.802589E-15
6292.44313931466  3.756651E-15
6295.27967929841  2.313803E-15
6298.11621928216  5.648719E-15
6300.95275926591  6.713938E-15
6303.78929924966  6.799961E-15
6306.62583923341  6.847139E-15
6309.46237921716  3.633300E-15
6312.29891920091  7.709201E-15
6315.13545918465  8.059642E-15
6317.9719991684  5.655589E-15
6320.80853915215  7.502332E-15
6323.6450791359  6.174123E-15
6326.48161911965  5.922282E-15
6329.3181591034  5.160439E-15
6332.15469908715  4.640234E-15
6334.9912390709  6.249013E-15
6337.82777905465  5.053891E-15
6340.6643190384  4.874131E-15
6343.50085902215  5.838340E-15
6346.3373990059  6.194233E-15
6349.17393898965  4.540419E-15
6352.0104789734  5.202281E-15
6354.84701895715  5.555073E-15
6357.6835589409  5.723013E-15
6360.52009892464  6.794383E-15
6363.35663890839  6.940220E-15
6366.19317889214  5.714277E-15
6369.02971887589  6.169433E-15
6371.86625885964  5.848445E-15
6374.70279884339  7.146847E-15
6377.53933882714  8.979727E-15
6380.37587881089  7.763417E-15
6383.21241879464  6.908214E-15
6386.04895877839  7.316110E-15
6388.88549876214  7.347751E-15
6391.72203874589  7.320551E-15
6394.55857872964  7.389631E-15
6397.39511871339  7.047289E-15
6400.23165869714  6.696784E-15
6403.06819868089  7.090457E-15
6405.90473866463  6.611052E-15
6408.74127864838  7.348658E-15
6411.57781863213  7.896608E-15
6414.41435861588  7.949260E-15
6417.25089859963  7.461706E-15
6420.08743858338  6.752813E-15
6422.92397856713  7.952326E-15
6425.76051855088  8.279776E-15
6428.59705853463  7.521208E-15
6431.43359851838  8.015487E-15
6434.27013850213  7.915663E-15
6437.10667848588  7.088530E-15
6439.94321846963  6.947767E-15
6442.77975845338  6.271584E-15
6445.61629843713  7.252986E-15
6448.45283842088  7.891914E-15
6451.28937840462  7.048833E-15
6454.12591838837  6.485263E-15
6456.96245837212  5.779564E-15
6459.79899835587  6.414869E-15
6462.63553833962  7.595314E-15
6465.47207832337  7.466192E-15
6468.30861830712  7.407588E-15
6471.14515829087  7.578613E-15
6473.98169827462  7.681738E-15
6476.81823825837  7.520788E-15
6479.65477824212  7.656921E-15
6482.49131822587  8.436806E-15
6485.32785820962  6.103391E-15
6488.16439819337  6.837427E-15
6491.00093817712  6.133554E-15
6493.83747816086  5.848294E-15
6496.67401814462  8.288662E-15
6499.51055812836  8.773108E-15
6502.34709811211  7.772196E-15
6505.18363809586  7.005980E-15
6508.02017807961  7.698255E-15
6510.85671806336  8.142223E-15
6513.69325804711  7.404908E-15
6516.52979803086  6.922617E-15
6519.36633801461  6.483630E-15
6522.20287799836  7.610968E-15
6525.03941798211  7.676657E-15
6527.87595796586  6.612087E-15
6530.71249794961  7.204476E-15
6533.54903793336  7.064234E-15
6536.38557791711  6.989020E-15
6539.22211790086  6.438173E-15
6542.05865788461  6.619562E-15
6544.89519786836  6.692337E-15
6547.7317378521  6.822376E-15
6550.56827783585  7.175524E-15
6553.4048178196  7.607723E-15
6556.24135780335  7.017701E-15
6559.0778977871  7.943191E-15
6561.91443777085  8.923619E-15
6564.7509777546  8.400053E-15
6567.58751773835  8.906922E-15
6570.4240577221  8.172228E-15
6573.26059770585  6.947460E-15
6576.0971376896  7.850754E-15
6578.93367767335  6.566868E-15
6581.7702176571  6.438789E-15
6584.60675764085  7.723215E-15
6587.4432976246  6.585793E-15
6590.27983760834  6.518519E-15
6593.11637759209  6.568522E-15
6595.95291757584  6.234486E-15
6598.78945755959  6.720945E-15
6601.62599754334  7.154711E-15
6604.46253752709  6.448795E-15
6607.29907751084  6.983729E-15
6610.13561749459  6.694240E-15
6612.97215747834  7.053788E-15
6615.80869746209  6.991147E-15
6618.64523744584  6.082712E-15
6621.48177742959  6.102883E-15
6624.31831741334  6.949564E-15
6627.15485739709  6.580674E-15
6629.99139738084  7.921531E-15
6632.82793736459  6.875754E-15
6635.66447734833  6.453684E-15
6638.50101733209  6.827771E-15
6641.33755731583  6.151616E-15
6644.17409729958  5.658182E-15
6647.01063728333  5.675964E-15
6649.84717726708  5.774064E-15
6652.68371725083  5.842220E-15
6655.52025723458  5.575249E-15
6658.35679721833  5.748628E-15
6661.19333720208  6.083768E-15
6664.02987718583  5.282446E-15
6666.86641716958  5.574513E-15
6669.70295715333  5.808570E-15
6672.53949713708  5.780143E-15
6675.37603712083  6.352215E-15
6678.21257710458  5.867406E-15
6681.04911708833  5.787260E-15
6683.88565707208  5.412332E-15
6686.72219705582  5.280373E-15
6689.55873703957  4.735893E-15
6692.39527702332  4.955932E-15
6695.23181700707  4.311969E-15
6698.06835699082  3.393191E-15
6700.90489697457  5.590088E-15
6703.74143695832  4.987129E-15
6706.57797694207  5.684990E-15
6709.41451692582  5.560825E-15
6712.25105690957  5.036801E-15
6715.08759689332  4.695925E-15
6717.92413687707  4.331156E-15
6720.76067686082  4.490397E-15
6723.59721684457  4.683813E-15
6726.43375682832  4.719477E-15
6729.27029681207  4.520359E-15
6732.10683679582  4.545025E-15
6734.94337677956  4.391018E-15
6737.77991676331  4.898212E-15
6740.61645674706  5.054973E-15
6743.45299673081  4.102385E-15
6746.28953671456  4.977963E-15
6749.12607669831  4.805845E-15
6751.96261668206  4.555067E-15
6754.79915666581  4.788196E-15
6757.63569664956  4.425009E-15
6760.47223663331  4.140153E-15
6763.30877661706  3.874723E-15
6766.14531660081  3.669246E-15
6768.98185658456  4.175454E-15
6771.81839656831  3.648236E-15
6774.65493655206  3.806696E-15
6777.49147653581  3.671052E-15
6780.32801651956  3.215270E-15
6783.1645565033  3.828929E-15
6786.00109648705  4.526726E-15
6788.8376364708  3.670020E-15
6791.67417645455  3.994922E-15
6794.5107164383  3.796440E-15
6797.34725642205  3.381980E-15
6800.1837964058  3.354932E-15
6803.02033638955  3.865072E-15
6805.8568763733  3.213833E-15
6808.69341635705  3.216439E-15
6811.5299563408  2.212519E-15
6814.36649632455  3.128568E-15
6817.2030363083  2.284156E-15
6820.03957629205  2.939842E-15
6822.8761162758  4.242101E-15
6825.71265625955  1.357489E-14
6828.54919624329  2.982396E-15
6831.38573622704  2.790012E-15
6834.22227621079  2.558197E-15
6837.05881619454  2.722653E-15
6839.89535617829  4.145265E-15
6842.73189616204  4.006191E-15
6845.56843614579  3.949982E-15
6848.40497612954  1.884024E-15
6851.24151611329  3.197353E-15
6854.07805609704  2.456066E-15
6856.91459608079  3.115595E-15
6859.75113606454  2.636594E-15
6862.58767604829  3.640194E-15
6865.42421603204  2.046653E-15
6868.26075601579  2.944436E-15
6871.09729599954  2.646438E-15
6873.93383598329  4.442919E-15
6876.77037596703  2.282483E-15
6879.60691595078  2.473392E-15
6882.44345593453  2.617566E-15
6885.27999591828  1.763194E-15
6888.11653590203  3.134574E-15
6890.95307588578  3.660485E-15
6893.78961586953  3.373794E-15
6896.62615585328  1.818500E-15
6899.46269583703  3.104737E-15
6902.29923582078  2.342512E-15
6905.13577580453  3.368526E-15
6907.97231578828  1.862792E-15
6910.80885577203  3.862966E-15
6913.64539575578  2.866621E-15
6916.48193573953  3.582633E-15
6919.31847572328  3.084163E-15
6922.15501570702  4.003075E-15
6924.99155569077  3.776802E-15
6927.82809567452  3.609364E-15
6930.66463565827  3.674004E-15
6933.50117564202  3.357776E-15
6936.33771562577  3.227259E-15
6939.17425560952  3.493111E-15
6942.01079559327  3.242742E-15
6944.84733557702  3.149587E-15
6947.68387556077  3.986465E-15
6950.52041554452  4.329171E-15
6953.35695552827  1.044478E-14
6956.19349551202  1.287649E-14
6959.03003549577  2.658032E-15
6961.86657547952  2.861029E-15
6964.70311546326  3.413257E-15
6967.53965544702  3.343578E-15
6970.37619543076  3.493082E-15
6973.21273541451  3.693796E-15
6976.04927539826  2.977757E-15
6978.88581538201  3.250698E-15
6981.72235536576  3.872499E-15
6984.55889534951  4.048225E-15
6987.39543533326  3.400230E-15
6990.23197531701  3.713154E-15
6993.06851530076  3.871218E-15
6995.90505528451  3.491896E-15
6998.74159526826  3.550062E-15
7001.57813525201  3.346134E-15
7004.41467523576  3.599820E-15
7007.25121521951  4.280864E-15
7010.08775520326  3.083858E-15
7012.92429518701  3.389362E-15
7015.76083517076  3.324375E-15
7018.5973751545  2.816283E-15
7021.43391513825  3.059854E-15
7024.270455122  2.897154E-15
7027.10699510575  3.327245E-15
7029.9435350895  2.931242E-15
7032.78007507325  2.630337E-15
7035.616615057  2.857575E-15
7038.45315504075  2.799087E-15
7041.2896950245  3.210977E-15
7044.12623500825  3.445200E-15
7046.962774992  3.568746E-15
7049.79931497575  3.380466E-15
7052.6358549595  3.262471E-15
7055.47239494325  3.112185E-15
7058.308934927  3.542124E-15
7061.14547491074  3.389500E-15
7063.98201489449  3.130579E-15
7066.81855487824  2.884915E-15
7069.65509486199  2.940432E-15
7072.49163484574  3.480601E-15
7075.32817482949  3.154416E-15
7078.16471481324  2.944857E-15
7081.00125479699  3.109853E-15
7083.83779478074  2.714386E-15
7086.67433476449  2.973484E-15
7089.51087474824  3.077997E-15
7092.34741473199  2.775119E-15
7095.18395471574  3.121126E-15
7098.02049469949  3.066199E-15
7100.85703468324  2.549289E-15
7103.69357466699  3.040369E-15
7106.53011465073  3.491698E-15
7109.36665463449  3.270743E-15
7112.20319461823  3.564174E-15
7115.03973460198  2.989797E-15
7117.87627458573  2.585538E-15
7120.71281456948  2.905361E-15
7123.54935455323  2.732395E-15
7126.38589453698  2.918500E-15
7129.22243452073  2.974745E-15
7132.05897450448  2.967884E-15
7134.89551448823  2.716842E-15
7137.73205447198  2.996163E-15
7140.56859445573  3.056744E-15
7143.40513443948  3.148805E-15
7146.24167442323  3.003135E-15
7149.07821440698  3.254965E-15
7151.91475439073  3.079304E-15
7154.75129437448  2.742437E-15
7157.58783435822  2.405930E-15
7160.42437434197  2.973641E-15
7163.26091432572  3.204931E-15
7166.09745430947  2.752712E-15
7168.93399429322  3.076523E-15
7171.77053427697  3.038082E-15
7174.60707426072  2.872276E-15
7177.44361424447  2.918927E-15
7180.28015422822  3.145552E-15
7183.11669421197  2.995608E-15
7185.95323419572  2.619404E-15
7188.78977417947  2.710928E-15
7191.62631416322  2.990971E-15
7194.46285414697  3.207575E-15
7197.29939413072  3.309091E-15
7200.13593411447  3.012470E-15
7202.97247409821  3.081279E-15
7205.80901408196  8.891751E-15
7208.64555406571  7.180582E-15
7211.48209404946  2.429530E-15
7214.31863403321  3.548370E-15
7217.15517401696  3.118181E-15
7219.99171400071  3.374263E-15
7222.82825398446  2.578352E-15
7225.66479396821  2.927910E-15
7228.50133395196  2.131818E-15
7231.33787393571  4.089748E-15
7234.17441391946  3.580910E-15
7237.01095390321  2.977560E-15
7239.84749388696  3.525056E-15
7242.68403387071  3.378872E-15
7245.52057385446  3.395594E-15
7248.3571138382  3.726170E-15
7251.19365382196  4.374348E-15
7254.0301938057  3.291034E-15
7256.86673378945  3.169944E-15
7259.7032737732  1.246144E-15
7262.53981375695  3.935391E-15
7265.3763537407  2.729512E-15
7268.21289372445  2.715856E-15
7271.0494337082  9.554092E-15
7273.88597369195  1.529877E-14
7276.7225136757  1.030785E-14
7279.55905365945  4.002592E-15
7282.3955936432  2.592595E-15
7285.23213362695  3.867955E-15
7288.0686736107  3.025592E-15
7290.90521359445  3.229843E-15
7293.7417535782  3.303975E-15
7296.57829356195  2.536879E-15
7299.41483354569  1.912172E-15
7302.25137352944  2.730812E-15
7305.08791351319  2.733112E-15
7307.92445349694  3.125171E-15
7310.76099348069  2.810262E-15
7313.59753346444  3.305427E-15
7316.43407344819  6.138266E-15
7319.27061343194  6.065718E-15
7322.10715341569  2.721253E-15
7324.94369339944  2.076037E-15
7327.78023338319  3.496479E-15
7330.61677336694  2.549163E-15
7333.45331335069  2.607903E-15
7336.28985333444  2.453279E-15
7339.12639331819  3.023797E-15
7341.96293330193  2.825244E-15
7344.79947328569  9.678933E-15
7347.63601326943  8.371000E-15
7350.47255325318  3.155114E-15
7353.30909323693  1.409361E-15
7356.14563322068  2.623871E-15
7358.98217320443  1.819372E-15
7361.81871318818  2.203186E-15
7364.65525317193  2.229361E-15
7367.49179315568  2.674419E-15
7370.32833313943  2.383713E-15
7373.16487312318  2.147268E-15
7376.00141310693  1.988723E-15
7378.83795309068  3.015471E-15
7381.67449307443  2.018820E-15
7384.51103305818  2.275660E-15
7387.34757304193  2.618700E-15
7390.18411302567  2.366536E-15
7393.02065300943  2.319852E-15
7395.85719299317  2.258349E-15
7398.69373297692  2.132076E-15
7401.53027296067  2.294485E-15
7404.36681294442  1.961471E-15
7407.20335292817  1.849639E-15
7410.03989291192  2.178190E-15
7412.87643289567  2.392843E-15
7415.71297287942  1.928266E-15
7418.54951286317  2.184481E-15
7421.38605284692  1.971189E-15
7424.22259283067  1.968160E-15
7427.05913281442  2.068350E-15
7429.89567279817  2.055057E-15
7432.73221278191  2.187398E-15
7435.56875276566  2.148537E-15
7438.40529274941  1.923151E-15
7441.24183273316  2.126757E-15
7444.07837271691  1.777189E-15
7446.91491270066  1.774977E-15
7449.75145268441  2.199310E-15
7452.58799266816  2.215507E-15
7455.42453265191  1.878065E-15
7458.26107263566  1.844720E-15
7461.09761261941  1.732628E-15
7463.93415260316  1.643607E-15
7466.77069258691  1.324789E-15
7469.60723257066  1.659160E-15
7472.44377255441  1.720204E-15
7475.28031253816  1.485270E-15
7478.1168525219  1.368902E-15
7480.95339250566  1.603540E-15
7483.7899324894  1.996914E-15
7486.62647247315  1.929423E-15
7489.4630124569  2.057654E-15
7492.29955244065  1.794562E-15
7495.1360924244  1.796354E-15
7497.97263240815  1.597863E-15
7500.8091723919  1.675925E-15
7503.64571237565  2.125673E-15
7506.4822523594  1.539563E-15
7509.31879234315  1.498131E-15
7512.1553323269  1.532482E-15
7514.99187231065  1.587338E-15
7517.8284122944  1.469247E-15
7520.66495227815  1.351452E-15
7523.5014922619  1.376560E-15
7526.33803224565  1.631899E-15
7529.17457222939  1.282718E-15
7532.01111221314  1.438274E-15
7534.84765219689  3.240210E-15
7537.68419218064  3.701611E-15
7540.52073216439  2.646316E-15
7543.35727214814  1.578647E-15
7546.19381213189  1.708219E-15
7549.03035211564  1.464359E-15
7551.86689209939  1.813115E-15
7554.70343208314  1.467855E-15
7557.53997206689  1.550641E-15
7560.37651205064  1.433803E-15
7563.21305203439  1.527991E-15
7566.04959201814  1.903650E-15
7568.88613200189  1.748009E-15
7571.72267198564  1.397407E-15
7574.55921196938  1.158477E-15
7577.39575195313  9.529462E-16
7580.23229193688  1.212276E-15
7583.06883192063  1.436915E-15
7585.90537190438  1.261025E-15
7588.74191188813  1.236722E-15
7591.57845187188  2.758293E-15
7594.41499185563  4.474869E-15
7597.25153183938  3.873360E-15
7600.08807182313  4.035698E-15
7602.92461180688  4.107274E-15
7605.76115179063  4.085448E-15
7608.59769177438  4.565253E-15
7611.43423175813  2.271807E-15
7614.27077174188  9.387195E-16
7617.10731172563  9.071592E-16
7619.94385170937  7.766289E-16
7622.78039169313  8.654019E-16
7625.61693167687  1.143383E-15
7628.45347166062  1.075007E-15
7631.29001164437  1.045204E-15
7634.12655162812  1.185048E-15
7636.96309161187  1.166087E-15
7639.79963159562  1.164364E-15
7642.63617157937  1.141007E-15
7645.47271156312  1.298115E-15
7648.30925154687  1.252187E-15
7651.14579153062  1.363814E-15
7653.98233151437  1.485337E-15
7656.81887149812  1.367733E-15
7659.65541148187  1.337399E-15
7662.49195146562  1.362147E-15
7665.32849144937  1.683189E-15
7668.16503143312  1.376855E-15
7671.00157141686  1.235027E-15
7673.83811140061  1.435791E-15
7676.67465138436  1.568439E-15
7679.51119136811  1.613722E-15
7682.34773135186  1.391046E-15
7685.18427133561  1.567846E-15
7688.02081131936  1.356021E-15
7690.85735130311  1.695008E-15
7693.69389128686  1.319352E-15
7696.53043127061  1.191922E-15
7699.36697125436  1.637431E-15
7702.20351123811  1.326430E-15
7705.04005122186  1.665360E-15
7707.87659120561  1.769726E-15
7710.71313118936  1.439854E-15
7713.54967117311  1.173296E-15
7716.38621115685  1.454624E-15
7719.2227511406  2.000293E-15
7722.05929112435  1.084561E-15
7724.8958311081  1.443642E-15
7727.73237109185  1.228009E-15
7730.5689110756  1.340522E-15
7733.40545105935  2.208098E-15
7736.2419910431  1.332165E-15
7739.07853102685  1.700674E-15
7741.9150710106  1.549465E-15
7744.75161099435  1.065880E-15
7747.5881509781  1.200740E-15
7750.42469096185  1.086244E-15
7753.2612309456  1.865231E-15
7756.09777092935  1.328908E-15
7758.9343109131  1.340716E-15
7761.77085089684  1.929749E-15
7764.6073908806  1.331512E-15
7767.44393086434  1.747157E-15
7770.28047084809  8.570251E-16
7773.11701083184  1.381787E-15
7775.95355081559  1.438690E-15
7778.79009079934  8.195364E-16
7781.62663078309  1.205103E-15
7784.46317076684  1.027974E-15
7787.29971075059  1.339273E-15
7790.13625073434  1.105634E-15
7792.97279071809  1.050175E-15
7795.80933070184  1.124033E-15
7798.64587068559  5.447486E-16
7801.48241066934  1.222997E-15
7804.31895065309  1.818383E-15
7807.15549063684  1.115869E-15
7809.99203062059  1.097448E-15
7812.82857060433  1.159536E-15
7815.66511058808  1.140538E-15
7818.50165057183  5.681856E-16
7821.33819055558  1.085072E-15
7824.17473053933  1.993176E-15
7827.01127052308  1.324297E-15
7829.84781050683  1.584047E-16
7832.68435049058  1.075686E-15
7835.52089047433  2.220885E-15
7838.35743045808  1.282836E-15
7841.19397044183  1.351654E-15
7844.03051042558  1.768497E-15
7846.86705040933  7.212706E-16
7849.70359039308  1.140138E-15
7852.54013037683  1.749289E-15
7855.37667036057  1.873441E-15
7858.21321034432  1.606334E-15
7861.04975032807  1.724785E-15
7863.88629031182  7.068334E-16
7866.72283029557  1.046900E-15
7869.55937027932  5.380340E-16
7872.39591026307  2.063798E-15
7875.23245024682  1.510564E-15
7878.06899023057  1.280887E-15
7880.90553021432  7.332691E-16
7883.74207019807  1.182294E-15
7886.57861018182  1.141301E-15
7889.41515016557  1.094053E-15
7892.25169014932  9.577157E-16
7895.08823013307  7.711329E-16
7897.92477011682  1.715933E-15
7900.76131010057  2.498745E-16
7903.59785008431  1.878848E-15
7906.43439006807  7.876010E-16
7909.27093005181  9.032063E-16
7912.10747003556  1.217582E-15
7914.94401001931  1.617117E-15
7917.78055000306  1.308604E-15
7920.61708998681  1.960911E-15
7923.45362997056  -1.108747E-15
7926.29016995431  1.010638E-15
7929.12670993806  9.263656E-16
7931.96324992181  1.089538E-15
7934.79978990556  1.104681E-15
7937.63632988931  1.282833E-15
7940.47286987306  5.557913E-16
7943.30940985681  1.404170E-15
7946.14594984056  9.302977E-16
7948.9824898243  1.853359E-15
7951.81902980806  1.152752E-15
7954.6555697918  3.417054E-15
7957.49210977555  5.278545E-15
7960.3286497593  2.915676E-16
7963.16518974305  2.002247E-15
7966.0017297268  1.187152E-15
7968.83826971055  1.172402E-15
7971.6748096943  2.460356E-15
7974.51134967805  -7.946048E-16
7977.3478896618  2.086931E-15
7980.18442964555  9.696845E-16
7983.0209696293  1.280942E-15
7985.85750961305  1.193180E-15
7988.6940495968  1.121528E-15
7991.53058958055  1.120235E-15
7994.3671295643  6.713131E-16
7997.20366954805  1.250724E-15
8000.04020953179  1.878056E-15
8002.87674951554  3.686812E-16
8005.71328949929  8.607231E-16
8008.54982948304  1.176035E-15
8011.38636946679  8.859815E-16
8014.22290945054  1.114070E-15
8017.05944943429  8.655257E-16
8019.89598941804  7.724916E-16
8022.73252940179  1.134813E-15
8025.56906938554  1.013192E-15
8028.40560936929  1.027787E-15
8031.24214935304  6.520575E-16
8034.07868933679  1.028558E-15
8036.91522932054  7.307206E-16
8039.75176930429  1.107881E-15
8042.58830928804  7.736173E-16
8045.42484927178  9.795393E-16
8048.26138925553  8.965721E-16
8051.09792923928  1.014786E-15
8053.93446922303  9.990416E-16
8056.77100920678  8.390736E-16
8059.60754919053  9.608793E-16
8062.44408917428  1.027996E-15
8065.28062915803  8.623568E-16
8068.11716914178  8.488244E-16
8070.95370912553  1.129511E-15
8073.79024910928  9.357174E-16
8076.62678909303  9.301596E-16
8079.46332907678  1.067740E-15
8082.29986906053  1.101869E-15
8085.13640904428  1.153997E-15
8087.97294902803  8.807244E-16
8090.80948901177  7.845517E-16
8093.64602899553  8.371209E-16
8096.48256897927  8.093855E-16
8099.31910896302  8.293930E-16
8102.15564894677  9.538989E-16
8104.99218893052  8.208121E-16
8107.82872891427  5.732755E-16
8110.66526889802  8.911759E-16
8113.50180888177  8.662478E-16
8116.33834886552  1.053378E-15
8119.17488884927  1.111918E-15
8122.01142883302  8.675806E-16
8124.84796881677  8.715442E-16
8127.68450880052  9.149350E-16
8130.52104878427  8.054470E-16
8133.35758876802  8.658795E-16
8136.19412875177  8.678391E-16
8139.03066873552  9.012297E-16
8141.86720871926  8.661453E-16
8144.70374870301  7.730518E-16
8147.54028868676  7.919791E-16
8150.37682867051  8.439465E-16
8153.21336865426  7.856492E-16
8156.04990863801  8.472640E-16
8158.88644862176  7.185376E-16
8161.72298860551  7.198448E-16
8164.55952858926  8.327314E-16
8167.39606857301  9.238398E-16
8170.23260855676  7.702505E-16
8173.06914854051  8.665478E-16
8175.90568852426  9.857236E-16
8178.74222850801  8.470441E-16
8181.57876849176  8.386931E-16
8184.41530847551  8.419962E-16
8187.25184845925  8.881689E-16
8190.088388443  8.551740E-16
8192.92492842675  9.160577E-16
8195.7614684105  9.487308E-16
8198.59800839425  9.100670E-16
8201.434548378  8.063595E-16
8204.27108836175  7.670756E-16
8207.1076283455  7.505355E-16
8209.94416832925  8.408411E-16
8212.780708313  8.066625E-16
8215.61724829675  7.992649E-16
8218.4537882805  8.420590E-16
8221.29032826425  8.675151E-16
8224.126868248  7.044107E-16
8226.96340823175  7.384181E-16
8229.7999482155  8.169199E-16
8232.63648819924  8.638631E-16
8235.473028183  8.803871E-16
8238.30956816675  7.992280E-16
8241.14610815049  7.304760E-16
8243.98264813424  7.103053E-16
8246.81918811799  7.119175E-16
8249.65572810174  8.041003E-16
8252.49226808549  9.089660E-16
8255.32880806924  7.110901E-16
8258.16534805299  8.947237E-16
8261.00188803674  8.589261E-16
8263.83842802049  6.810483E-16
8266.67496800424  4.035236E-16
8269.51150798799  1.839502E-15
8272.34804797174  6.414785E-16
8275.18458795548  8.687464E-16
8278.02112793924  9.678188E-16
8280.85766792298  1.131781E-15
8283.69420790673  7.542231E-16
8286.53074789049  1.017250E-15
8289.36728787423  1.613987E-16
8292.20382785798  1.397922E-15
8295.04036784173  4.798879E-17
8297.87690782548  7.861040E-16
8300.71344780923  8.425556E-16
8303.54998779298  1.290951E-15
8306.38652777673  -4.282788E-16
8309.22306776048  1.055825E-15
8312.05960774423  7.781709E-16
8314.89614772798  1.020087E-15
8317.73268771173  4.301039E-16
8320.56922769548  8.542382E-16
8323.40576767923  -7.419137E-16
8326.24230766297  3.722187E-15
8329.07884764672  8.767884E-16
8331.91538763047  3.691110E-16
8334.75192761422  1.554484E-15
8337.58846759797  9.846570E-16
8340.42500758172  1.087213E-15
8343.26154756547  8.711572E-16
8346.09808754922  1.379549E-15
8348.93462753297  2.710218E-15
8351.77116751672  -1.659455E-15
8354.60770750047  6.837252E-16
8357.44424748422  1.662527E-15
8360.28078746797  -1.377772E-16
8363.11732745172  1.617944E-15
8365.95386743547  1.221700E-15
8368.79040741922  9.625311E-16
8371.62694740296  6.429924E-16
8374.46348738671  1.134008E-15
8377.30002737046  -1.359136E-16
8380.13656735421  2.798399E-15
8382.97310733796  1.725967E-15
8385.80964732171  1.364860E-15
8388.64618730546  1.148023E-15
8391.48272728921  1.361662E-15
8394.31926727296  9.048693E-16
8397.15580725671  1.719270E-15
8399.99234724046  1.770252E-15
8402.82888722421  9.390391E-16
8405.66542720796  2.032024E-15
8408.50196719171  9.417600E-16
8411.33850717546  1.291242E-15
8414.17504715921  8.223375E-16
8417.01158714296  7.143708E-16
8419.8481271267  5.066188E-16
8422.68466711045  7.756886E-16
8425.5212070942  9.723444E-16
8428.35774707795  8.649586E-16
8431.1942870617  2.335205E-16
8434.03082704545  -7.187597E-16
8436.8673670292  1.364325E-15
8439.70390701295  1.159913E-15
8442.5404469967  1.556134E-15
8445.37698698045  7.536700E-16
8448.2135269642  7.771303E-16
8451.05006694795  1.135288E-15
8453.8866069317  1.040837E-15
8456.72314691545  6.979584E-16
8459.5596868992  1.383907E-15
8462.39622688295  1.595500E-15
8465.2327668667  1.361513E-15
8468.06930685044  1.037320E-15
8470.90584683419  7.537524E-16
8473.74238681794  1.308239E-15
8476.57892680169  1.049293E-15
8479.41546678544  1.009673E-15
8482.25200676919  1.711558E-15
8485.08854675294  9.713723E-16
8487.92508673669  7.835074E-16
8490.76162672044  1.086408E-15
8493.59816670419  9.766763E-16
8496.43470668794  1.136240E-15
8499.27124667169  1.017172E-15
8502.10778665544  1.251941E-15
8504.94432663919  1.164944E-15
8507.78086662294  1.035566E-15
8510.61740660669  6.111377E-16
8513.45394659044  1.455806E-15
8516.29048657418  1.296901E-15
8519.12702655793  1.080084E-15
8521.96356654168  1.115444E-15
8524.80010652543  1.226445E-15
8527.63664650918  1.546340E-15
8530.47318649293  1.117055E-15
8533.30972647668  1.211626E-15
8536.14626646043  1.215201E-15
8538.98280644418  1.314746E-15
8541.81934642793  1.386801E-15
8544.65588641168  1.218590E-15
8547.49242639543  1.391647E-15
8550.32896637918  1.371299E-15
8553.16550636293  1.299316E-15
8556.00204634668  1.458194E-15
8558.83858633042  1.406983E-15
8561.67512631417  1.318893E-15
8564.51166629792  1.239388E-15
8567.34820628167  1.326824E-15
8570.18474626542  1.249393E-15
8573.02128624917  1.343691E-15
8575.85782623292  1.497241E-15
8578.69436621667  1.333423E-15
8581.53090620042  1.250043E-15
8584.36744618417  1.396908E-15
8587.20398616792  1.460851E-15
8590.04052615167  1.362600E-15
8592.87706613542  1.303808E-15
8595.71360611917  1.272093E-15
8598.55014610292  1.263819E-15
8601.38668608667  1.307291E-15
8604.22322607041  1.420532E-15
8607.05976605417  1.522862E-15
8609.89630603791  1.263893E-15
8612.73284602166  1.460783E-15
8615.56938600541  1.797345E-15
8618.40592598916  1.426825E-15
8621.24246597291  1.368810E-15
8624.07900595666  1.121177E-15
8626.91554594041  1.361593E-15
8629.75208592416  1.716086E-15
8632.58862590791  1.306743E-15
8635.42516589166  1.086923E-15
8638.26170587541  1.254533E-15
8641.09824585916  1.216277E-15
8643.93478584291  1.363236E-15
8646.77132582666  1.409367E-15
8649.60786581041  1.389368E-15
8652.44440579416  1.450308E-15
8655.2809457779  1.362603E-15
8658.11748576165  1.186502E-15
8660.9540257454  1.138996E-15
8663.79056572915  1.348875E-15
8666.6271057129  1.126841E-15
8669.46364569665  1.231246E-15
8672.3001856804  1.361261E-15
8675.13672566415  1.168487E-15
8677.9732656479  1.261865E-15
8680.80980563165  1.032934E-15
8683.6463456154  1.218307E-15
8686.48288559915  1.163677E-15
8689.3194255829  1.222455E-15
8692.15596556665  1.148416E-15
8694.9925055504  1.147780E-15
8697.82904553415  1.012384E-15
8700.66558551789  1.165869E-15
8703.50212550164  1.134130E-15
8706.33866548539  1.192327E-15
8709.17520546914  1.355791E-15
8712.01174545289  1.346060E-15
8714.84828543664  1.330752E-15
8717.68482542039  1.406539E-15
8720.52136540414  1.408341E-15
8723.35790538789  1.320970E-15
8726.19444537164  1.331682E-15
8729.03098535539  1.253553E-15
8731.86752533914  1.067426E-15
8734.70406532289  1.066051E-15
8737.54060530664  1.455275E-15
8740.37714529039  1.184422E-15
8743.21368527414  9.169716E-16
8746.05022525788  1.646850E-15
8748.88676524164  9.303642E-16
8751.72330522538  7.853784E-16
8754.55984520913  1.398911E-15
8757.39638519288  8.769479E-16
8760.23292517663  3.641594E-16
8763.06946516038  8.565822E-16
8765.90600514413  3.058877E-16
8768.74254512788  1.085593E-15
8771.57908511163  6.396232E-16
8774.41562509538  2.443547E-16
8777.25216507913  1.386636E-15
8780.08870506288  8.949218E-16
8782.92524504663  3.765927E-16
8785.76178503038  3.204212E-16
8788.59832501412  1.177054E-15
8791.43486499788  8.619639E-16
8794.27140498163  7.144684E-16
8797.10794496537  7.471206E-16
8799.94448494912  7.111057E-16
8802.78102493287  2.402005E-16
8805.61756491662  1.397079E-16
8808.45410490037  2.292729E-15
8811.29064488412  -2.978425E-16
8814.12718486787  5.867016E-16
8816.96372485162  7.776810E-16
8819.80026483537  2.915847E-16
8822.63680481912  4.740156E-16
8825.47334480287  4.170978E-16
8828.30988478662  3.443370E-16
8831.14642477037  1.087245E-15
8833.98296475412  -1.942133E-16
8836.81950473786  -4.223898E-16
8839.65604472161  7.023348E-16
8842.49258470536  8.838625E-16
8845.32912468911  -5.502186E-16
8848.16566467286  1.529296E-15
8851.00220465661  3.086234E-15
8853.83874464036  4.718593E-16
8856.67528462411  9.522180E-16
8859.51182460786  5.468054E-16
8862.34836459161  5.065313E-16
8865.18490457536  -5.647331E-16
8868.02144455911  2.012143E-15
8870.85798454286  2.912614E-16
8873.69452452661  9.222932E-16
8876.53106451036  -9.956641E-17
8879.36760449411  4.573378E-16
8882.20414447786  -8.301478E-17
8885.0406844616  4.950877E-16
8887.87722444535  3.013367E-17
8890.71376442911  -4.240560E-17
8893.55030441285  1.201040E-15
8896.3868443966  1.145560E-15
8899.22338438035  1.304314E-16
8902.0599243641  9.285551E-16
8904.89646434785  4.528761E-16
8907.7330043316  8.972329E-17
8910.56954431535  7.242529E-16
8913.4060842991  2.713677E-16
8916.24262428285  4.335845E-16
8919.0791642666  7.590199E-16
8921.91570425035  7.083519E-16
8924.7522442341  -7.241026E-16
8927.58878421785  1.673918E-15
8930.4253242016  5.823084E-16
8933.26186418534  5.664830E-16
8936.09840416909  1.042714E-15
8938.93494415284  2.330965E-17
8941.77148413659  1.973380E-16
8944.60802412034  4.814883E-16
8947.44456410409  5.586753E-16
8950.28110408784  4.046581E-16
8953.11764407159  5.633421E-16
8955.95418405534  4.470607E-16
8958.79072403909  3.575017E-16
8961.62726402284  5.582243E-16
8964.46380400659  -2.416918E-16
8967.30034399034  9.917379E-16
8970.13688397409  3.815055E-16
8972.97342395784  4.424160E-16
8975.80996394159  5.010453E-16
8978.64650392534  3.078172E-16
8981.48304390908  8.585393E-16
8984.31958389283  1.164292E-15
8987.15612387658  1.023097E-15
8989.99266386033  2.935550E-16
8992.82920384408  3.127591E-15
8995.66574382783  1.263640E-15
8998.50228381158  4.616804E-16
9001.33882379533  4.936551E-16
9004.17536377908  4.882118E-16
9007.01190376283  6.180962E-16
9009.84844374658  1.519030E-16
9012.68498373033  5.061918E-16
9015.52152371408  3.638518E-16
9018.35806369783  5.829486E-16
9021.19460368158  5.090330E-16
9024.03114366532  4.673189E-16
9026.86768364908  3.340777E-16
9029.70422363282  4.158147E-16
9032.54076361657  4.611620E-16
9035.37730360032  4.115409E-16
9038.21384358407  4.640741E-16
9041.05038356782  5.346018E-16
9043.88692355157  5.146683E-16
9046.72346353532  3.709951E-16
9049.56000351907  4.126580E-16
9052.39654350282  3.360480E-16
9055.23308348657  5.315743E-16
9058.06962347032  3.144098E-16
9060.90616345407  3.764086E-16
9063.74270343782  4.196209E-16
9066.57924342157  4.726135E-16
9069.41578340532  4.620648E-16
9072.25232338906  3.384699E-16
9075.08886337281  4.532212E-16
9077.92540335656  3.693362E-16
9080.76194334031  4.717195E-16
9083.59848332406  3.968382E-16
9086.43502330781  4.199099E-16
9089.27156329156  5.097438E-16
9092.10810327531  4.581857E-16
9094.94464325906  3.440112E-16
9097.78118324281  3.752907E-16
9100.61772322656  4.741165E-16
9103.45426321031  3.975211E-16
9106.29080319406  3.755099E-16
9109.12734317781  4.601106E-16
9111.96388316156  5.175625E-16
9114.8004231453  4.635402E-16
9117.63696312905  4.908735E-16
9120.4735031128  5.010174E-16
9123.31004309655  5.051259E-16
9126.1465830803  5.310876E-16
9128.98312306405  4.699396E-16
9131.8196630478  4.232716E-16
9134.65620303155  3.910448E-16
9137.4927430153  3.874381E-16
9140.32928299905  4.606084E-16
9143.1658229828  4.143823E-16
9146.00236296655  3.471595E-16
9148.8389029503  4.304622E-16
9151.67544293405  4.300007E-16
9154.5119829178  4.738634E-16
9157.34852290155  4.134193E-16
9160.1850628853  4.432779E-16
9163.02160286905  3.643318E-16
9165.85814285279  4.689110E-16
9168.69468283654  5.067191E-16
9171.53122282029  5.046242E-16
9174.36776280404  4.881841E-16
9177.20430278779  4.982037E-16
9180.04084277154  4.479442E-16
9182.87738275529  4.740443E-16
9185.71392273904  4.072334E-16
9188.55046272279  4.909257E-16
9191.38700270654  4.961432E-16
9194.22354269029  3.901216E-16
9197.06008267404  5.157380E-16
9199.89662265779  4.641251E-16
9202.73316264154  4.712507E-16
9205.56970262529  4.171298E-16
9208.40624260904  3.635956E-16
9211.24278259278  4.558704E-16
9214.07932257653  5.310741E-16
9216.91586256028  5.183978E-16
9219.75240254403  4.736881E-16
9222.58894252778  5.221956E-16
9225.42548251153  5.258201E-16
9228.26202249528  4.605434E-16
9231.09856247903  4.537593E-16
9233.93510246278  4.924457E-16
9236.77164244653  5.198513E-16
9239.60818243028  4.870541E-16
9242.44472241403  4.816772E-16
9245.28126239778  4.797569E-16
9248.11780238153  4.903675E-16
9250.95434236528  5.020958E-16
9253.79088234903  4.921432E-16
9256.62742233277  4.537572E-16
9259.46396231653  4.964978E-16
9262.30050230027  7.045965E-16
9265.13704228402  1.315441E-15
9267.97358226777  1.309086E-15
9270.81012225152  6.953347E-16
9273.64666223527  4.601435E-16
9276.48320221902  3.825904E-16
9279.31974220277  5.364206E-16
9282.15628218652  3.858244E-16
9284.99282217027  4.950130E-16
9287.82936215402  3.533879E-16
9290.66590213777  3.488190E-16
9293.50244212152  3.472154E-16
9296.33898210527  8.738447E-16
9299.17552208902  5.472805E-16
9302.01206207277  6.421034E-16
9304.84860205652  -6.172263E-17
9307.68514204026  3.923178E-16
9310.52168202401  3.334543E-16
9313.35822200776  3.882941E-16
9316.19476199151  3.925778E-16
9319.03130197526  5.922148E-16
9321.86784195901  4.962089E-16
9324.70438194276  4.437853E-16
9327.54092192651  8.182245E-16
9330.37746191026  7.629597E-16
9333.21400189401  -5.616513E-16
9336.05054187776  5.542082E-16
9338.88708186151  5.056245E-16
9341.72362184526  5.663307E-16
9344.56016182901  5.552309E-16
9347.39670181276  1.233404E-16
9350.23324179651  3.345909E-16
9353.06978178026  3.672221E-16
9355.90632176401  -1.698331E-16
9358.74286174775  -1.564997E-17
9361.5794017315  -1.147083E-16
9364.41594171525  -5.169588E-17
9367.252481699  7.553909E-17
9370.08902168275  1.418274E-16
9372.9255616665  1.966150E-16
9375.76210165025  3.342092E-16
9378.598641634  -1.203156E-16
9381.43518161775  9.870243E-18
9384.2717216015  1.638141E-15
9387.10826158525  2.338685E-16
9389.944801569  2.397876E-16
9392.78134155275  2.991687E-16
9395.6178815365  5.045678E-16
9398.45442152025  2.238910E-16
9401.29096150399  3.739887E-16
9404.12750148775  3.996766E-16
9406.96404147149  2.436047E-16
9409.80058145524  2.912122E-16
9412.63712143899  4.235034E-16
9415.47366142274  2.436117E-16
9418.31020140649  5.585674E-17
9421.14674139024  5.879454E-16
9423.98328137399  -1.829290E-16
9426.81982135774  2.727384E-16
9429.65636134149  3.147985E-16
9432.49290132524  1.560188E-16
9435.32944130899  9.723501E-17
9438.16598129274  -2.920506E-16
9441.00252127649  3.030142E-16
9443.83906126024  1.675029E-16
9446.67560124399  9.239604E-16
9449.51214122774  -1.756838E-16
9452.34868121148  1.609610E-16
9455.18522119523  -3.847607E-17
9458.02176117898  -4.058982E-16
9460.85830116273  3.959042E-16
9463.69484114648  -4.964896E-17
9466.53138113023  3.389713E-16
9469.36792111398  -1.347046E-17
9472.20446109773  6.619801E-17
9475.04100108148  -1.378825E-17
9477.87754106523  1.992040E-17
9480.71408104898  3.637592E-17
9483.55062103273  2.441946E-16
9486.38716101648  2.602562E-16
9489.22370100023  1.518144E-16
9492.06024098398  1.720929E-16
9494.89678096773  9.909925E-17
9497.73332095147  2.157907E-16
9500.56986093522  -1.593888E-16
9503.40640091897  2.809126E-16
9506.24294090272  1.760170E-16
9509.07948088647  1.086967E-16
9511.91602087022  3.624190E-16
9514.75256085397  2.240528E-16
9517.58910083772  1.602529E-16
9520.42564082147  2.258230E-16
9523.26218080522  2.880638E-16
9526.09872078897  1.408732E-16
9528.93526077272  4.778072E-16
9531.77180075647  1.312936E-16
9534.60834074022  3.562012E-17
9537.44488072397  1.024581E-16
9540.28142070772  1.369350E-16
9543.11796069147  1.189055E-16
9545.95450067521  -1.627713E-16
9548.79104065896  9.368706E-17
9551.62758064271  4.899840E-17
9554.46412062646  1.617725E-16
9557.30066061021  2.480696E-16
9560.13720059396  1.722607E-16
9562.97374057771  1.731703E-16
9565.81028056146  2.713784E-16
9568.64682054521  2.205751E-16
9571.48336052896  1.389182E-16
9574.31990051271  4.463612E-16
9577.15644049646  2.645232E-17
9579.99298048021  9.093435E-17
9582.82952046396  1.313234E-16
9585.66606044771  1.173089E-16
9588.50260043145  4.455108E-17
9591.33914041521  7.997242E-17
9594.17568039895  8.265447E-17
9597.0122203827  5.270977E-17
9599.84876036645  1.258347E-16
9602.6853003502  5.430371E-17
9605.52184033395  7.563736E-17
9608.3583803177  1.519287E-16
9611.19492030145  1.469071E-16
9614.0314602852  1.267843E-16
9616.86800026895  1.595020E-16
9619.7045402527  1.280921E-16
9622.54108023645  1.184698E-16
9625.3776202202  1.848158E-16
9628.21416020395  1.581098E-16
9631.0507001877  1.943801E-16
9633.88724017145  1.225903E-16
9636.7237801552  9.625658E-17
9639.56032013895  1.116376E-16
9642.39686012269  1.038687E-16
9645.23340010644  1.094528E-16
9648.06994009019  8.764355E-17
9650.90648007394  7.215751E-17
9653.74302005769  1.293674E-16
9656.57956004144  1.335646E-16
9659.41610002519  3.898403E-17
9662.25264000894  6.119000E-17
9665.08917999269  7.213562E-17
9667.92571997644  6.170125E-18
9670.76225996019  3.897686E-17
9673.59879994394  1.287840E-16
9676.43533992769  1.570170E-16
9679.27187991144  -6.458776E-17
9682.10841989519  8.305147E-17
9684.94495987893  1.284688E-16
9687.78149986268  1.881922E-16
9690.61803984643  1.568639E-16
9693.45457983018  1.076644E-16
9696.29111981393  8.195062E-17
9699.12765979768  4.855129E-17
9701.96419978143  -2.374632E-17
9704.80073976518  -6.082033E-17
9707.63727974893  1.288818E-16
9710.47381973268  2.022129E-16
9713.31035971643  5.849297E-17
9716.14689970018  9.911726E-17
9718.98343968393  7.655661E-17
9721.81997966768  8.165787E-17
9724.65651965143  1.143627E-16
9727.49305963518  1.542383E-16
9730.32959961892  1.799532E-16
9733.16613960268  1.062035E-16
9736.00267958642  1.204736E-16
9738.83921957017  1.459164E-16
9741.67575955392  1.054666E-16
9744.51229953767  1.216593E-16
9747.34883952142  1.744668E-16
9750.18537950517  1.527349E-16
9753.02191948892  1.119917E-16
9755.85845947267  1.135695E-16
9758.69499945642  1.123521E-16
9761.53153944017  1.393140E-16
9764.36807942392  9.593516E-17
9767.20461940767  7.542077E-17
9770.04115939142  -2.657140E-16
9772.87769937517  -1.742836E-16
9775.71423935892  8.798380E-17
9778.55077934266  -9.361131E-17
9781.38731932641  3.355088E-17
9784.22385931016  1.081360E-16
9787.06039929391  1.260955E-16
9789.89693927766  9.381891E-17
9792.73347926141  1.940518E-16
9795.57001924516  1.448822E-16
9798.40655922891  3.531936E-16
9801.24309921266  5.426933E-16
9804.07963919641  9.939860E-17
9806.91617918016  2.243037E-16
9809.75271916391  2.363371E-16
9812.58925914766  1.326757E-16
9815.42579913141  1.485175E-16
9818.26233911516  1.447965E-16
9821.09887909891  1.803167E-16
9823.93541908266  2.060214E-16
9826.7719590664  1.470134E-16
9829.60849905015  1.202706E-16
9832.4450390339  -4.534946E-17
9835.28157901765  -9.705724E-17
9838.1181190014  -9.707328E-17
9840.95465898515  -9.687536E-17
9843.7911989689  -9.668148E-17
