4672.77880859375  1.140971E-18
4675.6153485775  3.661581E-18
4678.45188856125  6.494559E-19
4681.288428545  -6.133983E-18
4684.12496852875  1.163925E-18
4686.9615085125  3.488617E-18
4689.79804849625  5.315391E-19
4692.63458848  1.737090E-18
4695.47112846375  -3.817053E-18
4698.3076684475  -8.084280E-19
4701.14420843125  1.974055E-18
4703.980748415  5.783079E-18
4706.81728839875  2.248182E-18
4709.6538283825  2.082378E-18
4712.49036836625  4.907218E-18
4715.32690835  4.309930E-18
4718.16344833374  3.751866E-18
4720.99998831749  3.458874E-18
4723.83652830124  2.305645E-18
4726.67306828499  3.130616E-18
4729.50960826874  3.193934E-18
4732.34614825249  2.613714E-18
4735.18268823624  2.412262E-19
4738.01922821999  6.665322E-19
4740.85576820374  3.023152E-18
4743.69230818749  2.928844E-18
4746.52884817124  1.808063E-18
4749.36538815499  5.286244E-18
4752.20192813874  6.243048E-18
4755.03846812249  3.152392E-18
4757.87500810624  2.049530E-18
4760.71154808999  5.010242E-18
4763.54808807374  6.918669E-18
4766.38462805748  7.635875E-18
4769.22116804123  4.353687E-18
4772.05770802498  2.807294E-18
4774.89424800873  4.661206E-18
4777.73078799248  2.569048E-18
4780.56732797623  5.393316E-18
4783.40386795998  4.102405E-18
4786.24040794373  7.111925E-18
4789.07694792748  1.986681E-18
4791.91348791123  2.907707E-18
4794.75002789498  4.001526E-18
4797.58656787873  3.935603E-18
4800.42310786248  6.666240E-18
4803.25964784623  3.779968E-18
4806.09618782998  5.359576E-18
4808.93272781372  5.270683E-18
4811.76926779747  5.892288E-18
4814.60580778122  6.287260E-18
4817.44234776497  6.662477E-19
4820.27888774872  -6.538691E-20
4823.11542773247  5.826989E-19
4825.95196771622  1.006092E-18
4828.78850769997  1.588598E-18
4831.62504768372  2.825729E-18
4834.46158766747  2.523353E-18
4837.29812765122  6.195354E-18
4840.13466763497  7.275094E-18
4842.97120761872  3.785615E-18
4845.80774760247  1.737505E-18
4848.64428758622  1.959503E-18
4851.48082756997  4.686170E-18
4854.31736755372  2.544179E-18
4857.15390753746  2.581900E-18
4859.99044752121  5.352840E-18
4862.82698750496  1.087783E-18
4865.66352748871  2.376131E-20
4868.50006747246  3.597433E-18
4871.33660745621  3.050738E-18
4874.17314743996  4.052283E-18
4877.00968742371  3.715317E-18
4879.84622740746  1.526687E-18
4882.68276739121  1.915634E-18
4885.51930737496  2.254620E-18
4888.35584735871  3.716850E-18
4891.19238734246  1.049931E-18
4894.02892732621  2.415117E-18
4896.86546730996  3.321421E-18
4899.70200729371  3.620929E-18
4902.53854727746  3.474161E-18
4905.3750872612  3.680055E-18
4908.21162724495  1.373070E-18
4911.0481672287  1.587380E-18
4913.88470721245  2.257331E-18
4916.7212471962  4.998604E-18
4919.55778717995  3.390731E-18
4922.3943271637  2.754841E-18
4925.23086714745  4.077914E-18
4928.0674071312  3.695861E-18
4930.90394711495  4.483812E-18
4933.7404870987  4.944614E-18
4936.57702708245  3.173680E-18
4939.4135670662  3.063544E-18
4942.25010704995  3.583569E-18
4945.0866470337  1.287743E-18
4947.92318701745  1.961400E-18
4950.75972700119  4.386253E-18
4953.59626698494  3.608198E-18
4956.43280696869  2.530995E-18
4959.26934695244  3.820706E-18
4962.10588693619  4.480927E-18
4964.94242691994  3.317546E-18
4967.77896690369  3.747079E-18
4970.61550688744  3.138528E-18
4973.45204687119  4.699557E-18
4976.28858685494  2.777652E-18
4979.12512683869  5.059798E-18
4981.96166682244  7.001842E-18
4984.79820680619  3.556557E-18
4987.63474678994  2.518340E-18
4990.47128677369  2.536754E-18
4993.30782675744  1.660064E-18
4996.14436674119  1.828716E-18
4998.98090672494  1.376878E-18
5001.81744670868  2.833596E-18
5004.65398669243  4.394471E-18
5007.49052667618  3.997444E-18
5010.32706665993  3.499968E-19
5013.16360664368  2.589175E-18
5016.00014662743  6.942941E-18
5018.83668661118  2.580485E-18
5021.67322659493  1.527664E-18
5024.50976657868  1.969199E-18
5027.34630656243  2.037364E-18
5030.18284654618  3.899777E-18
5033.01938652993  3.218662E-18
5035.85592651368  4.877599E-18
5038.69246649743  5.926331E-18
5041.52900648118  3.227295E-18
5044.36554646493  2.890744E-18
5047.20208644868  4.178940E-18
5050.03862643242  5.541352E-18
5052.87516641617  3.776347E-18
5055.71170639992  2.627994E-18
5058.54824638367  2.882282E-18
5061.38478636742  1.868495E-18
5064.22132635117  6.017703E-18
5067.05786633492  3.877946E-18
5069.89440631867  3.011271E-18
5072.73094630242  3.836575E-18
5075.56748628617  3.990860E-18
5078.40402626992  3.621587E-18
5081.24056625367  3.919533E-18
5084.07710623742  4.065731E-18
5086.91364622117  3.790042E-18
5089.75018620492  4.295832E-18
5092.58672618867  3.799134E-18
5095.42326617241  2.327991E-18
5098.25980615616  1.521815E-18
5101.09634613991  3.741401E-18
5103.93288612366  5.157160E-18
5106.76942610741  4.698729E-18
5109.60596609116  4.580699E-18
5112.44250607491  2.880950E-18
5115.27904605866  1.285138E-18
5118.11558604241  3.201784E-18
5120.95212602616  3.738951E-18
5123.78866600991  3.419684E-18
5126.62520599366  2.986902E-18
5129.46174597741  1.621082E-18
5132.29828596116  1.838193E-18
5135.13482594491  3.203194E-18
5137.97136592866  4.470334E-18
5140.80790591241  2.846544E-18
5143.64444589616  3.416036E-18
5146.4809858799  4.226545E-18
5149.31752586365  3.333139E-18
5152.1540658474  5.297493E-18
5154.99060583115  4.085584E-18
5157.8271458149  4.196475E-18
5160.66368579865  3.666107E-18
5163.5002257824  4.249734E-18
5166.33676576615  3.936902E-18
5169.1733057499  5.696324E-18
5172.00984573365  5.963245E-18
5174.8463857174  4.552420E-18
5177.68292570115  4.306357E-18
5180.5194656849  2.569153E-18
5183.35600566865  4.090588E-18
5186.1925456524  7.659477E-18
5189.02908563615  1.571831E-18
5191.86562561989  2.690750E-17
5194.70216560364  2.551619E-17
5197.53870558739  1.678121E-16
5200.37524557114  4.136290E-17
5203.21178555489  2.075553E-18
5206.04832553864  7.696573E-18
5208.88486552239  4.191247E-18
5211.72140550614  6.533774E-18
5214.55794548989  6.183871E-18
5217.39448547364  4.383008E-18
5220.23102545739  3.759737E-18
5223.06756544114  2.315544E-18
5225.90410542489  4.200694E-18
5228.74064540864  5.566182E-18
5231.57718539239  8.042019E-18
5234.41372537614  2.916112E-18
5237.25026535988  7.278442E-17
5240.08680534363  1.459291E-16
5242.92334532738  9.209549E-17
5245.75988531113  1.639813E-16
5248.59642529488  6.181738E-17
5251.43296527863  8.204867E-18
5254.26950526238  7.712257E-18
5257.10604524613  5.222861E-18
5259.94258522988  5.937155E-18
5262.77912521363  4.674742E-18
5265.61566519738  4.267262E-18
5268.45220518113  5.549209E-18
5271.28874516488  5.385089E-18
5274.12528514863  5.271793E-18
5276.96182513238  2.516029E-18
5279.79836511612  3.853678E-18
5282.63490509987  2.932496E-18
5285.47144508363  3.427525E-18
5288.30798506737  4.054643E-18
5291.14452505112  5.783591E-18
5293.98106503487  2.801476E-18
5296.81760501862  2.642151E-18
5299.65414500237  2.125560E-18
5302.49068498612  1.819434E-18
5305.32722496987  5.883824E-18
5308.16376495362  4.406607E-18
5311.00030493737  5.477739E-18
5313.83684492112  6.237473E-18
5316.67338490487  6.579217E-18
5319.50992488862  7.188318E-18
5322.34646487237  7.102836E-18
5325.18300485611  5.378433E-18
5328.01954483987  5.623788E-18
5330.85608482361  6.909156E-18
5333.69262480736  5.977346E-18
5336.52916479111  6.263873E-18
5339.36570477486  6.261008E-18
5342.20224475861  4.437599E-18
5345.03878474236  4.131886E-18
5347.87532472611  1.315854E-17
5350.71186470986  4.216952E-17
5353.54840469361  6.234802E-17
5356.38494467736  6.074896E-17
5359.22148466111  5.114851E-17
5362.05802464486  3.354718E-17
5364.89456462861  2.839296E-17
5367.73110461236  3.190867E-17
5370.56764459611  2.203518E-17
5373.40418457986  8.261451E-18
5376.2407245636  3.429814E-18
5379.07726454735  6.002435E-18
5381.9138045311  7.286714E-18
5384.75034451485  5.553927E-18
5387.5868844986  4.847816E-18
5390.42342448235  6.444839E-18
5393.2599644661  5.778328E-18
5396.09650444985  5.973777E-18
5398.9330444336  5.997986E-18
5401.76958441735  6.938664E-18
5404.6061244011  6.539893E-18
5407.44266438485  5.663094E-18
5410.2792043686  4.722185E-18
5413.11574435235  6.768714E-18
5415.9522843361  7.360419E-18
5418.78882431985  4.497439E-18
5421.62536430359  4.133672E-18
5424.46190428734  7.150792E-18
5427.29844427109  6.451139E-18
5430.13498425484  2.096864E-17
5432.97152423859  3.912512E-17
5435.80806422234  8.250459E-17
5438.64460420609  2.418974E-17
5441.48114418984  3.860919E-18
5444.31768417359  4.858523E-18
5447.15422415734  4.238394E-18
5449.99076414109  4.306383E-18
5452.82730412484  5.249300E-18
5455.66384410859  5.448052E-18
5458.50038409234  5.915931E-18
5461.33692407609  3.251932E-18
5464.17346405984  6.396792E-18
5467.01000404358  5.282233E-18
5469.84654402734  6.129847E-18
5472.68308401108  5.272199E-18
5475.51962399483  6.587149E-18
5478.35616397858  6.276774E-18
5481.19270396233  8.426670E-18
5484.02924394608  4.800269E-18
5486.86578392983  4.035839E-18
5489.70232391358  4.422597E-18
5492.53886389733  3.529371E-18
5495.37540388108  5.410289E-18
5498.21194386483  6.505366E-18
5501.04848384858  5.369312E-18
5503.88502383233  5.220771E-18
5506.72156381608  4.564847E-18
5509.55810379983  5.094193E-18
5512.39464378358  7.044923E-18
5515.23118376733  7.733511E-18
5518.06772375107  7.058121E-18
5520.90426373482  5.347383E-18
5523.74080371857  5.639382E-18
5526.57734370232  4.002222E-18
5529.41388368607  4.805915E-18
5532.25042366982  5.375465E-18
5535.08696365357  4.108022E-18
5537.92350363732  5.455187E-18
5540.76004362107  5.692548E-18
5543.59658360482  6.261036E-18
5546.43312358857  6.220497E-18
5549.26966357232  4.907988E-18
5552.10620355607  4.589782E-18
5554.94274353982  7.180421E-18
5557.77928352357  7.642031E-18
5560.61582350732  1.016288E-17
5563.45236349107  -1.297327E-17
5566.28890347481  -4.245182E-17
5569.12544345856  -2.484834E-18
5571.96198344231  1.381265E-17
5574.79852342606  5.095162E-18
5577.63506340981  1.147072E-17
5580.47160339356  2.072606E-18
5583.30814337731  4.595753E-18
5586.14468336106  3.500989E-18
5588.98122334481  8.323801E-18
5591.81776332856  5.588103E-17
5594.65430331231  2.604381E-17
5597.49084329606  -3.046963E-18
5600.32738327981  9.138492E-18
5603.16392326356  6.316225E-18
5606.00046324731  7.096861E-18
5608.83700323106  5.178297E-18
5611.67354321481  5.329720E-18
5614.51008319856  6.359012E-18
5617.3466231823  6.023508E-18
5620.18316316605  6.871671E-18
5623.0197031498  4.756363E-18
5625.85624313355  4.502289E-18
5628.6927831173  5.571885E-18
5631.52932310105  4.665186E-18
5634.3658630848  3.862865E-18
5637.20240306855  5.400978E-18
5640.0389430523  7.382247E-18
5642.87548303605  7.837179E-18
5645.7120230198  6.843191E-18
5648.54856300355  6.235969E-18
5651.3851029873  5.051418E-18
5654.22164297105  3.698015E-18
5657.0581829548  5.561054E-18
5659.89472293854  5.712131E-18
5662.73126292229  5.340230E-18
5665.56780290604  5.164013E-18
5668.40434288979  4.254611E-18
5671.24088287354  5.154296E-18
5674.07742285729  3.077757E-18
5676.91396284104  3.698337E-18
5679.75050282479  5.778123E-18
5682.58704280854  5.612220E-18
5685.42358279229  6.171534E-18
5688.26012277604  5.189338E-18
5691.09666275979  4.011789E-18
5693.93320274354  5.591087E-18
5696.76974272729  5.109644E-18
5699.60628271104  4.438868E-18
5702.44282269478  4.930063E-18
5705.27936267854  5.095625E-18
5708.11590266228  4.885602E-18
5710.95244264603  5.710049E-18
5713.78898262978  5.459163E-18
5716.62552261353  4.872870E-18
5719.46206259728  5.298885E-18
5722.29860258103  3.533140E-18
5725.13514256478  4.000848E-18
5727.97168254853  3.145954E-18
5730.80822253228  3.835750E-18
5733.64476251603  4.835979E-18
5736.48130249978  4.747727E-18
5739.31784248353  4.698416E-18
5742.15438246728  5.648861E-18
5744.99092245103  5.870143E-18
5747.82746243478  6.329495E-18
5750.66400241852  6.919630E-18
5753.50054240227  6.388969E-18
5756.33708238602  7.465467E-18
5759.17362236977  7.459643E-18
5762.01016235352  7.182012E-18
5764.84670233727  7.262504E-18
5767.68324232102  6.751785E-18
5770.51978230477  8.193102E-18
5773.35632228852  7.048598E-18
5776.19286227227  5.749648E-18
5779.02940225602  5.221668E-18
5781.86594223977  5.985498E-18
5784.70248222352  7.874991E-18
5787.53902220727  7.008023E-18
5790.37556219102  5.183951E-18
5793.21210217477  5.267463E-18
5796.04864215852  7.790031E-18
5798.88518214226  6.015953E-18
5801.72172212601  5.856384E-18
5804.55826210976  7.892242E-18
5807.39480209351  7.142069E-18
5810.23134207726  4.846761E-18
5813.06788206101  4.616234E-18
5815.90442204476  6.339849E-18
5818.74096202851  7.108954E-18
5821.57750201226  6.842727E-18
5824.41404199601  7.611681E-18
5827.25058197976  5.489986E-18
5830.08712196351  6.922400E-18
5832.92366194726  6.378617E-18
5835.76020193101  7.455538E-18
5838.59674191475  6.889267E-18
5841.43328189851  7.321476E-18
5844.26982188225  7.676000E-18
5847.106361866  7.145663E-18
5849.94290184975  5.894806E-18
5852.7794418335  5.813920E-18
5855.61598181725  7.634961E-18
5858.452521801  6.905008E-18
5861.28906178475  7.489600E-18
5864.1256017685  6.761687E-18
5866.96214175225  7.784417E-18
5869.798681736  7.690997E-18
5872.63522171975  7.307019E-18
5875.4717617035  1.251637E-18
5878.30830168725  6.472923E-18
5881.144841671  2.966892E-18
5883.98138165475  7.662423E-18
5886.8179216385  4.755446E-18
5889.65446162225  5.704524E-18
5892.49100160599  7.302959E-18
5895.32754158974  3.408470E-18
5898.16408157349  8.099749E-18
5901.00062155724  1.224224E-17
5903.83716154099  1.794656E-17
5906.67370152474  9.096466E-18
5909.51024150849  1.667930E-17
5912.34678149224  2.977203E-18
5915.18332147599  7.472891E-18
5918.01986145974  7.339290E-18
5920.85640144349  6.267345E-18
5923.69294142724  8.328608E-18
5926.52948141099  3.918334E-18
5929.36602139474  9.324862E-18
5932.20256137849  4.051507E-18
5935.03910136223  7.094608E-18
5937.87564134598  8.276018E-18
5940.71218132973  2.802240E-18
5943.54872131348  8.544158E-18
5946.38526129723  9.333141E-18
5949.22180128098  6.843090E-18
5952.05834126473  6.580064E-18
5954.89488124848  6.359813E-18
5957.73142123223  6.289874E-18
5960.56796121598  7.005973E-18
5963.40450119973  7.658613E-18
5966.24104118348  6.523294E-18
5969.07758116723  6.794158E-18
5971.91412115098  4.793428E-18
5974.75066113473  6.010332E-18
5977.58720111848  5.505315E-18
5980.42374110222  5.970124E-18
5983.26028108598  5.693482E-18
5986.09682106972  5.002998E-18
5988.93336105347  6.373258E-18
5991.76990103722  4.583329E-18
5994.60644102097  6.014520E-18
5997.44298100472  5.927802E-18
6000.27952098847  7.246389E-18
6003.11606097222  5.616520E-18
6005.95260095597  5.596162E-18
6008.78914093972  6.061904E-18
6011.62568092347  4.834723E-18
6014.46222090722  5.897387E-18
6017.29876089097  6.099988E-18
6020.13530087472  6.303654E-18
6022.97184085847  4.731817E-18
6025.80838084222  4.222025E-18
6028.64492082597  6.208981E-18
6031.48146080971  7.225418E-18
6034.31800079346  5.525176E-18
6037.15454077721  4.857963E-18
6039.99108076096  5.427924E-18
6042.82762074471  6.582980E-18
6045.66416072846  6.030772E-18
6048.50070071221  6.201513E-18
6051.33724069596  6.516460E-18
6054.17378067971  6.878705E-18
6057.01032066346  6.305218E-18
6059.84686064721  5.578382E-18
6062.68340063096  5.263574E-18
6065.51994061471  6.551790E-18
6068.35648059846  7.729143E-18
6071.19302058221  5.269085E-18
6074.02956056595  5.333963E-18
6076.8661005497  6.693234E-18
6079.70264053345  6.408293E-18
6082.5391805172  6.387391E-18
6085.37572050095  5.577583E-18
6088.2122604847  5.984037E-18
6091.04880046845  6.386793E-18
6093.8853404522  6.395189E-18
6096.72188043595  5.064345E-18
6099.5584204197  4.918316E-18
6102.39496040345  6.553920E-18
6105.2315003872  6.023265E-18
6108.06804037095  4.626687E-18
6110.9045803547  5.502470E-18
6113.74112033845  5.245674E-18
6116.5776603222  6.652389E-18
6119.41420030595  6.718245E-18
6122.2507402897  7.733058E-18
6125.08728027345  8.217265E-18
6127.9238202572  6.121570E-18
6130.76036024094  5.793836E-18
6133.59690022469  6.345879E-18
6136.43344020844  4.815453E-18
6139.26998019219  5.984779E-18
6142.10652017594  7.454399E-18
6144.94306015969  5.832214E-18
6147.77960014344  4.843163E-18
6150.61614012719  6.784953E-18
6153.45268011094  7.410432E-18
6156.28922009469  7.234579E-18
6159.12576007844  6.345886E-18
6161.96230006219  6.615719E-18
6164.79884004594  7.838556E-18
6167.63538002969  7.413452E-18
6170.47192001344  7.501147E-18
6173.30845999718  6.299894E-18
6176.14499998093  4.702099E-18
6178.98153996468  4.507201E-18
6181.81807994843  6.395653E-18
6184.65461993218  7.462609E-18
6187.49115991593  5.145121E-18
6190.32769989968  4.528048E-18
6193.16423988343  6.210636E-18
6196.00077986718  5.700094E-18
6198.83731985093  6.701672E-18
6201.67385983468  5.124256E-18
6204.51039981843  4.943268E-18
6207.34693980218  7.314215E-18
6210.18347978593  7.246134E-18
6213.02001976968  7.029632E-18
6215.85655975343  7.805146E-18
6218.69309973718  8.003575E-18
6221.52963972092  5.769709E-18
6224.36617970467  4.397464E-18
6227.20271968842  8.008424E-18
6230.03925967217  7.588653E-18
6232.87579965592  6.287192E-18
6235.71233963967  6.583192E-18
6238.54887962342  6.901587E-18
6241.38541960717  7.248524E-18
6244.22195959092  7.327094E-18
6247.05849957467  6.780296E-18
6249.89503955842  6.537977E-18
6252.73157954217  6.718449E-18
6255.56811952592  7.188410E-18
6258.40465950967  6.096905E-18
6261.24119949342  7.148205E-18
6264.07773947716  7.456055E-18
6266.91427946091  5.627494E-18
6269.75081944466  7.177355E-18
6272.58735942841  7.165614E-18
6275.42389941216  5.338164E-18
6278.26043939591  8.163931E-18
6281.09697937966  7.893838E-18
6283.93351936341  7.096028E-18
6286.77005934716  4.242563E-18
6289.60659933091  3.663906E-18
6292.44313931466  4.928066E-18
6295.27967929841  3.045735E-18
6298.11621928216  7.461142E-18
6300.95275926591  8.898606E-18
6303.78929924966  9.043566E-18
6306.62583923341  9.137572E-18
6309.46237921716  4.865314E-18
6312.29891920091  1.035872E-17
6315.13545918465  1.086674E-17
6317.9719991684  7.651527E-18
6320.80853915215  1.018480E-17
6323.6450791359  8.410409E-18
6326.48161911965  8.094987E-18
6329.3181591034  7.077805E-18
6332.15469908715  6.386107E-18
6334.9912390709  8.629619E-18
6337.82777905465  7.003086E-18
6340.6643190384  6.777106E-18
6343.50085902215  8.145525E-18
6346.3373990059  8.671606E-18
6349.17393898965  6.378081E-18
6352.0104789734  7.332792E-18
6354.84701895715  7.856823E-18
6357.6835589409  8.121996E-18
6360.52009892464  9.675396E-18
6363.35663890839  9.916809E-18
6366.19317889214  8.192945E-18
6369.02971887589  8.875717E-18
6371.86625885964  8.442633E-18
6374.70279884339  1.035215E-17
6377.53933882714  1.305143E-17
6380.37587881089  1.132208E-17
6383.21241879464  1.010920E-17
6386.04895877839  1.074258E-17
6388.88549876214  1.082581E-17
6391.72203874589  1.082248E-17
6394.55857872964  1.096181E-17
6397.39511871339  1.048958E-17
6400.23165869714  1.000180E-17
6403.06819868089  1.062581E-17
6405.90473866463  9.941090E-18
6408.74127864838  1.108783E-17
6411.57781863213  1.195512E-17
6414.41435861588  1.207579E-17
6417.25089859963  1.137369E-17
6420.08743858338  1.032814E-17
6422.92397856713  1.220409E-17
6425.76051855088  1.274981E-17
6428.59705853463  1.162108E-17
6431.43359851838  1.242688E-17
6434.27013850213  1.231381E-17
6437.10667848588  1.106456E-17
6439.94321846963  1.088168E-17
6442.77975845338  9.855995E-18
6445.61629843713  1.143700E-17
6448.45283842088  1.248675E-17
6451.28937840462  1.119068E-17
6454.12591838837  1.033091E-17
6456.96245837212  9.237984E-18
6459.79899835587  1.028824E-17
6462.63553833962  1.222279E-17
6465.47207832337  1.205576E-17
6468.30861830712  1.200170E-17
6471.14515829087  1.232044E-17
6473.98169827462  1.253044E-17
6476.81823825837  1.230950E-17
6479.65477824212  1.257481E-17
6482.49131822587  1.390257E-17
6485.32785820962  1.009155E-17
6488.16439819337  1.134355E-17
6491.00093817712  1.021029E-17
6493.83747816086  9.768417E-18
6496.67401814462  1.389148E-17
6499.51055812836  1.475321E-17
6502.34709811211  1.311432E-17
6505.18363809586  1.186150E-17
6508.02017807961  1.307771E-17
6510.85671806336  1.387878E-17
6513.69325804711  1.266473E-17
6516.52979803086  1.187996E-17
6519.36633801461  1.116429E-17
6522.20287799836  1.314984E-17
6525.03941798211  1.330826E-17
6527.87595796586  1.150152E-17
6530.71249794961  1.257439E-17
6533.54903793336  1.237135E-17
6536.38557791711  1.228107E-17
6539.22211790086  1.135142E-17
6542.05865788461  1.171073E-17
6544.89519786836  1.187954E-17
6547.7317378521  1.215137E-17
6550.56827783585  1.282361E-17
6553.4048178196  1.364202E-17
6556.24135780335  1.262658E-17
6559.0778977871  1.434014E-17
6561.91443777085  1.616464E-17
6564.7509777546  1.526771E-17
6567.58751773835  1.624375E-17
6570.4240577221  1.495430E-17
6573.26059770585  1.275612E-17
6576.0971376896  1.446340E-17
6578.93367767335  1.213903E-17
6581.7702176571  1.194253E-17
6584.60675764085  1.437332E-17
6587.4432976246  1.229798E-17
6590.27983760834  1.221353E-17
6593.11637759209  1.234884E-17
6595.95291757584  1.176050E-17
6598.78945755959  1.272102E-17
6601.62599754334  1.358784E-17
6604.46253752709  1.228862E-17
6607.29907751084  1.335299E-17
6610.13561749459  1.284278E-17
6612.97215747834  1.357832E-17
6615.80869746209  1.350326E-17
6618.64523744584  1.178837E-17
6621.48177742959  1.186747E-17
6624.31831741334  1.355961E-17
6627.15485739709  1.288327E-17
6629.99139738084  1.556077E-17
6632.82793736459  1.355218E-17
6635.66447734833  1.276330E-17
6638.50101733209  1.354879E-17
6641.33755731583  1.224834E-17
6644.17409729958  1.130398E-17
6647.01063728333  1.137786E-17
6649.84717726708  1.161366E-17
6652.68371725083  1.179049E-17
6655.52025723458  1.128976E-17
6658.35679721833  1.168023E-17
6661.19333720208  1.240299E-17
6664.02987718583  1.080576E-17
6666.86641716958  1.144179E-17
6669.70295715333  1.196254E-17
6672.53949713708  1.194426E-17
6675.37603712083  1.317081E-17
6678.21257710458  1.220676E-17
6681.04911708833  1.208077E-17
6683.88565707208  1.133633E-17
6686.72219705582  1.109736E-17
6689.55873703957  9.986745E-18
6692.39527702332  1.048612E-17
6695.23181700707  9.154450E-18
6698.06835699082  7.228231E-18
6700.90489697457  1.194840E-17
6703.74143695832  1.069569E-17
6706.57797694207  1.223363E-17
6709.41451692582  1.200694E-17
6712.25105690957  1.091227E-17
6715.08759689332  1.020820E-17
6717.92413687707  9.447127E-18
6720.76067686082  9.827615E-18
6723.59721684457  1.028562E-17
6726.43375682832  1.039903E-17
6729.27029681207  9.994016E-18
6732.10683679582  1.008257E-17
6734.94337677956  9.773907E-18
6737.77991676331  1.093978E-17
6740.61645674706  1.132813E-17
6743.45299673081  9.224530E-18
6746.28953671456  1.123124E-17
6749.12607669831  1.087963E-17
6751.96261668206  1.034684E-17
6754.79915666581  1.091324E-17
6757.63569664956  1.011963E-17
6760.47223663331  9.500264E-18
6763.30877661706  8.921312E-18
6766.14531660081  8.476840E-18
6768.98185658456  9.678983E-18
6771.81839656831  8.485509E-18
6774.65493655206  8.884080E-18
6777.49147653581  8.596554E-18
6780.32801651956  7.554756E-18
6783.1645565033  9.027138E-18
6786.00109648705  1.070845E-17
6788.8376364708  8.711245E-18
6791.67417645455  9.514590E-18
6794.5107164383  9.072528E-18
6797.34725642205  8.109474E-18
6800.1837964058  8.071889E-18
6803.02033638955  9.330816E-18
6805.8568763733  7.784945E-18
6808.69341635705  7.817679E-18
6811.5299563408  5.395852E-18
6814.36649632455  7.655776E-18
6817.2030363083  5.608413E-18
6820.03957629205  7.242845E-18
6822.8761162758  1.048665E-17
6825.71265625955  3.367159E-17
6828.54919624329  7.422727E-18
6831.38573622704  6.967476E-18
6834.22227621079  6.410245E-18
6837.05881619454  6.845486E-18
6839.89535617829  1.045770E-17
6842.73189616204  1.014114E-17
6845.56843614579  1.003280E-17
6848.40497612954  4.801592E-18
6851.24151611329  8.176388E-18
6854.07805609704  6.302066E-18
6856.91459608079  8.021507E-18
6859.75113606454  6.811307E-18
6862.58767604829  9.435926E-18
6865.42421603204  5.323246E-18
6868.26075601579  7.684352E-18
6871.09729599954  6.930098E-18
6873.93383598329  1.167397E-17
6876.77037596703  6.017706E-18
6879.60691595078  6.543188E-18
6882.44345593453  6.948119E-18
6885.27999591828  4.696161E-18
6888.11653590203  8.377124E-18
6890.95307588578  9.815864E-18
6893.78961586953  9.077828E-18
6896.62615585328  4.909649E-18
6899.46269583703  8.410773E-18
6902.29923582078  6.367469E-18
6905.13577580453  9.187534E-18
6907.97231578828  5.097972E-18
6910.80885577203  1.060788E-17
6913.64539575578  7.898637E-18
6916.48193573953  9.905097E-18
6919.31847572328  8.555951E-18
6922.15501570702  1.114293E-17
6924.99155569077  1.054884E-17
6927.82809567452  1.011547E-17
6930.66463565827  1.033166E-17
6933.50117564202  9.474524E-18
6936.33771562577  9.137233E-18
6939.17425560952  9.923591E-18
6942.01079559327  9.243667E-18
6944.84733557702  9.008680E-18
6947.68387556077  1.144119E-17
6950.52041554452  1.246705E-17
6953.35695552827  3.018101E-17
6956.19349551202  3.733432E-17
6959.03003549577  7.732987E-18
6961.86657547952  8.351905E-18
6964.70311546326  9.997898E-18
6967.53965544702  9.827143E-18
6970.37619543076  1.030152E-17
6973.21273541451  1.093056E-17
6976.04927539826  8.841685E-18
6978.88581538201  9.684990E-18
6981.72235536576  1.157687E-17
6984.55889534951  1.214343E-17
6987.39543533326  1.023440E-17
6990.23197531701  1.121435E-17
6993.06851530076  1.173157E-17
6995.90505528451  1.061812E-17
6998.74159526826  1.083177E-17
7001.57813525201  1.024435E-17
7004.41467523576  1.105858E-17
7007.25121521951  1.319557E-17
7010.08775520326  9.538259E-18
7012.92429518701  1.051890E-17
7015.76083517076  1.035239E-17
7018.5973751545  8.800051E-18
7021.43391513825  9.593740E-18
7024.270455122  9.114590E-18
7027.10699510575  1.050337E-17
7029.9435350895  9.284836E-18
7032.78007507325  8.360120E-18
7035.616615057  9.113343E-18
7038.45315504075  8.957257E-18
7041.2896950245  1.031038E-17
7044.12623500825  1.110021E-17
7046.962774992  1.153748E-17
7049.79931497575  1.096607E-17
7052.6358549595  1.061941E-17
7055.47239494325  1.016479E-17
7058.308934927  1.160850E-17
7061.14547491074  1.114622E-17
7063.98201489449  1.032990E-17
7066.81855487824  9.551771E-18
7069.65509486199  9.768818E-18
7072.49163484574  1.160285E-17
7075.32817482949  1.055137E-17
7078.16471481324  9.884031E-18
7081.00125479699  1.047345E-17
7083.83779478074  9.172794E-18
7086.67433476449  1.008267E-17
7089.51087474824  1.047269E-17
7092.34741473199  9.474405E-18
7095.18395471574  1.069207E-17
7098.02049469949  1.053977E-17
7100.85703468324  8.792861E-18
7103.69357466699  1.052247E-17
7106.53011465073  1.212575E-17
7109.36665463449  1.139722E-17
7112.20319461823  1.246212E-17
7115.03973460198  1.048951E-17
7117.87627458573  9.102180E-18
7120.71281456948  1.026302E-17
7123.54935455323  9.684992E-18
7126.38589453698  1.037998E-17
7129.22243452073  1.061616E-17
7132.05897450448  1.062785E-17
7134.89551448823  9.762110E-18
7137.73205447198  1.080254E-17
7140.56859445573  1.105860E-17
7143.40513443948  1.143057E-17
7146.24167442323  1.093902E-17
7149.07821440698  1.189682E-17
7151.91475439073  1.129322E-17
7154.75129437448  1.009215E-17
7157.58783435822  8.884048E-18
7160.42437434197  1.101787E-17
7163.26091432572  1.191541E-17
7166.09745430947  1.026910E-17
7168.93399429322  1.151631E-17
7171.77053427697  1.141126E-17
7174.60707426072  1.082534E-17
7177.44361424447  1.103875E-17
7180.28015422822  1.193645E-17
7183.11669421197  1.140629E-17
7185.95323419572  1.000790E-17
7188.78977417947  1.039298E-17
7191.62631416322  1.150577E-17
7194.46285414697  1.238117E-17
7197.29939413072  1.281666E-17
7200.13593411447  1.170766E-17
7202.97247409821  1.201600E-17
7205.80901408196  3.479345E-17
7208.64555406571  2.819365E-17
7211.48209404946  9.571832E-18
7214.31863403321  1.402760E-17
7217.15517401696  1.236907E-17
7219.99171400071  1.343061E-17
7222.82825398446  1.029769E-17
7225.66479396821  1.173375E-17
7228.50133395196  8.572566E-18
7231.33787393571  1.650206E-17
7234.17441391946  1.449828E-17
7237.01095390321  1.209663E-17
7239.84749388696  1.436982E-17
7242.68403387071  1.382095E-17
7245.52057385446  1.393680E-17
7248.3571138382  1.534584E-17
7251.19365382196  1.807685E-17
7254.0301938057  1.364654E-17
7256.86673378945  1.318933E-17
7259.7032737732  5.202597E-18
7262.53981375695  1.648621E-17
7265.3763537407  1.147357E-17
7268.21289372445  1.145516E-17
7271.0494337082  4.043563E-17
7273.88597369195  6.496986E-17
7276.7225136757  4.392424E-17
7279.55905365945  1.711424E-17
7282.3955936432  1.112325E-17
7285.23213362695  1.665170E-17
7288.0686736107  1.306977E-17
7290.90521359445  1.399971E-17
7293.7417535782  1.436993E-17
7296.57829356195  1.107127E-17
7299.41483354569  8.373460E-18
7302.25137352944  1.199913E-17
7305.08791351319  1.205022E-17
7307.92445349694  1.382582E-17
7310.76099348069  1.247510E-17
7313.59753346444  1.472326E-17
7316.43407344819  2.743479E-17
7319.27061343194  2.720304E-17
7322.10715341569  1.224569E-17
7324.94369339944  9.374089E-18
7327.78023338319  1.584177E-17
7330.61677336694  1.158909E-17
7333.45331335069  1.189657E-17
7336.28985333444  1.122940E-17
7339.12639331819  1.388803E-17
7341.96293330193  1.302034E-17
7344.79947328569  4.475815E-17
7347.63601326943  3.884191E-17
7350.47255325318  1.468981E-17
7353.30909323693  6.584176E-18
7356.14563322068  1.229985E-17
7358.98217320443  8.557684E-18
7361.81871318818  1.039834E-17
7364.65525317193  1.055773E-17
7367.49179315568  1.270858E-17
7370.32833313943  1.136576E-17
7373.16487312318  1.027326E-17
7376.00141310693  9.547130E-18
7378.83795309068  1.452548E-17
7381.67449307443  9.757746E-18
7384.51103305818  1.103662E-17
7387.34757304193  1.274355E-17
7390.18411302567  1.155564E-17
7393.02065300943  1.136625E-17
7395.85719299317  1.110258E-17
7398.69373297692  1.051747E-17
7401.53027296067  1.135714E-17
7404.36681294442  9.741841E-18
7407.20335292817  9.217671E-18
7410.03989291192  1.089194E-17
7412.87643289567  1.200600E-17
7415.71297287942  9.707908E-18
7418.54951286317  1.103522E-17
7421.38605284692  9.991615E-18
7424.22259283067  1.001017E-17
7427.05913281442  1.055550E-17
7429.89567279817  1.052331E-17
7432.73221278191  1.123906E-17
7435.56875276566  1.107690E-17
7438.40529274941  9.948596E-18
7441.24183273316  1.103924E-17
7444.07837271691  9.256081E-18
7446.91491270066  9.275957E-18
7449.75145268441  1.153253E-17
7452.58799266816  1.165690E-17
7455.42453265191  9.914989E-18
7458.26107263566  9.772007E-18
7461.09761261941  9.209366E-18
7463.93415260316  8.765836E-18
7466.77069258691  7.089457E-18
7469.60723257066  8.908920E-18
7472.44377255441  9.268016E-18
7475.28031253816  8.029386E-18
7478.1168525219  7.425381E-18
7480.95339250566  8.727626E-18
7483.7899324894  1.090549E-17
7486.62647247315  1.057260E-17
7489.4630124569  1.131346E-17
7492.29955244065  9.900335E-18
7495.1360924244  9.943785E-18
7497.97263240815  8.874983E-18
7500.8091723919  9.340063E-18
7503.64571237565  1.188664E-17
7506.4822523594  8.638281E-18
7509.31879234315  8.434253E-18
7512.1553323269  8.656824E-18
7514.99187231065  8.997023E-18
7517.8284122944  8.355845E-18
7520.66495227815  7.711898E-18
7523.5014922619  7.881730E-18
7526.33803224565  9.375285E-18
7529.17457222939  7.394136E-18
7532.01111221314  8.318826E-18
7534.84765219689  1.880433E-17
7537.68419218064  2.155455E-17
7540.52073216439  1.546157E-17
7543.35727214814  9.254653E-18
7546.19381213189  1.004804E-17
7549.03035211564  8.642668E-18
7551.86689209939  1.073711E-17
7554.70343208314  8.721823E-18
7557.53997206689  9.244794E-18
7560.37651205064  8.577015E-18
7563.21305203439  9.171251E-18
7566.04959201814  1.146450E-17
7568.88613200189  1.056263E-17
7571.72267198564  8.472492E-18
7574.55921196938  7.047494E-18
7577.39575195313  5.816676E-18
7580.23229193688  7.424489E-18
7583.06883192063  8.829874E-18
7585.90537190438  7.775080E-18
7588.74191188813  7.650870E-18
7591.57845187188  1.712130E-17
7594.41499185563  2.786977E-17
7597.25153183938  2.420455E-17
7600.08807182313  2.530368E-17
7602.92461180688  2.583894E-17
7605.76115179063  2.578790E-17
7608.59769177438  2.891318E-17
7611.43423175813  1.443632E-17
7614.27077174188  5.985155E-18
7617.10731172563  5.803319E-18
7619.94385170937  4.984936E-18
7622.78039169313  5.573356E-18
7625.61693167687  7.388275E-18
7628.45347166062  6.969710E-18
7631.29001164437  6.799168E-18
7634.12655162812  7.734673E-18
7636.96309161187  7.636383E-18
7639.79963159562  7.650599E-18
7642.63617157937  7.522204E-18
7645.47271156312  8.586552E-18
7648.30925154687  8.310439E-18
7651.14579153062  9.081522E-18
7653.98233151437  9.923759E-18
7656.81887149812  9.168540E-18
7659.65541148187  8.995116E-18
7662.49195146562  9.192143E-18
7665.32849144937  1.139650E-17
7668.16503143312  9.353469E-18
7671.00157141686  8.417941E-18
7673.83811140061  9.818959E-18
7676.67465138436  1.076184E-17
7679.51119136811  1.110941E-17
7682.34773135186  9.608311E-18
7685.18427133561  1.086555E-17
7688.02081131936  9.428818E-18
7690.85735130311  1.182508E-17
7693.69389128686  9.234949E-18
7696.53043127061  8.370710E-18
7699.36697125436  1.153766E-17
7702.20351123811  9.377323E-18
7705.04005122186  1.181251E-17
7707.87659120561  1.259443E-17
7710.71313118936  1.028085E-17
7713.54967117311  8.405359E-18
7716.38621115685  1.045530E-17
7719.2227511406  1.442500E-17
7722.05929112435  7.847157E-18
7724.8958311081  1.047981E-17
7727.73237109185  8.943972E-18
7730.5689110756  9.795743E-18
7733.40545105935  1.618884E-17
7736.2419910431  9.799153E-18
7739.07853102685  1.255119E-17
7741.9150710106  1.147301E-17
7744.75161099435  7.918363E-18
7747.5881509781  8.949677E-18
7750.42469096185  8.122998E-18
7753.2612309456  1.399431E-17
7756.09777092935  1.000330E-17
7758.9343109131  1.012544E-17
7761.77085089684  1.462198E-17
7764.6073908806  1.012227E-17
7767.44393086434  1.332576E-17
7770.28047084809  6.558125E-18
7773.11701083184  1.060848E-17
7775.95355081559  1.108165E-17
7778.79009079934  6.333298E-18
7781.62663078309  9.343500E-18
7784.46317076684  7.996338E-18
7787.29971075059  1.045204E-17
7790.13625073434  8.656955E-18
7792.97279071809  8.249675E-18
7795.80933070184  8.858811E-18
7798.64587068559  4.307376E-18
7801.48241066934  9.702008E-18
7804.31895065309  1.447239E-17
7807.15549063684  8.910180E-18
7809.99203062059  8.791743E-18
7812.82857060433  9.319489E-18
7815.66511058808  9.196743E-18
7818.50165057183  4.596529E-18
7821.33819055558  8.806702E-18
7824.17473053933  1.622986E-17
7827.01127052308  1.081853E-17
7829.84781050683  1.298266E-18
7832.68435049058  8.844924E-18
7835.52089047433  1.832087E-17
7838.35743045808  1.061700E-17
7841.19397044183  1.122294E-17
7844.03051042558  1.473176E-17
7846.86705040933  6.027783E-18
7849.70359039308  9.559271E-18
7852.54013037683  1.471419E-17
7855.37667036057  1.580963E-17
7858.21321034432  1.359953E-17
7861.04975032807  1.464968E-17
7863.88629031182  6.023027E-18
7866.72283029557  8.949670E-18
7869.55937027932  4.614394E-18
7872.39591026307  1.775720E-17
7875.23245024682  1.303911E-17
7878.06899023057  1.109228E-17
7880.90553021432  6.370496E-18
7883.74207019807  1.030469E-17
7886.57861018182  9.979486E-18
7889.41515016557  9.597198E-18
7892.25169014932  8.428293E-18
7895.08823013307  6.808147E-18
7897.92477011682  1.519833E-17
7900.76131010057  2.220301E-18
7903.59785008431  1.674849E-17
7906.43439006807  7.043426E-18
7909.27093005181  8.103211E-18
7912.10747003556  1.095873E-17
7914.94401001931  1.460139E-17
7917.78055000306  1.185363E-17
7920.61708998681  1.781929E-17
7923.45362997056  -1.010773E-17
7926.29016995431  9.242821E-18
7929.12670993806  8.499211E-18
7931.96324992181  1.002824E-17
7934.79978990556  1.020010E-17
7937.63632988931  1.188289E-17
7940.47286987306  5.164726E-18
7943.30940985681  1.308997E-17
7946.14594984056  8.700067E-18
7948.9824898243  1.738768E-17
7951.81902980806  1.084921E-17
7954.6555697918  3.226218E-17
7957.49210977555  4.999597E-17
7960.3286497593  2.770370E-18
7963.16518974305  1.908505E-17
7966.0017297268  1.135163E-17
7968.83826971055  1.124614E-17
7971.6748096943  2.367551E-17
7974.51134967805  -7.670544E-18
7977.3478896618  2.020950E-17
7980.18442964555  9.419978E-18
7983.0209696293  1.248303E-17
7985.85750961305  1.166451E-17
7988.6940495968  1.099866E-17
7991.53058958055  1.102065E-17
7994.3671295643  6.625071E-18
7997.20366954805  1.238207E-17
8000.04020953179  1.865116E-17
8002.87674951554  3.672935E-18
8005.71328949929  8.601800E-18
8008.54982948304  1.178987E-17
8011.38636946679  8.909949E-18
8014.22290945054  1.123891E-17
8017.05944943429  8.758948E-18
8019.89598941804  7.841965E-18
8022.73252940179  1.155616E-17
8025.56906938554  1.034995E-17
8028.40560936929  1.053189E-17
8031.24214935304  6.702615E-18
8034.07868933679  1.060576E-17
8036.91522932054  7.558184E-18
8039.75176930429  1.149508E-17
8042.58830928804  8.051868E-18
8045.42484927178  1.022687E-17
8048.26138925553  9.389793E-18
8051.09792923928  1.066090E-17
8053.93446922303  1.052812E-17
8056.77100920678  8.869807E-18
8059.60754919053  1.018893E-17
8062.44408917428  1.093443E-17
8065.28062915803  9.201010E-18
8068.11716914178  9.084672E-18
8070.95370912553  1.212617E-17
8073.79024910928  1.007671E-17
8076.62678909303  1.004781E-17
8079.46332907678  1.156959E-17
8082.29986906053  1.197624E-17
8085.13640904428  1.258148E-17
8087.97294902803  9.631701E-18
8090.80948901177  8.606352E-18
8093.64602899553  9.211270E-18
8096.48256897927  8.933453E-18
8099.31910896302  9.182398E-18
8102.15564894677  1.059323E-17
8104.99218893052  9.143226E-18
8107.82872891427  6.405418E-18
8110.66526889802  9.987921E-18
8113.50180888177  9.738239E-18
8116.33834886552  1.187812E-17
8119.17488884927  1.257652E-17
8122.01142883302  9.842846E-18
8124.84796881677  9.917968E-18
8127.68450880052  1.044346E-17
8130.52104878427  9.221705E-18
8133.35758876802  9.943753E-18
8136.19412875177  9.996554E-18
8139.03066873552  1.041270E-17
8141.86720871926  1.003770E-17
8144.70374870301  8.986002E-18
8147.54028868676  9.233902E-18
8150.37682867051  9.869578E-18
8153.21336865426  9.215603E-18
8156.04990863801  9.968363E-18
8158.88644862176  8.479367E-18
8161.72298860551  8.520421E-18
8164.55952858926  9.886298E-18
8167.39606857301  1.100097E-17
8170.23260855676  9.199643E-18
8173.06914854051  1.038090E-17
8175.90568852426  1.184404E-17
8178.74222850801  1.020826E-17
8181.57876849176  1.013792E-17
8184.41530847551  1.020833E-17
8187.25184845925  1.080035E-17
8190.088388443  1.043022E-17
8192.92492842675  1.120616E-17
8195.7614684105  1.164049E-17
8198.59800839425  1.119939E-17
8201.434548378  9.952719E-18
8204.27108836175  9.496033E-18
8207.1076283455  9.318894E-18
8209.94416832925  1.047118E-17
8212.780708313  1.007536E-17
8215.61724829675  1.001257E-17
8218.4537882805  1.057991E-17
8221.29032826425  1.093201E-17
8224.126868248  8.902894E-18
8226.96340823175  9.360281E-18
8229.7999482155  1.038594E-17
8232.63648819924  1.101514E-17
8235.473028183  1.125890E-17
8238.30956816675  1.025108E-17
8241.14610815049  9.396797E-18
8243.98264813424  9.164155E-18
8246.81918811799  9.211916E-18
8249.65572810174  1.043522E-17
8252.49226808549  1.183066E-17
8255.32880806924  9.282292E-18
8258.16534805299  1.171350E-17
8261.00188803674  1.127769E-17
8263.83842802049  8.968249E-18
8266.67496800424  5.329201E-18
8269.51150798799  2.436443E-17
8272.34804797174  8.521169E-18
8275.18458795548  1.157365E-17
8278.02112793924  1.293094E-17
8280.85766792298  1.516547E-17
8283.69420790673  1.013561E-17
8286.53074789049  1.370983E-17
8289.36728787423  2.181515E-18
8292.20382785798  1.894932E-17
8295.04036784173  6.523814E-19
8297.87690782548  1.071745E-17
8300.71344780923  1.152016E-17
8303.54998779298  1.770179E-17
8306.38652777673  -5.889516E-18
8309.22306776048  1.456093E-17
8312.05960774423  1.076257E-17
8314.89614772798  1.414881E-17
8317.73268771173  5.982690E-18
8320.56922769548  1.191630E-17
8323.40576767923  -1.037896E-17
8326.24230766297  5.221977E-17
8329.07884764672  1.233579E-17
8331.91538763047  5.207898E-18
8334.75192761422  2.199503E-17
8337.58846759797  1.397187E-17
8340.42500758172  1.547085E-17
8343.26154756547  1.243152E-17
8346.09808754922  1.974203E-17
8348.93462753297  3.889419E-17
8351.77116751672  -2.388200E-17
8354.60770750047  9.867552E-18
8357.44424748422  2.406124E-17
8360.28078746797  -1.999620E-18
8363.11732745172  2.354788E-17
8365.95386743547  1.783079E-17
8368.79040741922  1.408759E-17
8371.62694740296  9.437184E-18
8374.46348738671  1.669037E-17
8377.30002737046  -2.005971E-18
8380.13656735421  4.141734E-17
8382.97310733796  2.561614E-17
8385.80964732171  2.031314E-17
8388.64618730546  1.713349E-17
8391.48272728921  2.037835E-17
8394.31926727296  1.357967E-17
8397.15580725671  2.587315E-17
8399.99234724046  2.671412E-17
8402.82888722421  1.420981E-17
8405.66542720796  3.083408E-17
8408.50196719171  1.432975E-17
8411.33850717546  1.970157E-17
8414.17504715921  1.258162E-17
8417.01158714296  1.095978E-17
8419.8481271267  7.793808E-18
8422.68466711045  1.196588E-17
8425.5212070942  1.504060E-17
8428.35774707795  1.341609E-17
8431.1942870617  3.631953E-18
8434.03082704545  -1.120940E-17
8436.8673670292  2.133524E-17
8439.70390701295  1.818803E-17
8442.5404469967  2.446725E-17
8445.37698698045  1.188220E-17
8448.2135269642  1.228528E-17
8451.05006694795  1.799581E-17
8453.8866069317  1.654324E-17
8456.72314691545  1.112342E-17
8459.5596868992  2.211491E-17
8462.39622688295  2.556487E-17
8465.2327668667  2.187431E-17
8468.06930685044  1.671056E-17
8470.90584683419  1.217504E-17
8473.74238681794  2.118803E-17
8476.57892680169  1.703966E-17
8479.41546678544  1.644007E-17
8482.25200676919  2.794291E-17
8485.08854675294  1.590090E-17
8487.92508673669  1.285977E-17
8490.76162672044  1.787870E-17
8493.59816670419  1.611554E-17
8496.43470668794  1.879809E-17
8499.27124667169  1.687275E-17
8502.10778665544  2.082197E-17
8504.94432663919  1.942622E-17
8507.78086662294  1.731427E-17
8510.61740660669  1.024488E-17
8513.45394659044  2.446876E-17
8516.29048657418  2.185514E-17
8519.12702655793  1.824911E-17
8521.96356654168  1.889589E-17
8524.80010652543  2.083058E-17
8527.63664650918  2.633241E-17
8530.47318649293  1.907178E-17
8533.30972647668  2.074024E-17
8536.14626646043  2.085552E-17
8538.98280644418  2.262248E-17
8541.81934642793  2.392418E-17
8544.65588641168  2.107673E-17
8547.49242639543  2.413211E-17
8550.32896637918  2.384066E-17
8553.16550636293  2.264739E-17
8556.00204634668  2.548209E-17
8558.83858633042  2.465035E-17
8561.67512631417  2.316629E-17
8564.51166629792  2.182557E-17
8567.34820628167  2.342510E-17
8570.18474626542  2.211439E-17
8573.02128624917  2.384413E-17
8575.85782623292  2.663657E-17
8578.69436621667  2.378249E-17
8581.53090620042  2.235199E-17
8584.36744618417  2.504137E-17
8587.20398616792  2.625394E-17
8590.04052615167  2.455008E-17
8592.87706613542  2.355012E-17
8595.71360611917  2.303515E-17
8598.55014610292  2.294290E-17
8601.38668608667  2.379169E-17
8604.22322607041  2.591744E-17
8607.05976605417  2.785400E-17
8609.89630603791  2.317511E-17
8612.73284602166  2.685221E-17
8615.56938600541  3.312127E-17
8618.40592598916  2.635880E-17
8621.24246597291  2.534987E-17
8624.07900595666  2.081529E-17
8626.91554594041  2.534137E-17
8629.75208592416  3.201801E-17
8632.58862590791  2.444085E-17
8635.42516589166  2.037952E-17
8638.26170587541  2.358004E-17
8641.09824585916  2.291717E-17
8643.93478584291  2.574915E-17
8646.77132582666  2.668570E-17
8649.60786581041  2.637132E-17
8652.44440579416  2.759520E-17
8655.2809457779  2.598960E-17
8658.11748576165  2.268578E-17
8660.9540257454  2.183037E-17
8663.79056572915  2.591566E-17
8666.6271057129  2.170214E-17
8669.46364569665  2.377023E-17
8672.3001856804  2.634365E-17
8675.13672566415  2.266747E-17
8677.9732656479  2.453776E-17
8680.80980563165  2.013424E-17
8683.6463456154  2.380447E-17
8686.48288559915  2.279143E-17
8689.3194255829  2.399982E-17
8692.15596556665  2.259999E-17
8694.9925055504  2.264120E-17
8697.82904553415  2.001780E-17
8700.66558551789  2.310733E-17
8703.50212550164  2.253144E-17
8706.33866548539  2.374360E-17
8709.17520546914  2.706243E-17
8712.01174545289  2.693144E-17
8714.84828543664  2.668775E-17
8717.68482542039  2.827379E-17
8720.52136540414  2.837630E-17
8723.35790538789  2.667809E-17
8726.19444537164  2.695718E-17
8729.03098535539  2.543472E-17
8731.86752533914  2.170852E-17
8734.70406532289  2.173088E-17
8737.54060530664  2.973371E-17
8740.37714529039  2.425565E-17
8743.21368527414  1.882191E-17
8746.05022525788  3.388135E-17
8748.88676524164  1.918478E-17
8751.72330522538  1.623224E-17
8754.55984520913  2.897896E-17
8757.39638519288  1.820784E-17
8760.23292517663  7.578203E-18
8763.06946516038  1.786617E-17
8765.90600514413  6.394559E-18
8768.74254512788  2.274570E-17
8771.57908511163  1.343195E-17
8774.41562509538  5.142996E-18
8777.25216507913  2.925069E-17
8780.08870506288  1.892063E-17
8782.92524504663  7.979889E-18
8785.76178503038  6.804860E-18
8788.59832501412  2.505333E-17
8791.43486499788  1.838768E-17
8794.27140498163  1.527524E-17
8797.10794496537  1.600888E-17
8799.94448494912  1.527100E-17
8802.78102493287  5.169739E-18
8805.61756491662  3.013526E-18
8808.45410490037  4.956377E-17
8811.29064488412  -6.452885E-18
8814.12718486787  1.273908E-17
8816.96372485162  1.692287E-17
8819.80026483537  6.358971E-18
8822.63680481912  1.036007E-17
8825.47334480287  9.135953E-18
8828.30988478662  7.558635E-18
8831.14642477037  2.391824E-17
8833.98296475412  -4.281746E-18
8836.81950473786  -9.332401E-18
8839.65604472161  1.555107E-17
8842.49258470536  1.961258E-17
8845.32912468911  -1.223538E-17
8848.16566467286  3.408035E-17
8851.00220465661  6.892382E-17
8853.83874464036  1.056038E-17
8856.67528462411  2.135636E-17
8859.51182460786  1.228984E-17
8862.34836459161  1.140880E-17
8865.18490457536  -1.274662E-17
8868.02144455911  4.551213E-17
8870.85798454286  6.601850E-18
8873.69452452661  2.094903E-17
8876.53106451036  -2.266304E-18
8879.36760449411  1.043159E-17
8882.20414447786  -1.897472E-18
8885.0406844616  1.133982E-17
8887.87722444535  6.916371E-19
8890.71376442911  -9.753262E-19
8893.55030441285  2.768104E-17
8896.3868443966  2.645690E-17
8899.22338438035  3.018544E-18
8902.0599243641  2.153352E-17
8904.89646434785  1.052390E-17
8907.7330043316  2.089253E-18
8910.56954431535  1.689903E-17
8913.4060842991  6.344743E-18
8916.24262428285  1.015807E-17
8919.0791642666  1.781849E-17
8921.91570425035  1.666268E-17
8924.7522442341  -1.706756E-17
8927.58878421785  3.953479E-17
8930.4253242016  1.378066E-17
8933.26186418534  1.343301E-17
8936.09840416909  2.477533E-17
8938.93494415284  5.549519E-19
8941.77148413659  4.707540E-18
8944.60802412034  1.150881E-17
8947.44456410409  1.338022E-17
8950.28110408784  9.710674E-18
8953.11764407159  1.354529E-17
8955.95418405534  1.077050E-17
8958.79072403909  8.629755E-18
8961.62726402284  1.350136E-17
8964.46380400659  -5.857036E-18
8967.30034399034  2.408007E-17
8970.13688397409  9.281192E-18
8972.97342395784  1.078387E-17
8975.80996394159  1.223655E-17
8978.64650392534  7.532016E-18
8981.48304390908  2.104809E-17
8984.31958389283  2.859869E-17
8987.15612387658  2.517857E-17
8989.99266386033  7.238217E-18
8992.82920384408  7.726412E-17
8995.66574382783  3.127625E-17
8998.50228381158  1.144865E-17
9001.33882379533  1.226467E-17
9004.17536377908  1.215228E-17
9007.01190376283  1.541418E-17
9009.84844374658  3.795279E-18
9012.68498373033  1.267077E-17
9015.52152371408  9.124758E-18
9018.35806369783  1.464649E-17
9021.19460368158  1.281307E-17
9024.03114366532  1.178482E-17
9026.86768364908  8.440289E-18
9029.70422363282  1.052464E-17
9032.54076361657  1.169383E-17
9035.37730360032  1.045465E-17
9038.21384358407  1.181069E-17
9041.05038356782  1.363037E-17
9043.88692355157  1.314593E-17
9046.72346353532  9.493303E-18
9049.56000351907  1.057844E-17
9052.39654350282  8.630050E-18
9055.23308348657  1.367585E-17
9058.06962347032  8.103308E-18
9060.90616345407  9.718512E-18
9063.74270343782  1.085349E-17
9066.57924342157  1.224581E-17
9069.41578340532  1.199366E-17
9072.25232338906  8.801038E-18
9075.08886337281  1.180557E-17
9077.92540335656  9.637390E-18
9080.76194334031  1.233048E-17
9083.59848332406  1.039120E-17
9086.43502330781  1.101443E-17
9089.27156329156  1.339399E-17
9092.10810327531  1.208890E-17
9094.94464325906  9.093064E-18
9097.78118324281  9.937966E-18
9100.61772322656  1.257784E-17
9103.45426321031  1.056506E-17
9106.29080319406  9.998238E-18
9109.12734317781  1.227307E-17
9111.96388316156  1.383065E-17
9114.8004231453  1.240954E-17
9117.63696312905  1.316512E-17
9120.4735031128  1.346156E-17
9123.31004309655  1.359653E-17
9126.1465830803  1.432123E-17
9128.98312306405  1.269525E-17
9131.8196630478  1.145519E-17
9134.65620303155  1.060214E-17
9137.4927430153  1.052331E-17
9140.32928299905  1.253326E-17
9143.1658229828  1.129576E-17
9146.00236296655  9.480346E-18
9148.8389029503  1.177635E-17
9151.67544293405  1.178487E-17
9154.5119829178  1.301032E-17
9157.34852290155  1.137114E-17
9160.1850628853  1.221427E-17
9163.02160286905  1.005694E-17
9165.85814285279  1.296689E-17
9168.69468283654  1.403746E-17
9171.53122282029  1.400441E-17
9174.36776280404  1.357237E-17
9177.20430278779  1.387563E-17
9180.04084277154  1.249808E-17
9182.87738275529  1.324986E-17
9185.71392273904  1.140271E-17
9188.55046272279  1.377058E-17
9191.38700270654  1.394166E-17
9194.22354269029  1.098191E-17
9197.06008267404  1.454377E-17
9199.89662265779  1.311149E-17
9202.73316264154  1.333638E-17
9205.56970262529  1.182565E-17
9208.40624260904  1.032618E-17
9211.24278259278  1.296968E-17
9214.07932257653  1.513593E-17
9216.91586256028  1.480071E-17
9219.75240254403  1.354805E-17
9222.58894252778  1.496173E-17
9225.42548251153  1.509210E-17
9228.26202249528  1.324176E-17
9231.09856247903  1.306963E-17
9233.93510246278  1.420883E-17
9236.77164244653  1.502588E-17
9239.60818243028  1.410259E-17
9242.44472241403  1.397132E-17
9245.28126239778  1.393999E-17
9248.11780238153  1.427321E-17
9250.95434236528  1.464011E-17
9253.79088234903  1.437498E-17
9256.62742233277  1.327687E-17
9259.46396231653  1.455279E-17
9262.30050230027  2.068833E-17
9265.13704228402  3.869110E-17
9267.97358226777  3.857118E-17
9270.81012225152  2.052307E-17
9273.64666223527  1.360489E-17
9276.48320221902  1.133153E-17
9279.31974220277  1.591520E-17
9282.15628218652  1.146695E-17
9284.99282217027  1.473757E-17
9287.82936215402  1.053929E-17
9290.66590213777  1.042100E-17
9293.50244212152  1.039100E-17
9296.33898210527  2.619638E-17
9299.17552208902  1.643482E-17
9302.01206207277  1.931556E-17
9304.84860205652  -1.859916E-18
9307.68514204026  1.184223E-17
9310.52168202401  1.008271E-17
9313.35822200776  1.176107E-17
9316.19476199151  1.191121E-17
9319.03130197526  1.799921E-17
9321.86784195901  1.510713E-17
9324.70438194276  1.353421E-17
9327.54092192651  2.499623E-17
9330.37746191026  2.334776E-17
9333.21400189401  -1.721675E-17
9336.05054187776  1.701758E-17
9338.88708186151  1.555222E-17
9341.72362184526  1.744912E-17
9344.56016182901  1.713625E-17
9347.39670181276  3.813163E-18
9350.23324179651  1.036171E-17
9353.06978178026  1.139155E-17
9355.90632176401  -5.277309E-18
9358.74286174775  -4.871239E-19
9361.5794017315  -3.576480E-18
9364.41594171525  -1.614549E-18
9367.252481699  2.363203E-18
9370.08902168275  4.444496E-18
9372.9255616665  6.171803E-18
9375.76210165025  1.050862E-17
9378.598641634  -3.789489E-18
9381.43518161775  3.113997E-19
9384.2717216015  5.176919E-17
9387.10826158525  7.403239E-18
9389.944801569  7.603366E-18
9392.78134155275  9.502203E-18
9395.6178815365  1.605298E-17
9398.45442152025  7.135101E-18
9401.29096150399  1.193848E-17
9404.12750148775  1.277985E-17
9406.96404147149  7.802401E-18
9409.80058145524  9.342813E-18
9412.63712143899  1.360973E-17
9415.47366142274  7.841781E-18
9418.31020140649  1.801009E-18
9421.14674139024  1.898891E-17
9423.98328137399  -5.917907E-18
9426.81982135774  8.837991E-18
9429.65636134149  1.021789E-17
9432.49290132524  5.072550E-18
9435.32944130899  3.166592E-18
9438.16598129274  -9.526805E-18
9441.00252127649  9.900822E-18
9443.83906126024  5.482123E-18
9446.67560124399  3.028988E-17
9449.51214122774  -5.768904E-18
9452.34868121148  5.294185E-18
9455.18522119523  -1.267608E-18
9458.02176117898  -1.339452E-17
9460.85830116273  1.308626E-17
9463.69484114648  -1.643804E-18
9466.53138113023  1.124130E-17
9469.36792111398  -4.474554E-19
9472.20446109773  2.202545E-18
9475.04100108148  -4.595165E-19
9477.87754106523  6.649703E-19
9480.71408104898  1.216267E-18
9483.55062103273  8.178276E-18
9486.38716101648  8.730451E-18
9489.22370100023  5.101030E-18
9492.06024098398  5.791848E-18
9494.89678096773  3.340663E-18
9497.73332095147  7.286232E-18
9500.56986093522  -5.390581E-18
9503.40640091897  9.516027E-18
9506.24294090272  5.972348E-18
9509.07948088647  3.694134E-18
9511.91602087022  1.233708E-17
9514.75256085397  7.639349E-18
9517.58910083772  5.472875E-18
9520.42564082147  7.724696E-18
9523.26218080522  9.869714E-18
9526.09872078897  4.834446E-18
9528.93526077272  1.642378E-17
9531.77180075647  4.520275E-18
9534.60834074022  1.228338E-18
9537.44488072397  3.538906E-18
9540.28142070772  4.737361E-18
9543.11796069147  4.120246E-18
9545.95450067521  -5.649335E-18
9548.79104065896  3.256846E-18
9551.62758064271  1.706071E-18
9554.46412062646  5.641785E-18
9557.30066061021  8.665266E-18
9560.13720059396  6.026850E-18
9562.97374057771  6.068384E-18
9565.81028056146  9.525106E-18
9568.64682054521  7.754345E-18
9571.48336052896  4.891495E-18
9574.31990051271  1.574207E-17
9577.15644049646  9.343977E-19
9579.99298048021  3.217275E-18
9582.82952046396  4.653647E-18
9585.66606044771  4.163644E-18
9588.50260043145  1.583768E-18
9591.33914041521  2.847496E-18
9594.17568039895  2.947670E-18
9597.0122203827  1.882750E-18
9599.84876036645  4.501842E-18
9602.6853003502  1.945840E-18
9605.52184033395  2.714569E-18
9608.3583803177  5.461243E-18
9611.19492030145  5.289087E-18
9614.0314602852  4.571816E-18
9616.86800026895  5.760695E-18
9619.7045402527  4.633568E-18
9622.54108023645  4.292249E-18
9625.3776202202  6.706565E-18
9628.21416020395  5.746495E-18
9631.0507001877  7.075849E-18
9633.88724017145  4.469561E-18
9636.7237801552  3.514963E-18
9639.56032013895  4.083024E-18
9642.39686012269  3.804837E-18
9645.23340010644  4.015676E-18
9648.06994009019  3.220558E-18
9650.90648007394  2.655653E-18
9653.74302005769  4.768625E-18
9656.57956004144  4.931025E-18
9659.41610002519  1.441484E-18
9662.25264000894  2.266108E-18
9665.08917999269  2.675631E-18
9667.92571997644  2.292167E-19
9670.76225996019  1.450222E-18
9673.59879994394  4.799148E-18
9676.43533992769  5.860341E-18
9679.27187991144  -2.414351E-18
9682.10841989519  3.109357E-18
9684.94495987893  4.817191E-18
9687.78149986268  7.067567E-18
9690.61803984643  5.900144E-18
9693.45457983018  4.055862E-18
9696.29111981393  3.091959E-18
9699.12765979768  1.834647E-18
9701.96419978143  -8.987056E-19
9704.80073976518  -2.305363E-18
9707.63727974893  4.892723E-18
9710.47381973268  7.688396E-18
9713.31035971643  2.227400E-18
9716.14689970018  3.780165E-18
9718.98343968393  2.924226E-18
9721.81997966768  3.123866E-18
9724.65651965143  4.381715E-18
9727.49305963518  5.918574E-18
9730.32959961892  6.915904E-18
9733.16613960268  4.087822E-18
9736.00267958642  4.644178E-18
9738.83921957017  5.633571E-18
9741.67575955392  4.078096E-18
9744.51229953767  4.711397E-18
9747.34883952142  6.766727E-18
9750.18537950517  5.932871E-18
9753.02191948892  4.356854E-18
9755.85845947267  4.424956E-18
9758.69499945642  4.384176E-18
9761.53153944017  5.444528E-18
9764.36807942392  3.754933E-18
9767.20461940767  2.956469E-18
9770.04115939142  -1.043167E-17
9772.87769937517  -6.852566E-18
9775.71423935892  3.464620E-18
9778.55077934266  -3.691794E-18
9781.38731932641  1.325161E-18
9784.22385931016  4.277500E-18
9787.06039929391  4.995440E-18
9789.89693927766  3.722360E-18
9792.73347926141  7.710797E-18
9795.57001924516  5.765668E-18
9798.40655922891  1.407667E-17
9801.24309921266  2.166176E-17
9804.07963919641  3.973480E-18
9806.91617918016  8.980037E-18
9809.75271916391  9.475981E-18
9812.58925914766  5.327625E-18
9815.42579913141  5.972688E-18
9818.26233911516  5.831754E-18
9821.09887909891  7.273198E-18
9823.93541908266  8.322433E-18
9826.7719590664  5.947606E-18
9829.60849905015  4.872951E-18
9832.4450390339  -1.840142E-18
9835.28157901765  -3.944148E-18
9838.1181190014  -3.950670E-18
9840.95465898515  -3.948478E-18
9843.7911989689  -3.946428E-18
