4629.08293090116  5.878296E-20
4631.9224022259  6.348382E-20
4634.76187355064  1.822976E-19
4637.60134487538  1.393165E-18
4640.44081620012  2.112480E-18
4643.28028752486  3.572230E-19
4646.11975884959  -1.020576E-18
4648.95923017433  2.726124E-18
4651.79870149907  3.564933E-18
4654.63817282381  3.288456E-18
4657.47764414854  2.074168E-18
4660.31711547328  1.551417E-18
4663.15658679802  1.614123E-18
4665.99605812276  9.045986E-19
4668.8355294475  -1.054713E-19
4671.67500077224  -4.485169E-19
4674.51447209697  -1.672912E-18
4677.35394342171  -5.503645E-19
4680.19341474645  -7.231268E-19
4683.03288607119  -2.488633E-19
4685.87235739592  -8.096257E-19
4688.71182872066  1.484227E-19
4691.5513000454  1.117750E-18
4694.39077137014  1.687794E-18
4697.23024269488  1.831903E-18
4700.06971401962  9.331596E-19
4702.90918534435  2.220290E-18
4705.74865666909  9.461150E-19
4708.58812799383  -9.510849E-19
4711.42759931857  2.080815E-18
4714.2670706433  7.764479E-19
4717.10654196804  2.594136E-19
4719.94601329278  3.464060E-19
4722.78548461752  -7.665083E-19
4725.62495594226  2.316795E-20
4728.464427267  1.087504E-18
4731.30389859173  7.052057E-19
4734.14336991647  1.076169E-18
4736.98284124121  6.027769E-19
4739.82231256595  -9.260343E-20
4742.66178389068  3.981522E-19
4745.50125521542  -1.753734E-19
4748.34072654016  2.479972E-19
4751.1801978649  4.005939E-19
4754.01966918964  -2.638475E-19
4756.85914051437  -4.185490E-20
4759.69861183911  1.126017E-18
4762.53808316385  9.027033E-19
4765.37755448859  3.593725E-19
4768.21702581333  1.804000E-19
4771.05649713806  5.719008E-19
4773.8959684628  6.395056E-19
4776.73543978754  -4.929687E-19
4779.57491111228  5.023168E-20
4782.41438243702  1.021910E-18
4785.25385376175  -3.517513E-20
4788.09332508649  -7.085984E-19
4790.93279641123  -1.711507E-20
4793.77226773597  4.166949E-19
4796.61173906071  9.982578E-19
4799.45121038544  7.829433E-19
4802.29068171018  1.033668E-18
4805.13015303492  7.879048E-19
4807.96962435966  6.839554E-19
4810.8090956844  1.841770E-18
4813.64856700913  5.576206E-19
4816.48803833387  3.783625E-19
4819.32750965861  -1.415292E-18
4822.16698098335  5.173116E-19
4825.00645230809  -6.043155E-19
4827.84592363282  -1.780630E-19
4830.68539495756  3.945474E-19
4833.5248662823  -1.435630E-18
4836.36433760704  2.251885E-18
4839.20380893178  -7.441127E-19
4842.04328025651  -5.986871E-19
4844.88275158125  9.971908E-19
4847.72222290599  6.194071E-19
4850.56169423073  4.887804E-19
4853.40116555547  -3.698691E-19
4856.24063688021  -3.864155E-19
4859.08010820494  -1.115722E-19
4861.91957952968  1.064460E-18
4864.75905085442  1.751310E-18
4867.59852217916  -3.038531E-19
4870.43799350389  4.934599E-19
4873.27746482863  -1.885572E-19
4876.11693615337  -8.899098E-19
4878.95640747811  -1.662657E-19
4881.79587880285  3.106224E-19
4884.63535012758  -7.906955E-20
4887.47482145232  -2.886017E-19
4890.31429277706  -4.858013E-19
4893.1537641018  2.855146E-19
4895.99323542654  1.049589E-19
4898.83270675127  3.091456E-19
4901.67217807601  6.472454E-19
4904.51164940075  1.131787E-18
4907.35112072549  1.472648E-18
4910.19059205023  5.736912E-19
4913.03006337496  6.091253E-20
4915.8695346997  2.815293E-19
4918.70900602444  3.880274E-19
4921.54847734918  -1.386019E-19
4924.38794867392  -7.465247E-21
4927.22741999865  1.082516E-18
4930.06689132339  1.049410E-18
4932.90636264813  3.511046E-19
4935.74583397287  8.436741E-19
4938.58530529761  6.785577E-19
4941.42477662234  -2.476799E-19
4944.26424794708  4.570900E-19
4947.10371927182  7.320972E-20
4949.94319059656  -8.245062E-20
4952.7826619213  -8.255759E-19
4955.62213324603  8.960234E-20
4958.46160457077  1.212586E-18
4961.30107589551  4.116831E-19
4964.14054722025  1.403957E-18
4966.98001854499  1.469017E-18
4969.81948986973  1.438864E-18
4972.65896119446  5.868778E-19
4975.4984325192  -2.797225E-19
4978.33790384394  1.098062E-19
4981.17737516868  6.609499E-19
4984.01684649341  5.811310E-19
4986.85631781815  2.571419E-19
4989.69578914289  9.162256E-19
4992.53526046763  6.509327E-19
4995.37473179237  1.061671E-18
4998.2142031171  2.696953E-19
5001.05367444184  -1.145620E-18
5003.89314576658  1.836099E-19
5006.73261709132  -3.543202E-19
5009.57208841606  -2.183140E-19
5012.4115597408  6.694474E-19
5015.25103106553  1.096511E-18
5018.09050239027  -2.220627E-19
5020.92997371501  -1.047706E-18
5023.76944503975  2.144201E-19
5026.60891636448  6.217933E-19
5029.44838768922  9.829871E-19
5032.28785901396  1.366809E-18
5035.1273303387  4.594121E-19
5037.96680166344  6.609147E-19
5040.80627298817  1.186289E-18
5043.64574431291  5.243303E-18
5046.48521563765  3.879059E-18
5049.32468696239  1.109030E-19
5052.16415828713  1.222256E-18
5055.00362961186  8.773188E-19
5057.8431009366  1.221389E-18
5060.68257226134  4.166683E-19
5063.52204358608  2.702523E-19
5066.36151491082  7.011443E-19
5069.20098623555  7.747536E-20
5072.04045756029  6.578476E-19
5074.87992888503  1.187470E-18
5077.71940020977  8.032340E-19
5080.55887153451  4.592867E-19
5083.39834285924  1.390653E-18
5086.23781418398  1.457893E-18
5089.07728550872  1.173877E-18
5091.91675683346  1.152026E-18
5094.7562281582  6.251076E-19
5097.59569948293  5.525106E-19
5100.43517080767  -4.017080E-20
5103.27464213241  -5.489061E-19
5106.11411345715  -2.539517E-20
5108.95358478189  2.451299E-19
5111.79305610663  2.763682E-19
5114.63252743136  4.970316E-19
5117.4719987561  -5.647226E-19
5120.31147008084  -3.105089E-19
5123.15094140558  -2.069009E-19
5125.99041273031  7.301071E-19
5128.82988405505  1.348588E-18
5131.66935537979  7.491690E-20
5134.50882670453  2.092278E-19
5137.34829802927  1.032780E-18
5140.187769354  4.303053E-19
5143.02724067874  6.835602E-19
5145.86671200348  -7.755766E-19
5148.70618332822  4.765881E-18
5151.54565465296  3.184299E-17
5154.38512597769  3.510296E-18
5157.22459730243  -1.658713E-19
5160.06406862717  7.989277E-19
5162.90353995191  -1.455914E-19
5165.74301127665  -4.106062E-19
5168.58248260139  -6.358807E-19
5171.42195392612  -3.256339E-20
5174.26142525086  -4.143290E-19
5177.1008965756  1.169225E-18
5179.94036790034  9.386854E-19
5182.77983922508  2.262415E-21
5185.61931054981  7.873618E-20
5188.45878187455  4.756643E-19
5191.29825319929  4.952515E-19
5194.13772452403  -2.193655E-19
5196.97719584876  -2.528963E-19
5199.8166671735  7.733892E-19
5202.65613849824  8.352376E-19
5205.49560982298  5.721987E-19
5208.33508114772  1.548020E-18
5211.17455247245  1.592719E-18
5214.01402379719  6.504121E-19
5216.85349512193  1.191367E-18
5219.69296644667  3.234388E-19
5222.53243777141  -5.893712E-20
5225.37190909614  7.085054E-19
5228.21138042088  -1.834331E-19
5231.05085174562  6.653324E-19
5233.89032307036  1.434815E-19
5236.7297943951  -5.057956E-19
5239.56926571984  6.927554E-19
5242.40873704457  1.912288E-18
5245.24820836931  2.283326E-19
5248.08767969405  3.703021E-19
5250.92715101879  7.118045E-19
5253.76662234352  -3.034991E-19
5256.60609366826  3.203729E-19
5259.445564993  4.899996E-19
5262.28503631774  9.575001E-19
5265.12450764248  9.653101E-19
5267.96397896721  8.207474E-19
5270.80345029195  -1.047350E-19
5273.64292161669  4.983123E-19
5276.48239294143  7.233626E-19
5279.32186426617  1.027971E-18
5282.1613355909  7.272492E-19
5285.00080691564  9.167219E-19
5287.84027824038  1.055822E-18
5290.67974956512  9.873273E-19
5293.51922088986  -1.669257E-20
5296.35869221459  9.141742E-20
5299.19816353933  6.177258E-19
5302.03763486407  5.097999E-19
5304.87710618881  -5.229302E-20
5307.71657751355  3.669341E-19
5310.55604883828  6.757294E-19
5313.39552016302  1.152405E-18
5316.23499148776  1.359766E-18
5319.0744628125  1.299818E-18
5321.91393413724  1.089074E-18
5324.75340546197  5.319776E-19
5327.59287678671  1.080404E-18
5330.43234811145  9.503637E-19
5333.27181943619  1.248527E-19
5336.11129076093  -4.106458E-19
5338.95076208566  2.829191E-19
5341.7902334104  5.695429E-19
5344.62970473514  2.411564E-19
5347.46917605988  2.580718E-19
5350.30864738462  1.760371E-19
5353.14811870935  7.120951E-19
5355.98759003409  7.744191E-19
5358.82706135883  6.084809E-19
5361.66653268357  1.065844E-18
5364.50600400831  3.815109E-19
5367.34547533304  5.520175E-19
5370.18494665778  5.986634E-19
5373.02441798252  1.280695E-18
5375.86388930726  1.678587E-18
5378.703360632  1.076592E-18
5381.54283195673  1.180122E-18
5384.38230328147  1.041041E-18
5387.22177460621  8.489443E-19
5390.06124593095  1.202174E-19
5392.90071725569  2.824989E-19
5395.74018858042  3.337838E-19
5398.57965990516  8.974921E-19
5401.4191312299  1.001826E-18
5404.25860255464  8.618188E-19
5407.09807387938  1.034415E-18
5409.93754520411  9.147106E-19
5412.77701652885  3.877361E-19
5415.61648785359  5.652885E-19
5418.45595917833  1.347423E-18
5421.29543050307  6.061221E-19
5424.1349018278  1.315797E-18
5426.97437315254  1.165003E-18
5429.81384447728  1.291795E-18
5432.65331580202  1.348750E-18
5435.49278712676  1.422079E-18
5438.33225845149  1.163107E-18
5441.17172977623  1.337054E-18
5444.01120110097  1.292379E-18
5446.85067242571  1.905880E-18
5449.69014375045  1.027881E-18
5452.52961507518  1.288554E-18
5455.36908639992  1.250847E-18
5458.20855772466  2.314350E-18
5461.0480290494  1.156829E-18
5463.88750037414  4.142593E-19
5466.72697169887  1.019922E-18
5469.56644302361  4.887672E-19
5472.40591434835  -8.140468E-20
5475.24538567309  1.602040E-18
5478.08485699783  1.782442E-18
5480.92432832256  1.108229E-18
5483.7637996473  6.134462E-19
5486.60327097204  9.140793E-19
5489.44274229678  1.272289E-18
5492.28221362152  1.700251E-18
5495.12168494625  1.541329E-18
5497.96115627099  2.767489E-19
5500.80062759573  8.492101E-19
5503.64009892047  8.589536E-19
5506.47957024521  1.042656E-17
5509.31904156994  1.796152E-17
5512.15851289468  6.197638E-19
5514.99798421942  5.919139E-19
5517.83745554416  3.956210E-19
5520.6769268689  1.264615E-18
5523.51639819363  9.427276E-19
5526.35586951837  1.508000E-18
5529.19534084311  1.165244E-18
5532.03481216785  1.325046E-18
5534.87428349259  1.597713E-18
5537.71375481732  8.194308E-19
5540.55322614206  6.676960E-19
5543.3926974668  5.328457E-19
5546.23216879154  5.236403E-19
5549.07164011628  3.356398E-19
5551.91111144101  6.525965E-19
5554.75058276575  2.331334E-19
5557.59005409049  9.560011E-19
5560.42952541523  1.239979E-19
5563.26899673996  6.580395E-18
5566.1084680647  5.899158E-18
5568.94793938944  -7.523353E-18
5571.78741071418  4.723406E-18
5574.62688203892  1.215666E-19
5577.46635336365  3.452560E-18
5580.30582468839  3.145905E-18
5583.14529601313  1.412214E-19
5585.98476733787  3.974885E-19
5588.82423866261  -8.642928E-19
5591.66370998735  -7.944837E-18
5594.50318131208  6.200486E-18
5597.34265263682  3.003021E-18
5600.18212396156  9.095646E-19
5603.0215952863  4.360679E-19
5605.86106661104  1.196270E-18
5608.70053793577  1.543961E-18
5611.54000926051  1.418577E-18
5614.37948058525  6.588889E-19
5617.21895190999  -4.516418E-19
5620.05842323473  -3.697470E-19
5622.89789455946  5.533434E-19
5625.7373658842  1.506387E-18
5628.57683720894  1.322544E-18
5631.41630853368  1.091244E-18
5634.25577985842  1.447026E-18
5637.09525118315  8.468123E-19
5639.93472250789  1.201869E-18
5642.77419383263  7.966709E-19
5645.61366515737  7.136015E-19
5648.45313648211  3.791083E-19
5651.29260780684  7.369108E-19
5654.13207913158  2.944485E-19
5656.97155045632  3.283401E-19
5659.81102178106  1.397927E-18
5662.6504931058  6.889974E-19
5665.48996443053  1.283415E-18
5668.32943575527  1.662462E-18
5671.16890708001  8.873723E-19
5674.00837840475  1.919060E-18
5676.84784972949  1.743181E-18
5679.68732105422  2.355871E-18
5682.52679237896  1.286249E-18
5685.3662637037  1.204973E-18
5688.20573502844  7.623932E-19
5691.04520635318  7.958723E-19
5693.88467767791  7.329036E-19
5696.72414900265  2.084564E-19
5699.56362032739  6.751615E-19
5702.40309165213  1.830620E-18
5705.24256297687  1.314647E-18
5708.0820343016  1.734262E-18
5710.92150562634  6.921620E-19
5713.76097695108  1.430433E-18
5716.60044827582  7.417672E-19
5719.43991960056  7.405949E-19
5722.27939092529  1.071041E-18
5725.11886225003  1.736834E-18
5727.95833357477  2.234889E-18
5730.79780489951  1.211976E-18
5733.63727622425  -3.357891E-19
5736.47674754898  1.051298E-18
5739.31621887372  1.084649E-18
5742.15569019846  1.482920E-18
5744.9951615232  1.001503E-18
5747.83463284794  9.477692E-19
5750.67410417267  9.618369E-19
5753.51357549741  1.639331E-18
5756.35304682215  1.272366E-18
5759.19251814689  7.138480E-19
5762.03198947163  1.629324E-18
5764.87146079636  9.147375E-19
5767.7109321211  1.785299E-18
5770.55040344584  7.327434E-19
5773.38987477058  2.267208E-19
5776.22934609531  1.613895E-18
5779.06881742005  1.821028E-18
5781.90828874479  1.370888E-18
5784.74776006953  1.239630E-18
5787.58723139427  1.949323E-18
5790.42670271901  1.231073E-18
5793.26617404374  1.037004E-18
5796.10564536848  1.021738E-18
5798.94511669322  2.198234E-18
5801.78458801796  2.088960E-18
5804.6240593427  1.808099E-18
5807.46353066743  1.820483E-18
5810.30300199217  1.678961E-18
5813.14247331691  1.235577E-18
5815.98194464165  1.185451E-18
5818.82141596638  8.878588E-19
5821.66088729112  1.154330E-18
5824.50035861586  1.687814E-18
5827.3398299406  1.204084E-18
5830.17930126534  1.654347E-18
5833.01877259007  1.414951E-18
5835.85824391481  1.293740E-18
5838.69771523955  1.430368E-18
5841.53718656429  1.567711E-18
5844.37665788903  7.105957E-19
5847.21612921377  4.605700E-19
5850.0556005385  1.212579E-18
5852.89507186324  1.396172E-18
5855.73454318798  1.645257E-18
5858.57401451272  1.959595E-18
5861.41348583746  1.802249E-18
5864.25295716219  1.030636E-18
5867.09242848693  6.788064E-19
5869.93189981167  1.643216E-18
5872.77137113641  2.149673E-18
5875.61084246114  2.228769E-18
5878.45031378588  -1.693772E-18
5881.28978511062  -1.259327E-18
5884.12925643536  6.448507E-19
5886.9687277601  -1.037286E-18
5889.80819908483  7.819597E-19
5892.64767040957  1.253859E-18
5895.48714173431  1.599795E-18
5898.32661305905  1.637848E-18
5901.16608438379  -2.288376E-19
5904.00555570853  -1.634954E-19
5906.84502703326  1.503451E-18
5909.684498358  1.268259E-18
5912.52396968274  1.748236E-18
5915.36344100748  1.364106E-18
5918.20291233222  1.085116E-18
5921.04238365695  2.166942E-18
5923.88185498169  1.646630E-18
5926.72132630643  1.508210E-18
5929.56079763117  2.227078E-18
5932.40026895591  1.596352E-18
5935.23974028064  7.608367E-19
5938.07921160538  1.158590E-18
5940.91868293012  1.775700E-18
5943.75815425486  1.170279E-18
5946.59762557959  1.018286E-18
5949.43709690433  2.069205E-18
5952.27656822907  1.655406E-18
5955.11603955381  3.664758E-19
5957.95551087855  4.813018E-19
5960.79498220328  1.125651E-18
5963.63445352802  1.673891E-18
5966.47392485276  1.635602E-18
5969.3133961775  4.228074E-19
5972.15286750224  9.469556E-19
5974.99233882697  1.565907E-18
5977.83181015171  1.633869E-18
5980.67128147645  1.906794E-18
5983.51075280119  2.498007E-18
5986.35022412593  1.960372E-18
5989.18969545066  2.177344E-18
5992.0291667754  2.247265E-18
5994.86863810014  1.742773E-18
5997.70810942488  1.600424E-18
6000.54758074962  1.868167E-18
6003.38705207435  1.593004E-18
6006.22652339909  2.194300E-18
6009.06599472383  2.879983E-18
6011.90546604857  2.447099E-18
6014.74493737331  1.913987E-18
6017.58440869804  2.083530E-18
6020.42388002278  1.759713E-18
6023.26335134752  1.203373E-18
6026.10282267226  1.166111E-18
6028.942293997  1.944970E-18
6031.78176532173  3.058023E-18
6034.62123664647  2.551253E-18
6037.46070797121  1.739269E-18
6040.30017929595  1.471783E-18
6043.13965062069  1.357589E-18
6045.97912194542  1.349995E-18
6048.81859327016  9.756606E-19
6051.6580645949  1.055785E-18
6054.49753591964  1.084373E-18
6057.33700724438  9.151684E-19
6060.17647856911  1.920589E-18
6063.01594989385  2.054627E-18
6065.85542121859  1.542718E-18
6068.69489254333  1.761228E-18
6071.53436386807  1.158622E-18
6074.3738351928  1.590608E-18
6077.21330651754  2.026919E-18
6080.05277784228  9.647897E-19
6082.89224916702  9.427838E-19
6085.73172049176  1.874115E-18
6088.57119181649  1.944637E-18
6091.41066314123  1.626922E-18
6094.25013446597  1.781414E-18
6097.08960579071  6.011955E-19
6099.92907711545  2.679241E-19
6102.76854844018  1.778598E-18
6105.60801976492  1.218484E-18
6108.44749108966  8.895874E-19
6111.2869624144  1.517370E-18
6114.12643373914  1.653644E-18
6116.96590506387  1.199886E-18
6119.80537638861  1.504918E-18
6122.64484771335  9.888244E-19
6125.48431903809  3.598770E-19
6128.32379036283  2.105459E-18
6131.16326168756  1.498900E-18
6134.0027330123  1.516680E-18
6136.84220433704  1.153874E-18
6139.68167566178  8.184215E-19
6142.52114698652  2.210338E-18
6145.36061831125  1.888278E-18
6148.20008963599  1.291512E-18
6151.03956096073  1.340435E-18
6153.87903228547  2.307443E-18
6156.71850361021  1.575090E-18
6159.55797493494  1.898867E-18
6162.39744625968  1.446507E-18
6165.23691758442  1.355508E-18
6168.07638890916  1.513519E-18
6170.9158602339  1.892271E-18
6173.75533155863  2.149461E-18
6176.59480288337  1.403837E-18
6179.43427420811  1.928203E-18
6182.27374553285  2.589060E-18
6185.11321685759  6.251606E-19
6187.95268818232  8.666930E-19
6190.79215950706  2.411691E-18
6193.6316308318  1.795316E-18
6196.47110215654  2.197061E-18
6199.31057348128  1.612315E-18
6202.15004480601  1.730700E-18
6204.98951613075  1.212751E-18
6207.82898745549  1.188537E-18
6210.66845878023  1.562634E-18
6213.50793010497  1.746256E-18
6216.3474014297  1.618284E-18
6219.18687275444  1.574229E-18
6222.02634407918  6.283400E-19
6224.86581540392  9.183548E-19
6227.70528672866  1.224511E-18
6230.54475805339  6.964584E-19
6233.38422937813  1.607341E-18
6236.22370070287  2.307710E-18
6239.06317202761  2.098563E-18
6241.90264335235  9.576291E-19
6244.74211467708  1.555082E-19
6247.58158600182  2.044582E-18
6250.42105732656  1.373462E-18
6253.2605286513  8.769383E-19
6256.09999997604  1.336338E-18
6258.93947130077  1.706758E-18
6261.77894262551  9.464015E-19
6264.61841395025  2.427321E-19
6267.45788527499  -6.864632E-20
6270.29735659973  1.315682E-18
6273.13682792446  5.259514E-19
6275.9762992492  1.253022E-18
6278.81577057394  1.567755E-18
6281.65524189868  3.248147E-19
6284.49471322342  2.163688E-18
6287.33418454815  -1.460566E-18
6290.17365587289  1.182844E-18
6293.01312719763  7.255889E-19
6295.85259852237  7.685330E-19
6298.69206984711  3.962956E-19
6301.53154117184  1.867354E-18
6304.37101249658  6.844387E-19
6307.21048382132  1.354294E-18
6310.04995514606  1.242626E-18
6312.8894264708  2.884340E-18
6315.72889779553  1.767521E-18
6318.56836912027  1.807537E-18
6321.40784044501  2.437089E-18
6324.24731176975  1.995792E-18
6327.08678309448  1.040353E-18
6329.92625441922  1.009450E-18
6332.76572574396  1.615356E-18
6335.6051970687  1.543733E-18
6338.44466839344  1.699794E-18
6341.28413971818  1.344422E-18
6344.12361104291  1.472716E-18
6346.96308236765  1.273558E-18
6349.80255369239  8.297693E-19
6352.64202501713  1.024518E-18
6355.48149634187  2.507837E-18
6358.3209676666  2.658571E-18
6361.16043899134  1.868489E-18
6363.99991031608  2.432380E-18
6366.83938164082  2.049683E-18
6369.67885296556  2.028862E-18
6372.51832429029  1.360025E-18
6375.35779561503  2.098520E-18
6378.19726693977  2.353714E-18
6381.03673826451  1.037076E-18
6383.87620958925  1.333102E-18
6386.71568091398  1.695863E-18
6389.55515223872  2.001055E-18
6392.39462356346  1.628177E-18
6395.2340948882  1.896335E-18
6398.07356621294  1.908330E-18
6400.91303753767  2.183362E-18
6403.75250886241  1.985166E-18
6406.59198018715  1.495791E-18
6409.43145151189  1.177178E-18
6412.27092283663  1.478353E-18
6415.11039416136  2.022814E-18
6417.9498654861  1.305736E-18
6420.78933681084  1.189641E-18
6423.62880813558  1.934570E-18
6426.46827946032  2.523051E-18
6429.30775078505  2.248754E-18
6432.14722210979  1.798312E-18
6434.98669343453  2.234828E-18
6437.82616475927  2.049232E-18
6440.66563608401  1.780646E-18
6443.50510740875  1.924676E-18
6446.34457873348  1.692028E-18
6449.18405005822  1.300868E-18
6452.02352138296  8.689250E-19
6454.8629927077  7.209672E-19
6457.70246403243  6.706052E-19
6460.54193535717  6.470429E-19
6463.38140668191  1.564641E-18
6466.22087800665  1.912512E-18
6469.06034933138  2.125152E-18
6471.89982065612  2.090984E-18
6474.73929198086  1.613375E-18
6477.5787633056  1.265245E-18
6480.41823463034  1.666683E-18
6483.25770595507  2.304863E-18
6486.09717727981  1.454077E-18
6488.93664860455  1.134489E-18
6491.77611992929  1.553677E-18
6494.61559125403  1.908119E-18
6497.45506257877  2.431680E-18
6500.2945339035  2.646259E-18
6503.13400522824  2.375058E-18
6505.97347655298  1.691729E-18
6508.81294787772  1.546317E-18
6511.65241920246  2.697557E-18
6514.49189052719  2.299704E-18
6517.33136185193  2.134262E-18
6520.17083317667  2.049111E-18
6523.01030450141  1.303784E-18
6525.84977582614  1.643964E-18
6528.68924715088  1.928973E-18
6531.52871847562  1.464806E-18
6534.36818980036  1.076159E-18
6537.2076611251  1.280971E-18
6540.04713244983  9.816231E-19
6542.88660377457  1.618362E-18
6545.72607509931  2.131597E-18
6548.56554642405  1.192148E-18
6551.40501774879  1.024283E-18
6554.24448907353  9.147565E-19
6557.08396039826  1.018952E-18
6559.923431723  1.589156E-18
6562.76290304774  1.820143E-18
6565.60237437248  7.835727E-19
6568.44184569722  -1.886926E-19
6571.28131702195  5.141224E-18
6574.12078834669  1.816363E-17
6576.96025967143  1.412951E-17
6579.79973099617  1.603813E-18
6582.6392023209  2.350460E-19
6585.47867364564  1.482553E-18
6588.31814497038  1.337350E-18
6591.15761629512  8.769383E-19
6593.99708761986  1.060387E-18
6596.83655894459  1.413723E-18
6599.67603026933  1.378867E-18
6602.51550159407  1.658075E-18
6605.35497291881  2.352086E-18
6608.19444424355  1.892319E-18
6611.03391556829  1.665025E-18
6613.87338689302  2.718442E-18
6616.71285821776  2.551395E-18
6619.5523295425  1.919161E-18
6622.39180086724  8.795426E-19
6625.23127219198  1.509200E-18
6628.07074351671  2.257201E-18
6630.91021484145  1.481991E-18
6633.74968616619  1.118954E-18
6636.58915749093  1.438726E-18
6639.42862881567  1.951891E-18
6642.2681001404  2.405318E-18
6645.10757146514  2.539265E-18
6647.94704278988  2.485198E-18
6650.78651411462  2.464162E-18
6653.62598543936  2.347307E-18
6656.46545676409  2.492788E-18
6659.30492808883  1.534005E-18
6662.14439941357  2.211026E-18
6664.98387073831  2.119108E-18
6667.82334206305  2.006058E-18
6670.66281338778  1.369903E-18
6673.50228471252  2.392731E-18
6676.34175603726  2.098554E-18
6679.181227362  2.224694E-18
6682.02069868674  1.822707E-18
6684.86017001147  1.582248E-18
6687.69964133621  1.763619E-18
6690.53911266095  2.350117E-18
6693.37858398569  2.191641E-18
6696.21805531043  1.423888E-18
6699.05752663516  1.816278E-18
6701.8969979599  1.630952E-18
6704.73646928464  2.039568E-18
6707.57594060938  1.798665E-18
6710.41541193411  1.261313E-18
6713.25488325885  1.108628E-18
6716.09435458359  1.529841E-18
6718.93382590833  8.939852E-19
6721.77329723307  7.230187E-19
6724.61276855781  1.206609E-18
6727.45223988254  1.588007E-18
6730.29171120728  1.747637E-18
6733.13118253202  2.047027E-18
6735.97065385676  6.817039E-19
6738.8101251815  1.547822E-18
6741.64959650623  1.856211E-18
6744.48906783097  2.061889E-18
6747.32853915571  2.040187E-18
6750.16801048045  2.245952E-18
6753.00748180518  2.111353E-18
6755.84695312992  2.649095E-18
6758.68642445466  2.382110E-18
6761.5258957794  1.941938E-18
6764.36536710414  1.319464E-18
6767.20483842887  2.452579E-18
6770.04430975361  2.161767E-18
6772.88378107835  2.075116E-18
6775.72325240309  1.866993E-18
6778.56272372783  1.588370E-18
6781.40219505256  2.007171E-18
6784.2416663773  2.943213E-18
6787.08113770204  1.808122E-18
6789.92060902678  1.397761E-18
6792.76008035152  1.649248E-18
6795.59955167626  1.884331E-18
6798.43902300099  1.661061E-18
6801.27849432573  1.889127E-18
6804.11796565047  2.183490E-18
6806.95743697521  2.613703E-18
6809.79690829994  2.403360E-18
6812.63637962468  1.638010E-18
6815.47585094942  2.433675E-18
6818.31532227416  -3.281502E-19
6821.1547935989  1.489674E-18
6823.99426492363  9.332873E-19
6826.83373624837  1.506157E-18
6829.67320757311  2.169120E-18
6832.51267889785  2.759900E-18
6835.35215022259  2.558523E-18
6838.19162154732  2.713886E-18
6841.03109287206  3.402410E-18
6843.8705641968  2.376805E-18
6846.71003552154  2.375218E-18
6849.54950684628  7.007157E-19
6852.38897817101  3.098553E-18
6855.22844949575  4.308769E-19
6858.06792082049  2.270749E-18
6860.90739214523  2.455631E-18
6863.74686346997  1.290488E-18
6866.5863347947  9.193526E-19
6869.42580611944  2.738598E-18
6872.26527744418  7.458904E-19
6875.10474876892  8.924548E-18
6877.94422009366  3.294334E-17
6880.78369141839  7.537875E-19
6883.62316274313  2.083566E-18
6886.46263406787  1.032305E-18
6889.30210539261  2.534810E-18
6892.14157671735  2.878209E-18
6894.98104804208  2.630848E-18
6897.82051936682  1.582748E-18
6900.65999069156  2.670182E-18
6903.4994620163  1.590897E-18
6906.33893334104  8.539152E-19
6909.17840466578  1.486699E-18
6912.01787599051  3.161044E-18
6914.85734731525  1.839732E-18
6917.69681863999  3.362812E-18
6920.53628996473  2.434306E-18
6923.37576128947  2.881526E-18
6926.2152326142  1.187537E-18
6929.05470393894  1.154008E-18
6931.89417526368  1.946241E-18
6934.73364658842  2.922638E-18
6937.57311791316  1.386843E-18
6940.41258923789  7.536052E-19
6943.25206056263  1.903287E-18
6946.09153188737  1.519817E-18
6948.93100321211  1.765663E-18
6951.77047453684  2.399918E-18
6954.60994586158  1.266413E-18
6957.44941718632  1.951964E-18
6960.28888851106  3.002378E-18
6963.1283598358  8.458430E-19
6965.96783116054  2.739816E-18
6968.80730248527  2.082490E-18
6971.64677381001  2.433922E-18
6974.48624513475  2.712149E-18
6977.32571645949  1.937785E-18
6980.16518778423  2.585169E-18
6983.00465910896  3.311957E-18
6985.8441304337  2.606800E-18
6988.68360175844  3.307707E-18
6991.52307308318  2.553576E-18
6994.36254440792  2.822210E-18
6997.20201573265  1.783284E-18
7000.04148705739  2.080531E-18
7002.88095838213  1.943286E-18
7005.72042970687  2.449338E-18
7008.5599010316  2.182410E-18
7011.39937235634  1.956525E-18
7014.23884368108  1.870948E-18
7017.07831500582  2.626369E-18
7019.91778633056  2.489708E-18
7022.75725765529  2.185817E-18
7025.59672898003  2.086127E-18
7028.43620030477  2.881177E-18
7031.27567162951  1.979417E-18
7034.11514295425  2.045729E-18
7036.95461427899  2.417704E-18
7039.79408560372  1.762410E-18
7042.63355692846  2.666320E-18
7045.4730282532  2.919288E-18
7048.31249957794  2.258443E-18
7051.15197090268  1.741083E-18
7053.99144222741  2.046398E-18
7056.83091355215  2.438145E-18
7059.67038487689  2.963760E-18
7062.50985620162  2.883600E-18
7065.34932752636  2.511947E-18
7068.1887988511  2.758793E-18
7071.02827017584  2.525388E-18
7073.86774150058  1.680371E-18
7076.70721282532  2.020242E-18
7079.54668415005  2.291323E-18
7082.38615547479  1.985135E-18
7085.22562679953  2.229997E-18
7088.06509812427  2.376666E-18
7090.90456944901  1.926117E-18
7093.74404077374  2.399082E-18
7096.58351209848  2.716700E-18
7099.42298342322  2.645934E-18
7102.26245474796  2.577244E-18
7105.1019260727  2.207688E-18
7107.94139739743  2.540757E-18
7110.78086872217  2.962933E-18
7113.62034004691  2.737499E-18
7116.45981137165  2.822829E-18
7119.29928269639  2.424258E-18
7122.13875402112  2.311931E-18
7124.97822534586  2.662755E-18
7127.8176966706  1.844535E-18
7130.65716799534  2.273305E-18
7133.49663932008  2.387062E-18
7136.33611064481  2.888479E-18
7139.17558196955  1.859329E-18
7142.01505329429  1.249501E-18
7144.85452461903  1.881633E-18
7147.69399594377  2.037565E-18
7150.5334672685  2.481509E-18
7153.37293859324  2.717327E-18
7156.21240991798  1.976582E-18
7159.05188124272  2.143213E-18
7161.89135256746  2.381671E-18
7164.73082389219  1.852437E-18
7167.57029521693  2.852883E-18
7170.40976654167  2.817274E-18
7173.24923786641  1.877922E-18
7176.08870919115  2.276949E-18
7178.92818051588  2.213518E-18
7181.76765184062  2.142343E-18
7184.60712316536  2.168924E-18
7187.4465944901  2.376687E-18
7190.28606581484  1.940231E-18
7193.12553713957  2.350869E-18
7195.96500846431  2.523515E-18
7198.80447978905  2.123201E-18
7201.64395111379  2.534907E-18
7204.48342243853  2.367465E-18
7207.32289376327  2.501876E-18
7210.162365088  2.544766E-18
7213.00183641274  1.988577E-18
7215.84130773748  1.649108E-18
7218.68077906222  2.466646E-18
7221.52025038695  1.961522E-18
7224.35972171169  9.396312E-19
7227.19919303643  3.801916E-19
7230.03866436117  2.400243E-19
7232.87813568591  4.346067E-18
7235.71760701064  4.472984E-18
7238.55707833538  2.794707E-18
7241.39654966012  2.976117E-18
7244.23602098486  4.152251E-18
7247.0754923096  2.355728E-18
7249.91496363433  1.439479E-18
7252.75443495907  2.876617E-18
7255.59390628381  3.497679E-18
7258.43337760855  1.553125E-18
7261.27284893329  5.679050E-19
7264.11232025803  4.978391E-18
7266.95179158276  2.203669E-18
7269.7912629075  1.534019E-18
7272.63073423224  2.679008E-18
7275.47020555698  1.936986E-18
7278.30967688171  1.871080E-18
7281.14914820645  2.301461E-18
7283.98861953119  2.838466E-18
7286.82809085593  3.611686E-18
7289.66756218067  2.705591E-18
7292.5070335054  2.775768E-18
7295.34650483014  3.661741E-18
7298.18597615488  2.358206E-18
7301.02544747962  1.242294E-18
7303.86491880436  3.285101E-18
7306.70439012909  2.130023E-18
7309.54386145383  2.422260E-18
7312.38333277857  2.101688E-18
7315.22280410331  1.997537E-18
7318.06227542805  1.836729E-18
7320.90174675278  4.217613E-18
7323.74121807752  7.975970E-19
7326.58068940226  1.351553E-18
7329.420160727  4.329343E-18
7332.25963205174  2.126631E-18
7335.09910337647  2.289378E-18
7337.93857470121  2.303398E-18
7340.77804602595  2.553525E-18
7343.61751735069  6.612390E-19
7346.45698867543  1.022358E-18
7349.29646000016  3.670056E-18
7352.1359313249  2.241628E-18
7354.97540264964  -1.210094E-18
7357.81487397438  2.969217E-18
7360.65434529912  3.387461E-18
7363.49381662385  4.874067E-18
7366.33328794859  2.932683E-18
7369.17275927333  1.866960E-18
7372.01223059807  2.153203E-18
7374.8517019228  1.898621E-18
7377.69117324754  1.749018E-18
7380.53064457228  2.363034E-18
7383.37011589702  2.279607E-18
7386.20958722176  1.332064E-18
7389.0490585465  1.648241E-18
7391.88852987123  2.804677E-18
7394.72800119597  2.250118E-18
7397.56747252071  2.347807E-18
7400.40694384545  2.780194E-18
7403.24641517019  2.536022E-18
7406.08588649492  3.183106E-18
7408.92535781966  1.841712E-18
7411.7648291444  2.372402E-18
7414.60430046914  2.412499E-18
7417.44377179388  1.971174E-18
7420.28324311861  2.328885E-18
7423.12271444335  2.061663E-18
7425.96218576809  2.476421E-18
7428.80165709283  2.674249E-18
7431.64112841756  2.787667E-18
7434.4805997423  2.190665E-18
7437.32007106704  2.496498E-18
7440.15954239178  2.821513E-18
7442.99901371652  2.519241E-18
7445.83848504126  1.594896E-18
7448.67795636599  2.699089E-18
7451.51742769073  3.248114E-18
7454.35689901547  3.005048E-18
7457.19637034021  2.600933E-18
7460.03584166495  2.736080E-18
7462.87531298968  2.338274E-18
7465.71478431442  2.540560E-18
7468.55425563916  2.177846E-18
7471.3937269639  2.133278E-18
7474.23319828864  2.630794E-18
7477.07266961337  2.544995E-18
7479.91214093811  2.731806E-18
7482.75161226285  3.030754E-18
7485.59108358759  3.052989E-18
7488.43055491232  3.019122E-18
7491.27002623706  2.848363E-18
7494.1094975618  2.481415E-18
7496.94896888654  2.185607E-18
7499.78844021128  2.840083E-18
7502.62791153602  2.382387E-18
7505.46738286075  3.789261E-18
7508.30685418549  2.130337E-18
7511.14632551023  2.044019E-18
7513.98579683497  2.807201E-18
7516.82526815971  2.581569E-18
7519.66473948444  2.300941E-18
7522.50421080918  2.526621E-18
7525.34368213392  2.603518E-18
7528.18315345866  3.208665E-18
7531.0226247834  2.899602E-18
7533.86209610813  4.034789E-18
7536.70156743287  2.322722E-18
7539.54103875761  2.710909E-18
7542.38051008235  3.492091E-18
7545.21998140708  2.852297E-18
7548.05945273182  1.982611E-18
7550.89892405656  1.561446E-18
7553.7383953813  2.794014E-18
7556.57786670604  3.200154E-18
7559.41733803078  3.288733E-18
7562.25680935551  3.119881E-18
7565.09628068025  2.345810E-18
7567.93575200499  2.059546E-18
7570.77522332973  2.668324E-18
7573.61469465447  3.080550E-18
7576.4541659792  1.697214E-18
7579.29363730394  1.615736E-18
7582.13310862868  1.414750E-18
7584.97257995342  8.073924E-19
7587.81205127815  1.155225E-18
7590.65152260289  5.840297E-19
7593.49099392763  -3.586430E-20
7596.33046525237  9.023917E-19
7599.16993657711  2.351731E-18
7602.00940790184  2.041402E-18
7604.84887922658  2.086560E-18
7607.68835055132  2.408777E-18
7610.52782187606  1.728155E-18
7613.3672932008  1.683711E-18
7616.20676452554  1.905577E-18
7619.04623585027  1.911882E-18
7621.88570717501  1.517575E-18
7624.72517849975  2.065816E-18
7627.56464982449  1.904328E-18
7630.40412114923  1.821132E-18
7633.24359247396  3.341625E-18
7636.0830637987  2.541648E-18
7638.92253512344  3.132644E-18
7641.76200644818  2.159752E-18
7644.60147777291  2.905231E-18
7647.44094909765  3.171331E-18
7650.28042042239  1.733734E-18
7653.11989174713  1.913060E-18
7655.95936307187  2.273508E-18
7658.7988343966  3.005714E-18
7661.63830572134  2.588862E-18
7664.47777704608  1.751680E-18
7667.31724837082  2.238095E-18
7670.15671969556  2.859237E-18
7672.99619102029  2.393070E-18
7675.83566234503  2.115352E-18
7678.67513366977  3.136993E-18
7681.51460499451  2.193019E-18
7684.35407631925  2.297945E-18
7687.19354764399  3.886697E-18
7690.03301896872  2.934361E-18
7692.87249029346  1.683093E-18
7695.7119616182  4.326588E-20
7698.55143294294  3.970316E-18
7701.39090426767  2.904050E-18
7704.23037559241  2.087852E-18
7707.06984691715  3.225499E-18
7709.90931824189  3.928164E-18
7712.74878956663  3.581022E-18
7715.58826089136  3.399360E-18
7718.4277322161  4.793726E-18
7721.26720354084  3.246645E-18
7724.10667486558  8.126314E-19
7726.94614619032  3.809072E-18
7729.78561751505  -1.599769E-19
7732.62508883979  1.850071E-18
7735.46456016453  4.381094E-18
7738.30403148927  3.336030E-18
7741.14350281401  2.405016E-18
7743.98297413875  3.304293E-19
7746.82244546348  1.949363E-18
7749.66191678822  3.427118E-18
7752.50138811296  2.657781E-18
7755.3408594377  2.933945E-18
7758.18033076243  4.625245E-18
7761.01980208717  3.181954E-18
7763.85927341191  1.196442E-18
7766.69874473665  4.289432E-18
7769.53821606139  3.992210E-18
7772.37768738612  3.502267E-18
7775.21715871086  2.071140E-18
7778.0566300356  7.529089E-19
7780.89610136034  3.415299E-18
7783.73557268508  3.276146E-18
7786.57504400981  4.543456E-18
7789.41451533455  3.056259E-18
7792.25398665929  1.301246E-18
7795.09345798403  3.755281E-18
7797.93292930877  3.001873E-18
7800.7724006335  3.208634E-18
7803.61187195824  1.536502E-18
7806.45134328298  1.313561E-18
7809.29081460772  2.363447E-18
7812.13028593246  3.139360E-18
7814.96975725719  3.809652E-18
7817.80922858193  2.726773E-18
7820.64869990667  6.924493E-19
7823.48817123141  2.227792E-18
7826.32764255615  1.305667E-18
7829.16711388088  2.782364E-18
7832.00658520562  5.309033E-18
7834.84605653036  3.454721E-19
7837.6855278551  1.385320E-18
7840.52499917984  1.353076E-18
7843.36447050457  1.278075E-18
7846.20394182931  1.072618E-18
7849.04341315405  2.742472E-18
7851.88288447879  1.645562E-18
7854.72235580353  8.150436E-19
7857.56182712826  9.695105E-19
7860.401298453  3.320690E-18
7863.24076977774  3.873947E-18
7866.08024110248  6.456653E-19
7868.91971242722  4.540290E-18
7871.75918375195  6.915163E-19
7874.59865507669  6.195445E-19
7877.43812640143  2.506159E-18
7880.27759772617  3.517659E-18
7883.11706905091  2.219800E-18
7885.95654037564  2.475439E-18
7888.79601170038  2.307072E-18
7891.63548302512  4.594097E-18
7894.47495434986  -4.482373E-19
7897.3144256746  2.465463E-18
7900.15389699933  6.762040E-18
7902.99336832407  1.384596E-18
7905.83283964881  3.092021E-18
7908.67231097355  4.085404E-18
7911.51178229829  2.042176E-18
7914.35125362302  1.534691E-18
7917.19072494776  2.833918E-18
7920.0301962725  2.161073E-18
7922.86966759724  5.125617E-18
7925.70913892198  2.216708E-18
7928.54861024672  4.370523E-18
7931.38808157145  3.312421E-18
7934.22755289619  2.212303E-18
7937.06702422093  2.218618E-18
7939.90649554567  3.135604E-18
7942.74596687041  4.760637E-18
7945.58543819514  1.617790E-18
7948.42490951988  7.135667E-19
7951.26438084462  2.257560E-18
7954.10385216936  2.174801E-18
7956.9433234941  4.329568E-18
7959.78279481883  3.809041E-18
7962.62226614357  2.179057E-18
7965.46173746831  2.339392E-18
7968.30120879305  2.071857E-18
7971.14068011778  2.358902E-18
7973.98015144252  2.260793E-18
7976.81962276726  2.383651E-18
7979.659094092  3.961241E-18
7982.49856541674  4.148585E-18
7985.33803674147  3.098254E-18
7988.17750806621  4.045260E-18
7991.01697939095  4.300453E-18
7993.85645071569  2.803383E-18
7996.69592204043  3.370368E-18
7999.53539336517  1.209634E-18
8002.3748646899  9.776076E-19
8005.21433601464  4.291037E-18
8008.05380733938  2.476513E-18
8010.89327866412  1.971232E-18
8013.73274998885  2.877350E-18
8016.57222131359  2.056791E-18
8019.41169263833  1.422465E-18
8022.25116396307  3.376665E-18
8025.09063528781  2.149718E-18
8027.93010661254  3.116951E-18
8030.76957793728  3.190415E-18
8033.60904926202  3.193181E-18
8036.44852058676  2.382813E-18
8039.2879919115  2.885470E-18
8042.12746323623  3.567161E-18
8044.96693456097  3.691820E-18
8047.80640588571  2.980529E-18
8050.64587721045  4.381106E-18
8053.48534853519  3.631158E-18
8056.32481985992  3.478481E-18
8059.16429118466  2.848577E-18
8062.0037625094  2.876607E-18
8064.84323383414  4.297853E-18
8067.68270515888  2.974595E-18
8070.52217648361  3.224279E-18
8073.36164780835  3.670746E-18
8076.20111913309  3.415521E-18
8079.04059045783  2.346104E-18
8081.88006178257  3.390188E-18
8084.7195331073  3.608019E-18
8087.55900443204  3.660810E-18
8090.39847575678  3.486838E-18
8093.23794708152  2.666622E-18
8096.07741840626  2.196244E-18
8098.91688973099  2.804091E-18
8101.75636105573  3.143471E-18
8104.59583238047  2.820374E-18
8107.43530370521  3.512380E-18
8110.27477502995  3.239022E-18
8113.11424635468  3.333543E-18
8115.95371767942  3.303901E-18
8118.79318900416  2.641059E-18
8121.6326603289  3.448102E-18
8124.47213165364  2.943322E-18
8127.31160297837  2.953105E-18
8130.15107430311  3.396138E-18
8132.99054562785  2.248294E-18
8135.83001695259  3.450490E-18
8138.66948827733  2.888102E-18
8141.50895960206  3.734548E-18
8144.3484309268  3.400833E-18
8147.18790225154  2.781459E-18
8150.02737357628  2.657339E-18
8152.86684490102  2.545945E-18
8155.70631622575  2.397767E-18
8158.54578755049  2.699660E-18
8161.38525887523  3.596854E-18
8164.22473019997  3.270706E-18
8167.06420152471  2.631759E-18
8169.90367284944  2.692343E-18
8172.74314417418  3.050124E-18
8175.58261549892  1.968745E-18
8178.42208682366  2.645525E-18
8181.2615581484  2.853042E-18
8184.10102947313  3.638853E-18
8186.94050079787  3.965046E-18
8189.77997212261  3.431842E-18
8192.61944344735  2.666095E-18
8195.45891477209  3.588464E-18
8198.29838609682  3.714129E-18
8201.13785742156  2.762429E-18
8203.9773287463  2.361290E-18
8206.81680007104  2.953063E-18
8209.65627139578  3.509422E-18
8212.49574272052  3.693840E-18
8215.33521404525  3.071225E-18
8218.17468536999  3.446244E-18
8221.01415669473  3.661564E-18
8223.85362801947  3.577378E-18
8226.69309934421  3.048654E-18
8229.53257066894  3.602379E-18
8232.37204199368  3.627101E-18
8235.21151331842  3.513856E-18
8238.05098464316  2.764113E-18
8240.8904559679  2.799671E-18
8243.72992729263  3.301431E-18
8246.56939861737  3.208405E-18
8249.40886994211  3.555915E-18
8252.24834126685  3.661799E-18
8255.08781259158  3.729126E-18
8257.92728391632  4.350957E-18
8260.76675524106  3.174456E-18
8263.6062265658  2.145236E-18
8266.44569789054  4.716476E-18
8269.28516921527  3.246209E-18
8272.12464054001  2.753865E-19
8274.96411186475  4.477240E-18
8277.80358318949  3.093790E-18
8280.64305451423  7.487225E-19
8283.48252583896  1.090113E-18
8286.3219971637  1.924911E-18
8289.16146848844  2.758997E-18
8292.00093981318  1.371889E-18
8294.84041113792  3.985083E-19
8297.67988246265  6.308633E-18
8300.51935378739  4.864410E-18
8303.35882511213  4.151323E-18
8306.19829643687  3.855288E-18
8309.03776776161  5.924565E-18
8311.87723908634  2.809094E-18
8314.71671041108  2.649556E-18
8317.55618173582  1.856515E-18
8320.39565306056  5.160466E-18
8323.2351243853  4.058308E-18
8326.07459571004  9.483527E-18
8328.91406703477  1.732968E-18
8331.75353835951  6.612775E-18
8334.59300968425  8.948298E-18
8337.43248100899  3.284955E-18
8340.27195233372  2.643024E-18
8343.11142365846  3.323478E-18
8345.9508949832  7.743607E-18
8348.79036630794  6.107829E-18
8351.62983763268  1.092784E-18
8354.46930895741  7.243534E-18
8357.30878028215  3.708717E-18
8360.14825160689  1.220481E-18
8362.98772293163  6.100352E-18
8365.82719425637  2.682199E-18
8368.6666655811  3.931743E-18
8371.50613690584  3.268116E-18
8374.34560823058  3.636266E-18
8377.18507955532  1.286790E-18
8380.02455088006  8.175448E-18
8382.86402220479  5.071684E-18
8385.70349352953  7.263475E-18
8388.54296485427  8.712347E-18
8391.38243617901  4.157302E-18
8394.22190750375  1.621449E-18
8397.06137882848  8.447398E-18
8399.90085015322  3.405948E-18
8402.74032147796  6.991214E-18
8405.5797928027  1.072644E-17
8408.41926412744  -1.150109E-17
8411.25873545217  9.143177E-18
8414.09820677691  2.319393E-18
8416.93767810165  3.138499E-18
8419.77714942639  1.641149E-18
8422.61662075112  2.535918E-19
8425.45609207586  3.174341E-18
8428.2955634006  4.471481E-18
8431.13503472534  5.470406E-19
8433.97450605008  4.319544E-18
8436.81397737482  7.457121E-18
8439.65344869955  -6.939384E-19
8442.49292002429  4.162073E-18
8445.33239134903  -3.901199E-19
8448.17186267377  9.357609E-18
8451.01133399851  6.456027E-18
8453.85080532324  5.735919E-18
8456.69027664798  5.269902E-18
8459.52974797272  5.006773E-18
8462.36921929746  5.310450E-18
8465.2086906222  5.504949E-18
8468.04816194693  3.517351E-18
8470.88763327167  5.185905E-18
8473.72710459641  1.585959E-18
8476.56657592115  4.028557E-18
8479.40604724588  2.901122E-18
8482.24551857062  3.803386E-18
8485.08498989536  5.974110E-19
8487.9244612201  3.027974E-18
8490.76393254484  3.658796E-18
8493.60340386957  5.120076E-18
8496.44287519431  5.488366E-18
8499.28234651905  5.456195E-18
8502.12181784379  5.451616E-18
8504.96128916853  4.831362E-18
8507.80076049327  4.710010E-18
8510.640231818  2.363849E-18
8513.47970314274  5.537755E-18
8516.31917446748  4.285583E-18
8519.15864579222  2.628638E-18
8521.99811711696  2.510114E-18
8524.83758844169  2.743074E-18
8527.67705976643  3.725232E-18
8530.51653109117  1.242210E-18
8533.35600241591  3.483586E-18
8536.19547374064  4.514231E-18
8539.03494506538  4.507481E-18
8541.87441639012  3.346469E-18
8544.71388771486  2.153426E-18
8547.5533590396  4.730155E-18
8550.39283036433  3.288224E-18
8553.23230168907  1.883104E-18
8556.07177301381  3.534140E-18
8558.91124433855  4.723683E-18
8561.75071566329  4.638956E-18
8564.59018698802  3.694100E-18
8567.42965831277  3.820607E-18
8570.2691296375  3.753698E-18
8573.10860096224  3.854649E-18
8575.94807228698  4.096091E-18
8578.78754361172  3.282301E-18
8581.62701493645  5.222477E-18
8584.46648626119  4.033664E-18
8587.30595758593  4.726057E-18
8590.14542891067  4.772832E-18
8592.9849002354  3.732847E-18
8595.82437156014  3.584530E-18
8598.66384288488  5.163546E-18
8601.50331420962  6.696022E-18
8604.34278553436  4.761664E-18
8607.18225685909  4.691906E-18
8610.02172818383  2.512766E-18
8612.86119950857  4.767969E-19
8615.70067083331  1.055844E-18
8618.54014215805  1.286186E-18
8621.37961348278  5.311464E-18
8624.21908480752  4.466510E-18
8627.05855613226  6.052705E-18
8629.898027457  4.980445E-18
8632.73749878174  6.016208E-19
8635.57697010647  5.580852E-18
8638.41644143121  -9.992294E-19
8641.25591275595  4.679803E-18
8644.09538408069  5.105892E-18
8646.93485540543  4.165428E-18
8649.77432673016  4.012921E-18
8652.6137980549  2.683888E-18
8655.45326937964  3.152564E-18
8658.29274070438  -1.459495E-19
8661.13221202912  5.261628E-18
8663.97168335385  5.521294E-18
8666.81115467859  2.739386E-18
8669.65062600333  5.078837E-18
8672.49009732807  1.382341E-19
8675.32956865281  2.778802E-18
8678.16903997754  1.361067E-18
8681.00851130228  2.846270E-18
8683.84798262702  3.058136E-18
8686.68745395176  4.964116E-18
8689.5269252765  4.543914E-18
8692.36639660123  5.092314E-18
8695.20586792597  3.977421E-18
8698.04533925071  4.698115E-18
8700.88481057545  4.005071E-18
8703.72428190019  3.647515E-18
8706.56375322492  3.540736E-18
8709.40322454966  2.558090E-18
8712.2426958744  2.984175E-18
8715.08216719914  4.281434E-18
8717.92163852388  4.075521E-18
8720.76110984861  2.551608E-18
8723.60058117335  2.506532E-18
8726.44005249809  3.114859E-18
8729.27952382283  3.171073E-18
8732.11899514757  4.050551E-18
8734.9584664723  4.894184E-18
8737.79793779704  5.301718E-18
8740.63740912178  2.817318E-18
8743.47688044652  -4.321280E-19
8746.31635177126  4.914393E-18
8749.155823096  -4.298633E-18
8751.99529442073  8.552930E-19
8754.83476574547  6.788838E-18
8757.67423707021  5.824613E-18
8760.51370839495  1.576118E-18
8763.35317971969  4.032960E-18
8766.19265104442  -2.655571E-18
8769.03212236916  8.234193E-18
8771.8715936939  -5.485106E-18
8774.71106501864  1.438892E-18
8777.55053634338  6.948098E-18
8780.39000766811  3.547200E-18
8783.22947899285  -2.601054E-18
8786.06895031759  8.044010E-18
8788.90842164232  5.856682E-18
8791.74789296706  2.780136E-18
8794.5873642918  3.919962E-18
8797.42683561654  4.689513E-19
8800.26630694128  5.329153E-18
8803.10577826602  -8.341328E-19
8805.94524959075  1.585911E-17
8808.78472091549  -6.311844E-18
8811.62419224023  -5.158924E-18
8814.46366356497  -1.386398E-18
8817.30313488971  7.169557E-19
8820.14260621444  5.162104E-18
8822.98207753918  3.699332E-18
8825.82154886392  2.065235E-18
8828.66102018866  1.208277E-19
8831.5004915134  8.972074E-18
8834.33996283813  2.493213E-20
8837.17943416287  -8.342777E-18
8840.01890548761  1.115136E-17
8842.85837681235  1.749665E-18
8845.69784813709  -3.246107E-18
8848.53731946182  1.671583E-18
8851.37679078656  6.257053E-18
8854.2162621113  2.485633E-18
8857.05573343604  2.041587E-18
8859.89520476078  2.346793E-18
8862.73467608551  2.868297E-18
8865.57414741025  4.623210E-18
8868.41361873499  5.359605E-18
8871.25309005973  4.922527E-18
8874.09256138447  3.528857E-18
8876.9320327092  5.907687E-18
8879.77150403394  9.497177E-18
8882.61097535868  6.417036E-18
8885.45044668342  5.950816E-18
8888.28991800816  4.463984E-18
8891.1293893329  5.704361E-18
8893.96886065763  8.049122E-18
8896.80833198237  7.315246E-18
8899.64780330711  5.260968E-18
8902.48727463185  -7.046537E-19
8905.32674595658  2.961789E-18
8908.16621728132  -1.425042E-18
8911.00568860606  2.802862E-18
8913.8451599308  -1.064340E-19
8916.68463125554  -4.357559E-20
8919.52410258027  2.420251E-18
8922.36357390501  -2.693754E-18
8925.20304522975  -3.804519E-18
8928.04251655449  3.826171E-18
8930.88198787923  -1.177216E-19
8933.72145920396  1.933962E-18
8936.5609305287  6.719066E-18
8939.40040185344  2.979718E-18
8942.23987317818  9.096520E-19
8945.07934450292  2.484715E-18
8947.91881582765  -4.396477E-19
8950.75828715239  2.765695E-18
8953.59775847713  3.673395E-18
8956.43722980187  2.013706E-18
8959.27670112661  4.971535E-18
8962.11617245134  -7.806952E-19
8964.95564377608  6.978039E-18
8967.79511510082  5.448461E-18
8970.63458642556  1.657389E-18
8973.4740577503  2.081658E-18
8976.31352907503  2.054448E-18
8979.15300039977  4.330532E-18
8981.99247172451  2.208814E-18
8984.83194304925  5.424650E-18
8987.67141437399  5.004643E-18
8990.51088569873  3.893866E-18
8993.35035702346  2.798971E-18
8996.1898283482  3.041182E-18
8999.02929967294  2.511686E-18
9001.86877099767  1.653481E-18
9004.70824232241  3.367473E-18
9007.54771364715  7.674635E-18
9010.38718497189  -4.928480E-18
9013.22665629663  3.925936E-18
9016.06612762137  2.815156E-18
9018.9055989461  2.643296E-18
9021.74507027084  3.042074E-18
9024.58454159558  1.914334E-18
9027.42401292032  -4.734133E-19
9030.26348424506  -6.668927E-19
9033.10295556979  4.987775E-18
9035.94242689453  3.120265E-18
9038.78189821927  2.866632E-18
9041.62136954401  2.327503E-18
9044.46084086875  3.669846E-18
9047.30031219348  2.761280E-18
9050.13978351822  2.074120E-18
9052.97925484296  3.429354E-18
9055.8187261677  3.801962E-18
9058.65819749244  2.088388E-18
9061.49766881717  2.171764E-18
9064.33714014191  2.069212E-18
9067.17661146665  1.957114E-18
9070.01608279139  3.219736E-18
9072.85555411613  3.438827E-18
9075.69502544086  3.633438E-18
9078.5344967656  3.166316E-18
9081.37396809034  1.982944E-18
9084.21343941508  2.398191E-18
9087.05291073982  3.175013E-18
9089.89238206455  2.882768E-18
9092.73185338929  2.262796E-18
9095.57132471403  1.646041E-18
9098.41079603877  2.392590E-18
9101.25026736351  2.570228E-18
9104.08973868825  2.056713E-18
9106.92921001298  2.502927E-18
9109.76868133772  2.024484E-18
9112.60815266246  3.522408E-18
9115.4476239872  2.105194E-18
9118.28709531193  2.656140E-18
9121.12656663667  3.097326E-18
9123.96603796141  1.801704E-18
9126.80550928615  1.859540E-18
9129.64498061089  2.176467E-18
9132.48445193562  2.365675E-18
9135.32392326036  2.194992E-18
9138.1633945851  1.606779E-18
9141.00286590984  7.537502E-19
9143.84233723458  3.344715E-18
9146.68180855931  2.457871E-18
9149.52127988405  2.799411E-18
9152.36075120879  1.561462E-18
9155.20022253353  6.458643E-19
9158.03969385827  2.077747E-18
9160.879165183  5.497973E-19
9163.71863650774  2.214820E-18
9166.55810783248  3.350049E-18
9169.39757915722  1.158860E-18
9172.23705048196  2.986539E-18
9175.07652180669  3.369622E-18
9177.91599313143  3.027396E-18
9180.75546445617  2.146464E-18
9183.59493578091  2.625871E-18
9186.43440710565  3.792361E-18
9189.27387843038  3.224102E-18
9192.11334975512  2.042191E-18
9194.95282107986  2.491346E-18
9197.7922924046  2.496322E-18
9200.63176372934  2.477491E-18
9203.47123505407  4.314268E-18
9206.31070637881  3.366863E-18
9209.15017770355  3.082844E-18
9211.98964902829  3.699386E-18
9214.82912035303  4.639324E-18
9217.66859167776  4.545166E-18
9220.5080630025  3.834229E-18
9223.34753432724  3.665104E-18
9226.18700565198  4.230324E-18
9229.02647697672  3.766715E-18
9231.86594830145  3.118742E-18
9234.70541962619  2.450884E-18
9237.54489095093  2.413469E-18
9240.38436227567  1.872506E-18
9243.22383360041  3.164043E-18
9246.06330492514  3.242787E-18
9248.90277624988  4.934404E-18
9251.74224757462  3.640858E-18
9254.58171889936  2.684086E-18
9257.4211902241  1.719949E-18
9260.26066154883  3.268115E-18
9263.10013287357  2.656819E-18
9265.93960419831  1.456053E-18
9268.77907552305  4.180534E-18
9271.61854684779  3.972688E-18
9274.45801817253  5.519566E-18
9277.29748949726  1.675032E-18
9280.136960822  1.833900E-18
9282.97643214674  3.401437E-18
9285.81590347148  -6.715336E-18
9288.65537479621  1.211868E-17
9291.49484612095  -1.024055E-17
9294.33431744569  1.089535E-17
9297.17378877043  7.613590E-18
9300.01326009517  3.869733E-18
9302.8527314199  -7.019553E-18
9305.69220274464  9.943078E-18
9308.53167406938  6.810413E-18
9311.37114539412  -2.036453E-18
9314.21061671886  6.895968E-18
9317.05008804359  7.757350E-20
9319.88955936833  2.194120E-18
9322.72903069307  1.633147E-18
9325.56850201781  -4.436328E-18
9328.40797334255  -5.229351E-18
9331.24744466728  2.492328E-18
9334.08691599202  4.918901E-18
9336.92638731676  1.169557E-18
9339.7658586415  3.171921E-18
9342.60532996624  -7.399584E-19
9345.44480129097  1.774867E-18
9348.28427261571  2.747169E-18
9351.12374394045  -1.048512E-18
9353.96321526519  6.986650E-18
9356.80268658993  -5.036199E-18
9359.64215791466  -1.176624E-17
9362.4816292394  3.684483E-18
9365.32110056414  -1.728260E-18
9368.16057188888  -1.427041E-18
9371.00004321361  -1.226839E-18
9373.83951453835  -2.373658E-18
9376.67898586309  5.645875E-19
9379.51845718783  1.798009E-18
9382.35792851257  -1.281604E-17
9385.1973998373  6.808860E-18
9388.03687116204  2.266836E-18
9390.87634248678  2.075962E-18
9393.71581381152  2.189808E-18
9396.55528513626  -2.287103E-19
9399.394756461  -4.171724E-19
9402.23422778573  -7.322090E-19
9405.07369911047  -3.399681E-19
9407.91317043521  1.729801E-18
9410.75264175995  1.935221E-19
9413.59211308469  2.944521E-19
9416.43158440942  1.606706E-18
9419.27105573416  -1.006475E-18
9422.1105270589  5.126934E-18
9424.94999838364  9.784015E-18
9427.78946970838  -2.455449E-19
9430.62894103311  -7.698917E-19
9433.46841235785  2.707691E-18
9436.30788368259  3.632204E-18
9439.14735500733  -8.622502E-20
9441.98682633206  2.374003E-19
9444.8262976568  -1.421692E-18
9447.66576898154  1.599601E-18
9450.50524030628  2.234606E-18
9453.34471163102  -4.733960E-19
9456.18418295576  5.259781E-18
9459.02365428049  -4.796894E-18
9461.86312560523  -1.328160E-18
9464.70259692997  -2.865484E-18
9467.54206825471  2.757211E-18
9470.38153957945  -2.569464E-19
9473.22101090418  -1.055256E-18
9476.06048222892  5.749454E-19
9478.89995355366  1.080164E-18
9481.7394248784  8.912055E-19
9484.57889620314  1.038196E-18
9487.41836752787  2.799234E-18
9490.25783885261  -1.013256E-19
9493.09731017735  5.989387E-19
9495.93678150209  -3.156895E-18
9498.77625282683  2.220969E-18
9501.61572415156  7.639519E-19
9504.4551954763  -4.978727E-19
9507.29466680104  2.709156E-18
9510.13413812578  4.042140E-19
9512.97360945052  -6.508923E-19
9515.81308077526  6.761179E-19
9518.65255209999  6.145284E-19
9521.49202342473  1.473950E-18
9524.33149474947  5.934976E-18
9527.17096607421  2.837332E-18
9530.01043739895  -3.650443E-18
9532.84990872368  1.648080E-19
9535.68938004842  -9.146219E-20
9538.52885137316  7.940711E-19
9541.36832269789  -2.282520E-19
9544.20779402263  8.791117E-19
9547.04726534737  -3.915663E-20
9549.88673667211  -2.928276E-18
9552.72620799685  2.415551E-18
9555.56567932158  2.287609E-18
9558.40515064632  2.467698E-18
9561.24462197106  3.153116E-18
9564.0840932958  1.230456E-18
9566.92356462053  1.459428E-18
9569.76303594528  2.538361E-18
9572.60250727001  -2.906843E-19
9575.44197859475  2.770832E-18
9578.28144991949  2.450472E-18
9581.12092124423  7.941005E-19
9583.96039256897  1.238983E-18
9586.7998638937  1.473996E-18
9589.63933521844  9.665395E-19
9592.47880654318  4.010449E-19
9595.31827786792  1.309649E-18
9598.15774919266  1.466262E-18
9600.99722051739  4.978610E-19
9603.83669184213  4.008831E-19
9606.67616316687  1.685302E-18
9609.51563449161  1.232850E-18
9612.35510581635  8.350918E-19
9615.19457714108  1.656574E-18
9618.03404846582  1.804393E-19
9620.87351979056  -8.715754E-19
9623.7129911153  -3.984772E-20
9626.55246244004  8.210512E-19
9629.39193376477  1.951036E-18
9632.23140508951  -1.612787E-19
9635.07087641425  1.137133E-18
9637.91034773899  1.019344E-18
9640.74981906373  1.156788E-18
9643.58929038846  1.555781E-18
9646.4287617132  2.053978E-18
9649.26823303794  1.538781E-18
9652.10770436268  1.874052E-18
9654.94717568742  9.774728E-19
9657.78664701215  4.176896E-19
9660.62611833689  1.033728E-18
9663.46558966163  3.509449E-19
9666.30506098637  4.233650E-19
9669.14453231111  -2.621311E-19
9671.98400363584  4.336529E-19
9674.82347496058  7.787345E-19
9677.66294628532  2.922608E-18
9680.50241761006  2.224971E-18
9683.34188893479  1.069985E-18
9686.18136025953  7.894858E-19
9689.02083158427  6.394867E-19
9691.86030290901  1.089430E-18
9694.69977423375  2.058842E-18
9697.53924555848  2.079047E-18
9700.37871688322  1.121010E-18
9703.21818820796  6.533906E-19
9706.0576595327  4.138529E-19
9708.89713085744  -2.456188E-19
9711.73660218218  1.337296E-18
9714.57607350691  6.405583E-21
9717.41554483165  1.315151E-18
9720.25501615639  1.705959E-18
9723.09448748113  9.115470E-19
9725.93395880587  1.318024E-19
9728.7734301306  1.350255E-18
9731.61290145534  6.191730E-19
9734.45237278008  1.386187E-18
9737.29184410482  5.058497E-19
9740.13131542955  4.169772E-19
9742.97078675429  1.302457E-18
9745.81025807903  7.734955E-19
9748.64972940377  7.306919E-20
9751.48920072851  6.367847E-19
9754.32867205324  1.819993E-18
9757.16814337798  1.298130E-18
9760.00761470272  6.863780E-19
9762.84708602746  7.664709E-19
9765.6865573522  8.337234E-19
9768.52602867693  1.301492E-18
9771.36550000167  -2.124548E-19
9774.20497132641  -1.554636E-18
9777.04444265115  7.693421E-19
9779.88391397589  1.572981E-18
9782.72338530063  1.335213E-18
9785.56285662536  1.591188E-18
9788.4023279501  1.108384E-18
9791.24179927484  1.013481E-18
9794.08127059958  7.251756E-19
9796.92074192431  4.973723E-18
9799.76021324905  1.608438E-18
9802.59968457379  -3.485648E-19
9805.43915589853  1.539205E-18
9808.27862722327  4.685195E-19
9811.118098548  -3.427014E-19
9813.95756987274  1.772585E-18
9816.79704119748  9.324445E-19
9819.63651252222  1.193577E-18
9822.47598384696  -1.970370E-19
9825.31545517169  1.247622E-18
9828.15492649643  7.794345E-19
9830.99439782117  -1.945731E-19
9833.83386914591  6.336084E-19
9836.67334047065  1.097226E-18
9839.51281179538  4.846090E-19
9842.35228312012  2.126834E-19
9845.19175444486  8.974372E-19
9848.0312257696  7.227238E-19
9850.87069709434  -2.691083E-19
9853.71016841907  -4.231054E-19
9856.54963974381  9.098444E-19
9859.38911106855  1.926194E-18
9862.22858239329  9.678167E-19
9865.06805371803  1.395282E-18
9867.90752504276  9.183253E-19
9870.7469963675  -3.410881E-20
9873.58646769224  -5.953525E-19
9876.42593901698  -2.370517E-18
9879.26541034172  -6.421651E-19
9882.10488166645  5.760977E-19
