4672.89539864035  5.286727E-14
4675.73200939833  7.309427E-14
4678.56862015631  6.318517E-14
4681.40523091429  4.933703E-14
4684.24184167227  4.680543E-14
4687.07845243025  4.559926E-14
4689.91506318823  7.296369E-14
4692.75167394621  6.535752E-14
4695.58828470419  4.093790E-14
4698.42489546217  4.601252E-14
4701.26150622015  4.424910E-14
4704.09811697813  5.451458E-14
4706.93472773611  4.658592E-14
4709.7713384941  4.348339E-14
4712.60794925208  4.808497E-14
4715.44456001006  4.711932E-14
4718.28117076804  3.641445E-14
4721.11778152602  3.968498E-14
4723.954392284  4.893702E-14
4726.79100304198  4.790251E-14
4729.62761379996  5.899001E-14
4732.46422455794  4.008575E-14
4735.30083531592  4.276470E-14
4738.13744607391  4.391823E-14
4740.97405683188  4.295891E-14
4743.81066758987  2.724623E-14
4746.64727834785  2.830844E-14
4749.48388910583  3.889349E-14
4752.32049986381  4.042630E-14
4755.15711062179  3.290393E-14
4757.99372137977  3.833471E-14
4760.83033213775  4.032457E-14
4763.66694289573  3.241854E-14
4766.50355365371  2.140842E-14
4769.34016441169  4.376045E-14
4772.17677516967  3.679099E-14
4775.01338592766  2.941346E-14
4777.84999668564  3.402701E-14
4780.68660744362  3.348285E-14
4783.5232182016  3.188463E-14
4786.35982895958  3.874135E-14
4789.19643971756  3.737609E-14
4792.03305047554  3.295292E-14
4794.86966123352  4.269366E-14
4797.7062719915  4.052459E-14
4800.54288274948  4.214384E-14
4803.37949350746  3.875573E-14
4806.21610426544  2.996871E-14
4809.05271502342  3.144958E-14
4811.88932578141  2.918793E-14
4814.72593653939  2.652911E-14
4817.56254729737  2.494362E-14
4820.39915805535  2.474009E-14
4823.23576881333  2.338377E-14
4826.07237957131  2.168657E-14
4828.90899032929  2.375321E-14
4831.74560108727  2.181838E-14
4834.58221184525  2.156203E-14
4837.41882260323  2.748113E-14
4840.25543336121  2.731523E-14
4843.0920441192  2.421048E-14
4845.92865487718  1.886272E-14
4848.76526563516  2.084355E-14
4851.60187639314  1.942209E-14
4854.43848715112  2.052274E-14
4857.2750979091  2.041847E-14
4860.11170866708  2.475848E-14
4862.94831942506  1.756224E-14
4865.78493018304  2.583006E-14
4868.62154094102  2.232536E-14
4871.458151699  1.975166E-14
4874.29476245698  3.055058E-14
4877.13137321497  3.558885E-14
4879.96798397295  2.847784E-14
4882.80459473093  2.287761E-14
4885.64120548891  2.023321E-14
4888.47781624689  2.464297E-14
4891.31442700487  2.591676E-14
4894.15103776285  2.483048E-14
4896.98764852083  1.915786E-14
4899.82425927881  2.038875E-14
4902.66087003679  1.901204E-14
4905.49748079477  1.581903E-14
4908.33409155275  2.068211E-14
4911.17070231074  2.537343E-14
4914.00731306872  2.345636E-14
4916.8439238267  1.989372E-14
4919.68053458468  2.414027E-14
4922.51714534266  1.791251E-14
4925.35375610064  1.354452E-14
4928.19036685862  2.217573E-14
4931.0269776166  1.636961E-14
4933.86358837458  1.813031E-13
4936.70019913256  7.608164E-14
4939.53680989054  1.412131E-14
4942.37342064852  2.423808E-14
4945.21003140651  1.388841E-14
4948.04664216449  1.649347E-14
4950.88325292247  1.963811E-14
4953.71986368045  2.163385E-14
4956.55647443843  1.608477E-14
4959.39308519641  1.622116E-14
4962.22969595439  1.380490E-14
4965.06630671237  1.515284E-14
4967.90291747035  2.060204E-14
4970.73952822833  1.788364E-14
4973.57613898631  1.835710E-14
4976.41274974429  1.808894E-14
4979.24936050228  1.802064E-14
4982.08597126026  2.106769E-14
4984.92258201824  2.317973E-14
4987.75919277622  1.564577E-14
4990.5958035342  1.581489E-14
4993.43241429218  1.452594E-14
4996.26902505016  1.211944E-14
4999.10563580814  1.697699E-14
5001.94224656612  1.392489E-14
5004.7788573241  1.530756E-14
5007.61546808208  2.237263E-14
5010.45207884006  1.543097E-14
5013.28868959805  1.156992E-14
5016.12530035603  1.280873E-14
5018.96191111401  1.524429E-14
5021.79852187199  1.363594E-14
5024.63513262997  1.455511E-14
5027.47174338795  1.297787E-14
5030.30835414593  1.130984E-14
5033.14496490391  1.485939E-14
5035.98157566189  1.652063E-14
5038.81818641987  1.409012E-14
5041.65479717785  1.389788E-14
5044.49140793583  1.318052E-14
5047.32801869382  1.488203E-14
5050.1646294518  1.583925E-14
5053.00124020978  1.331816E-14
5055.83785096776  1.086014E-14
5058.67446172574  1.312242E-14
5061.51107248372  1.330313E-14
5064.3476832417  1.617403E-14
5067.18429399968  1.382670E-14
5070.02090475766  1.430306E-14
5072.85751551564  1.582321E-14
5075.69412627362  1.219833E-14
5078.53073703161  1.152346E-14
5081.36734778959  1.343633E-14
5084.20395854757  1.875204E-14
5087.04056930555  1.768479E-14
5089.87718006353  1.615321E-14
5092.71379082151  1.258600E-14
5095.55040157949  1.456287E-14
5098.38701233747  1.438669E-14
5101.22362309545  1.241644E-14
5104.06023385343  8.507073E-15
5106.89684461141  1.025923E-14
5109.73345536939  1.418437E-14
5112.57006612737  1.271528E-14
5115.40667688536  1.035818E-14
5118.24328764334  1.204678E-14
5121.07989840132  1.666374E-14
5123.9165091593  1.328921E-14
5126.75311991728  1.389222E-14
5129.58973067526  1.044521E-14
5132.42634143324  1.511254E-14
5135.26295219122  1.192596E-14
5138.0995629492  1.190304E-14
5140.93617370718  1.333585E-14
5143.77278446516  1.217771E-14
5146.60939522315  6.851834E-15
5149.44600598113  1.228280E-14
5152.28261673911  1.160453E-14
5155.11922749709  2.701908E-14
5157.95583825507  3.989051E-14
5160.79244901305  7.347303E-15
5163.62905977103  1.033934E-14
5166.46567052901  1.281838E-14
5169.30228128699  1.291683E-14
5172.13889204497  1.409534E-14
5174.97550280295  1.425873E-14
5177.81211356093  1.057848E-14
5180.64872431892  1.107799E-14
5183.4853350769  1.080954E-14
5186.32194583488  9.419435E-15
5189.15855659286  8.588435E-15
5191.99516735084  9.169642E-15
5194.83177810882  9.958658E-15
5197.6683888668  9.610446E-15
5200.50499962478  9.316709E-15
5203.34161038276  9.216216E-15
5206.17822114074  6.918413E-15
5209.01483189872  7.783526E-15
5211.8514426567  1.114781E-14
5214.68805341468  1.084007E-14
5217.52466417267  1.047618E-14
5220.36127493065  1.128258E-14
5223.19788568863  1.025833E-14
5226.03449644661  1.022910E-14
5228.87110720459  8.908460E-15
5231.70771796257  8.347500E-15
5234.54432872055  1.061981E-14
5237.38093947853  1.047085E-14
5240.21755023651  8.782478E-15
5243.05416099449  1.007279E-14
5245.89077175247  6.841998E-15
5248.72738251045  5.736322E-15
5251.56399326844  7.403003E-15
5254.40060402642  1.000771E-14
5257.2372147844  1.113183E-14
5260.07382554238  8.629813E-15
5262.91043630036  8.796888E-15
5265.74704705834  7.629090E-15
5268.58365781632  5.756088E-15
5271.4202685743  7.965311E-15
5274.25687933228  1.050965E-14
5277.09349009026  1.082722E-14
5279.93010084824  8.152088E-15
5282.76671160623  9.217470E-15
5285.60332236421  8.926000E-15
5288.43993312219  7.651649E-15
5291.27654388017  9.500935E-15
5294.11315463815  7.274658E-15
5296.94976539613  6.510585E-15
5299.78637615411  6.774292E-15
5302.62298691209  6.965438E-15
5305.45959767007  9.085865E-15
5308.29620842805  9.785013E-15
5311.13281918603  7.670767E-15
5313.96942994401  8.396267E-15
5316.806040702  7.554967E-15
5319.64265145998  8.142035E-15
5322.47926221796  1.080294E-14
5325.31587297594  9.666867E-15
5328.15248373392  9.046543E-15
5330.9890944919  7.072157E-15
5333.82570524988  5.992965E-15
5336.66231600786  7.083223E-15
5339.49892676584  6.689505E-15
5342.33553752382  7.547205E-15
5345.1721482818  7.588284E-15
5348.00875903978  5.483591E-15
5350.84536979776  5.758371E-15
5353.68198055575  7.840014E-15
5356.51859131373  7.028602E-15
5359.35520207171  6.071008E-15
5362.19181282969  6.323278E-15
5365.02842358767  4.727649E-15
5367.86503434565  5.453403E-15
5370.70164510363  9.413198E-15
5373.53825586161  5.857852E-15
5376.37486661959  5.694372E-15
5379.21147737757  8.546130E-15
5382.04808813555  7.031257E-15
5384.88469889354  6.530113E-15
5387.72130965152  6.902452E-15
5390.5579204095  7.038988E-15
5393.39453116748  5.242990E-15
5396.23114192546  5.572133E-15
5399.06775268344  5.984859E-15
5401.90436344142  7.035355E-15
5404.7409741994  7.599170E-15
5407.57758495738  7.614874E-15
5410.41419571536  7.580504E-15
5413.25080647334  8.436106E-15
5416.08741723132  8.468659E-15
5418.9240279893  6.730902E-15
5421.76063874729  5.935507E-15
5424.59724950527  7.916448E-15
5427.43386026325  8.367287E-15
5430.27047102123  4.931973E-15
5433.10708177921  6.480025E-15
5435.94369253719  8.433315E-15
5438.78030329517  8.898817E-15
5441.61691405315  7.779303E-15
5444.45352481113  6.154015E-15
5447.29013556911  8.230106E-15
5450.12674632709  7.921661E-15
5452.96335708507  7.652379E-15
5455.79996784306  7.105590E-15
5458.63657860104  6.741654E-15
5461.47318935902  4.268794E-15
5464.309800117  6.057628E-15
5467.14641087498  7.373976E-15
5469.98302163296  6.502166E-15
5472.81963239094  5.380350E-15
5475.65624314892  8.261187E-15
5478.4928539069  7.196218E-15
5481.32946466488  7.382621E-15
5484.16607542287  6.824801E-15
5487.00268618085  7.285321E-15
5489.83929693882  8.487225E-15
5492.67590769681  6.821629E-15
5495.51251845479  6.476079E-15
5498.34912921277  7.887662E-15
5501.18573997075  8.012679E-15
5504.02235072873  7.865426E-15
5506.85896148671  8.534856E-15
5509.69557224469  8.485422E-15
5512.53218300267  8.240479E-15
5515.36879376065  7.587762E-15
5518.20540451863  8.612313E-15
5521.04201527661  9.692866E-15
5523.8786260346  9.117656E-15
5526.71523679258  9.674323E-15
5529.55184755056  1.062672E-14
5532.38845830854  1.036617E-14
5535.22506906652  1.088187E-14
5538.0616798245  1.223683E-14
5540.89829058248  1.384781E-14
5543.73490134046  1.537353E-14
5546.57151209844  1.580872E-14
5549.40812285642  1.715526E-14
5552.2447336144  1.917662E-14
5555.08134437239  2.137164E-14
5557.91795513037  2.318206E-14
5560.75456588835  2.303479E-14
5563.59117664633  2.621201E-14
5566.42778740431  -6.926940E-15
5569.26439816229  -2.180939E-14
5572.10100892027  -1.619647E-14
5574.93761967825  -1.797627E-14
5577.77423043623  -1.240220E-14
5580.61084119421  2.026867E-14
5583.44745195219  4.861337E-14
5586.28406271017  2.070640E-14
5589.12067346815  -6.228056E-15
5591.95728422614  1.173488E-14
5594.79389498412  1.099983E-14
5597.6305057421  4.623210E-15
5600.46711650008  4.655719E-15
5603.30372725806  3.516815E-15
5606.14033801604  3.248813E-15
5608.97694877402  4.481135E-15
5611.813559532  3.163156E-15
5614.65017028998  2.619535E-15
5617.48678104796  3.600372E-15
5620.32339180594  5.192280E-15
5623.16000256393  4.424306E-15
5625.99661332191  3.075226E-15
5628.83322407989  2.457205E-15
5631.66983483787  3.367609E-15
5634.50644559585  3.182803E-15
5637.34305635383  2.658194E-15
5640.17966711181  4.294532E-15
5643.01627786979  4.174890E-15
5645.85288862777  3.407844E-15
5648.68949938575  3.491361E-15
5651.52611014373  3.161485E-15
5654.36272090171  2.915147E-15
5657.1993316597  4.020964E-15
5660.03594241768  4.456017E-15
5662.87255317566  3.705541E-15
5665.70916393364  2.776001E-15
5668.54577469162  3.981216E-15
5671.3823854496  2.475993E-15
5674.21899620758  2.198998E-15
5677.05560696556  2.585879E-15
5679.89221772354  3.874240E-15
5682.72882848152  4.928994E-15
5685.5654392395  3.136571E-15
5688.40204999748  3.734615E-15
5691.23866075546  3.451122E-15
5694.07527151345  2.812824E-15
5696.91188227143  3.491233E-15
5699.74849302941  1.369686E-15
5702.58510378739  2.529726E-15
5705.42171454537  4.069880E-15
5708.25832530335  2.720990E-15
5711.09493606133  3.073327E-15
5713.93154681931  3.572977E-15
5716.76815757729  3.184506E-15
5719.60476833527  1.625868E-15
5722.44137909326  2.892721E-15
5725.27798985123  3.639967E-15
5728.11460060922  3.493390E-15
5730.9512113672  4.146960E-15
5733.78782212518  2.629455E-15
5736.62443288316  1.051198E-15
5739.46104364114  2.713963E-15
5742.29765439912  3.440928E-15
5745.1342651571  3.064742E-15
5747.97087591508  2.194502E-15
5750.80748667306  1.219153E-15
5753.64409743104  2.299646E-15
5756.48070818902  2.732145E-15
5759.317318947  1.521477E-15
5762.15392970499  2.502358E-15
5764.99054046297  1.097617E-15
5767.82715122095  1.626861E-15
5770.66376197893  2.590319E-15
5773.50037273691  3.435972E-15
5776.33698349489  2.687325E-15
5779.17359425287  2.443269E-15
5782.01020501085  2.833239E-15
5784.84681576883  2.793869E-15
5787.68342652681  2.995930E-15
5790.52003728479  2.915637E-15
5793.35664804278  2.485140E-15
5796.19325880076  2.832029E-15
5799.02986955874  3.411507E-15
5801.86648031672  2.667220E-15
5804.7030910747  2.685983E-15
5807.53970183268  2.287435E-15
5810.37631259066  2.656401E-15
5813.21292334864  3.255901E-15
5816.04953410662  3.188216E-15
5818.8861448646  3.329181E-15
5821.72275562258  3.706618E-15
5824.55936638056  3.287455E-15
5827.39597713854  3.101319E-15
5830.23258789653  3.036590E-15
5833.06919865451  3.135674E-15
5835.90580941249  3.445272E-15
5838.74242017047  2.851955E-15
5841.57903092845  3.699006E-15
5844.41564168643  3.518392E-15
5847.25225244441  3.859522E-15
5850.08886320239  4.231018E-15
5852.92547396037  4.355907E-15
5855.76208471835  3.933699E-15
5858.59869547633  3.725483E-15
5861.43530623432  4.398057E-15
5864.2719169923  4.373990E-15
5867.10852775028  3.854932E-15
5869.94513850826  4.728854E-15
5872.78174926624  4.580007E-15
5875.61836002422  4.191904E-15
5878.4549707822  1.717590E-15
5881.29158154018  1.964905E-16
5884.12819229816  -1.267583E-17
5886.96480305614  -2.013052E-15
5889.80141381412  -2.086371E-15
5892.6380245721  -3.351809E-15
5895.47463533009  -3.827534E-15
5898.31124608807  -3.872558E-15
5901.14785684605  -4.826902E-15
5903.98446760403  -1.504838E-15
5906.82107836201  -7.422866E-16
5909.65768911999  1.507639E-15
5912.49429987797  2.084607E-15
5915.33091063595  2.284472E-15
5918.16752139393  9.362508E-16
5921.00413215191  7.362576E-16
5923.84074290989  8.130875E-16
5926.67735366787  1.319785E-15
5929.51396442585  1.780340E-15
5932.35057518384  1.415758E-15
5935.18718594182  1.512830E-15
5938.0237966998  1.890902E-15
5940.86040745778  1.530781E-15
5943.69701821576  8.224194E-16
5946.53362897374  6.486391E-16
5949.37023973172  1.213474E-15
5952.2068504897  1.214513E-15
5955.04346124768  1.833078E-15
5957.88007200566  1.902279E-15
5960.71668276364  1.861678E-15
5963.55329352163  1.517503E-15
5966.38990427961  1.482397E-15
5969.22651503759  1.517043E-15
5972.06312579557  1.800383E-15
5974.89973655355  1.826911E-15
5977.73634731153  1.298214E-15
5980.57295806951  1.146510E-15
5983.40956882749  1.543500E-15
5986.24617958547  1.506285E-15
5989.08279034345  1.767550E-15
5991.91940110143  1.435521E-15
5994.75601185941  1.622457E-15
5997.5926226174  1.774756E-15
6000.42923337538  1.544884E-15
6003.26584413336  9.729466E-16
6006.10245489134  1.725265E-15
6008.93906564932  2.178159E-15
6011.7756764073  1.604524E-15
6014.61228716528  2.026658E-15
6017.44889792326  2.286328E-15
6020.28550868124  2.070003E-15
6023.12211943922  1.901105E-15
6025.9587301972  1.961131E-15
6028.79534095518  1.716099E-15
6031.63195171317  1.665228E-15
6034.46856247115  1.551274E-15
6037.30517322913  1.356018E-15
6040.14178398711  1.703734E-15
6042.97839474509  2.289703E-15
6045.81500550307  2.015346E-15
6048.65161626105  1.611236E-15
6051.48822701903  2.036577E-15
6054.32483777701  1.581248E-15
6057.16144853499  1.534912E-15
6059.99805929297  1.450955E-15
6062.83467005095  1.311915E-15
6065.67128080894  1.735661E-15
6068.50789156692  1.466801E-15
6071.3445023249  1.586679E-15
6074.18111308288  1.690928E-15
6077.01772384086  1.756155E-15
6079.85433459884  1.761122E-15
6082.69094535682  1.914110E-15
6085.5275561148  1.782961E-15
6088.36416687278  1.306509E-15
6091.20077763076  1.359004E-15
6094.03738838874  1.592843E-15
6096.87399914672  1.604689E-15
6099.71060990471  1.746041E-15
6102.54722066269  2.065423E-15
6105.38383142067  2.010492E-15
6108.22044217865  1.678651E-15
6111.05705293663  1.533153E-15
6113.89366369461  1.764040E-15
6116.73027445259  1.773862E-15
6119.56688521057  1.828617E-15
6122.40349596855  2.168633E-15
6125.24010672653  2.142689E-15
6128.07671748451  1.530401E-15
6130.91332824249  1.812391E-15
6133.74993900048  2.078949E-15
6136.58654975846  1.654188E-15
6139.42316051644  1.749008E-15
6142.25977127442  2.102374E-15
6145.0963820324  1.891432E-15
6147.93299279038  1.367561E-15
6150.76960354836  1.647181E-15
6153.60621430634  2.064520E-15
6156.44282506432  1.914181E-15
6159.2794358223  1.692763E-15
6162.11604658028  1.871607E-15
6164.95265733826  1.918796E-15
6167.78926809624  1.972565E-15
6170.62587885423  1.784324E-15
6173.46248961221  1.634942E-15
6176.29910037019  1.605442E-15
6179.13571112817  1.961168E-15
6181.97232188615  2.344931E-15
6184.80893264413  2.052804E-15
6187.64554340211  1.871284E-15
6190.48215416009  1.718511E-15
6193.31876491807  1.719930E-15
6196.15537567605  1.934598E-15
6198.99198643403  1.872221E-15
6201.82859719202  1.743103E-15
6204.66520795  1.964461E-15
6207.50181870798  2.060983E-15
6210.33842946596  1.775963E-15
6213.17504022394  1.979750E-15
6216.01165098192  2.353014E-15
6218.8482617399  1.866586E-15
6221.68487249788  1.292678E-15
6224.52148325586  1.358771E-15
6227.35809401384  1.430490E-15
6230.19470477182  1.059600E-15
6233.03131552981  9.778762E-16
6235.86792628779  1.143379E-15
6238.70453704577  1.058041E-15
6241.54114780375  9.072510E-16
6244.37775856173  5.203798E-16
6247.21436931971  7.313480E-16
6250.05098007769  1.395162E-15
6252.88759083567  1.330079E-15
6255.72420159365  1.292169E-15
6258.56081235163  1.394091E-15
6261.39742310961  1.507082E-15
6264.23403386759  1.377592E-15
6267.07064462557  1.320368E-15
6269.90725538356  1.792973E-15
6272.74386614154  2.058402E-15
6275.58047689952  2.035175E-15
6278.4170876575  2.274791E-15
6281.25369841548  2.279034E-15
6284.09030917346  2.138918E-15
6286.92691993144  5.799680E-16
6289.76353068942  -3.373501E-16
6292.6001414474  -7.266015E-16
6295.43675220538  -6.675661E-16
6298.27336296336  -1.055067E-15
6301.10997372134  -8.104037E-16
6303.94658447932  -8.764548E-16
6306.78319523731  -1.051339E-15
6309.61980599529  -1.673877E-15
6312.45641675327  -2.516247E-16
6315.29302751125  3.993025E-16
6318.12963826923  1.259872E-15
6320.96624902721  8.273654E-16
6323.80285978519  7.871723E-16
6326.63947054317  7.000234E-16
6329.47608130115  1.104699E-15
6332.31269205913  1.413681E-15
6335.14930281711  1.181229E-15
6337.9859135751  1.294452E-15
6340.82252433308  1.203331E-15
6343.65913509106  1.353685E-15
6346.49574584904  1.480965E-15
6349.33235660702  1.355525E-15
6352.168967365  7.868721E-16
6355.00557812298  4.854191E-16
6357.84218888096  4.903737E-16
6360.67879963894  7.553963E-16
6363.51541039692  7.298860E-16
6366.3520211549  4.200900E-16
6369.18863191288  8.507995E-16
6372.02524267087  8.483431E-16
6374.86185342885  1.082978E-15
6377.69846418683  1.157529E-15
6380.53507494481  1.096574E-15
6383.37168570279  1.052249E-15
6386.20829646077  1.039596E-15
6389.04490721875  1.005327E-15
6391.88151797673  8.125200E-16
6394.71812873471  9.507460E-16
6397.55473949269  1.059885E-15
6400.39135025067  1.551913E-15
6403.22796100865  1.607334E-15
6406.06457176663  1.168439E-15
6408.90118252462  1.482844E-15
6411.7377932826  1.552268E-15
6414.57440404058  1.401175E-15
6417.41101479856  1.234547E-15
6420.24762555654  1.291282E-15
6423.08423631452  1.202682E-15
6425.9208470725  1.413980E-15
6428.75745783048  1.176850E-15
6431.59406858846  1.024776E-15
6434.43067934644  1.476335E-15
6437.26729010443  1.607818E-15
6440.10390086241  1.538972E-15
6442.94051162039  1.985902E-15
6445.77712237837  1.846096E-15
6448.61373313635  1.560311E-15
6451.45034389433  1.420786E-15
6454.28695465231  1.512154E-15
6457.12356541029  7.740440E-16
6459.96017616827  8.172331E-16
6462.79678692625  8.552405E-16
6465.63339768423  5.684766E-16
6468.47000844221  7.103579E-16
6471.3066192002  1.255787E-15
6474.14322995818  1.293477E-15
6476.97984071616  1.335904E-15
6479.81645147414  1.206855E-15
6482.65306223212  1.456165E-15
6485.4896729901  1.265531E-15
6488.32628374808  1.279939E-15
6491.16289450606  9.406007E-16
6493.99950526404  9.002341E-16
6496.83611602202  1.135154E-15
6499.67272678  1.577169E-15
6502.50933753798  1.045993E-15
6505.34594829597  7.765622E-16
6508.18255905395  9.835354E-16
6511.01916981193  1.363886E-15
6513.85578056991  1.412838E-15
6516.69239132789  1.552077E-15
6519.52900208587  1.417213E-15
6522.36561284385  1.430835E-15
6525.20222360183  1.264213E-15
6528.03883435981  1.302879E-15
6530.87544511779  1.296906E-15
6533.71205587577  1.089769E-15
6536.54866663375  1.503180E-15
6539.38527739174  1.246576E-15
6542.22188814971  6.631628E-16
6545.0584989077  7.901478E-16
6547.89510966568  6.115812E-16
6550.73172042366  1.840340E-16
6553.56833118164  2.469466E-16
6556.40494193962  3.170839E-16
6559.2415526976  3.572676E-16
6562.07816345558  3.082644E-16
6564.91477421356  -3.326977E-16
6567.75138497154  1.686482E-17
6570.58799572952  2.825778E-17
6573.4246064875  3.455953E-17
6576.26121724549  5.983719E-16
6579.09782800347  5.549367E-16
6581.93443876145  9.297187E-16
6584.77104951943  5.089005E-16
6587.60766027741  3.969145E-16
6590.44427103539  5.972538E-16
6593.28088179337  7.382832E-16
6596.11749255135  7.851838E-16
6598.95410330933  9.927584E-16
6601.79071406731  9.751976E-16
6604.62732482529  1.184675E-15
6607.46393558327  1.178454E-15
6610.30054634126  1.252877E-15
6613.13715709924  1.108027E-15
6615.97376785722  1.075788E-15
6618.8103786152  1.006720E-15
6621.64698937318  6.951069E-16
6624.48360013116  8.857640E-16
6627.32021088914  9.991096E-16
6630.15682164712  9.006240E-16
6632.9934324051  1.068762E-15
6635.83004316308  1.001166E-15
6638.66665392106  9.980185E-16
6641.50326467904  9.583641E-16
6644.33987543702  7.540206E-16
6647.17648619501  8.652447E-16
6650.01309695299  8.129800E-16
6652.84970771097  9.726181E-16
6655.68631846895  1.141891E-15
6658.52292922693  9.409314E-16
6661.35953998491  9.804213E-16
6664.19615074289  1.132254E-15
6667.03276150087  1.214963E-15
6669.86937225885  1.181205E-15
6672.70598301683  1.245531E-15
6675.54259377482  1.090629E-15
6678.37920453279  9.832121E-16
6681.21581529078  1.101482E-15
6684.05242604876  1.425516E-15
6686.88903680674  9.926617E-16
6689.72564756472  1.040293E-15
6692.5622583227  8.141958E-16
6695.39886908068  1.085027E-15
6698.23547983866  1.031518E-15
6701.07209059664  8.364979E-16
6703.90870135462  7.736871E-16
6706.7453121126  8.105402E-16
6709.58192287058  1.055799E-15
6712.41853362857  5.820749E-16
6715.25514438655  6.452789E-16
6718.09175514453  9.201719E-16
6720.92836590251  7.170423E-16
6723.76497666049  1.063460E-15
6726.60158741847  9.592823E-16
6729.43819817645  7.900631E-16
6732.27480893443  9.055072E-16
6735.11141969241  9.504408E-16
6737.94803045039  1.040155E-15
6740.78464120837  1.054456E-15
6743.62125196635  9.579245E-16
6746.45786272434  9.786744E-16
6749.29447348232  9.786334E-16
6752.1310842403  1.017938E-15
6754.96769499828  9.465866E-16
6757.80430575626  1.096045E-15
6760.64091651424  7.756275E-16
6763.47752727222  1.067963E-15
6766.3141380302  1.232082E-15
6769.15074878818  1.298750E-15
6771.98735954616  1.325951E-15
6774.82397030414  1.055109E-15
6777.66058106213  9.254361E-16
6780.49719182011  1.003275E-15
6783.33380257809  1.183503E-15
6786.17041333607  1.292606E-15
6789.00702409405  1.065160E-15
6791.84363485203  1.127333E-15
6794.68024561001  1.094610E-15
6797.51685636799  1.427895E-15
6800.35346712597  1.346474E-15
6803.19007788395  1.540347E-15
6806.02668864193  1.517801E-15
6808.86329939991  1.683296E-15
6811.69991015789  1.468928E-15
6814.53652091588  1.181624E-15
6817.37313167386  8.374221E-16
6820.20974243184  7.107227E-16
6823.04635318982  5.929547E-16
6825.8829639478  3.857064E-16
6828.71957470578  5.434409E-16
6831.55618546376  5.157227E-16
6834.39279622174  2.654653E-16
6837.22940697972  3.473943E-16
6840.0660177377  5.621013E-16
6842.90262849568  6.865128E-16
6845.73923925367  1.282928E-15
6848.57585001165  1.006097E-15
6851.41246076963  4.128391E-16
6854.24907152761  3.570536E-16
6857.08568228559  3.556858E-16
6859.92229304357  4.812568E-16
6862.75890380155  5.454690E-16
6865.59551455953  1.211298E-16
6868.43212531751  1.675560E-16
6871.26873607549  1.913434E-16
6874.10534683347  6.784221E-16
6876.94195759145  5.991450E-16
6879.77856834943  1.033672E-15
6882.61517910742  7.768890E-16
6885.4517898654  6.655785E-16
6888.28840062338  6.537291E-16
6891.12501138136  8.017279E-16
6893.96162213934  6.533374E-16
6896.79823289732  5.680452E-16
6899.6348436553  6.603560E-16
6902.47145441328  7.230739E-16
6905.30806517126  8.053421E-16
6908.14467592924  1.469946E-16
6910.98128668722  7.727699E-16
6913.8178974452  5.864374E-16
6916.65450820319  5.654627E-16
6919.49111896117  4.579766E-16
6922.32772971915  3.665137E-16
6925.16434047713  4.492597E-16
6928.00095123511  4.555811E-16
6930.83756199309  5.388933E-16
6933.67417275107  7.036957E-16
6936.51078350905  1.203784E-16
6939.34739426703  1.308478E-16
6942.18400502501  3.190757E-16
6945.02061578299  2.218531E-16
6947.85722654097  3.626425E-16
6950.69383729896  6.781272E-16
6953.53044805694  3.779183E-16
6956.36705881492  1.499431E-16
6959.2036695729  6.089002E-16
6962.04028033088  4.510401E-16
6964.87689108886  7.395873E-16
6967.71350184684  5.702467E-16
6970.55011260482  3.977864E-16
6973.3867233628  2.694630E-16
6976.22333412078  4.329164E-16
6979.05994487876  3.606945E-16
6981.89655563674  4.449817E-16
6984.73316639472  5.717740E-16
6987.56977715271  4.204771E-16
6990.40638791069  5.678552E-16
6993.24299866867  7.306925E-16
6996.07960942665  6.632590E-16
6998.91622018463  5.377125E-16
7001.75283094261  7.239525E-16
7004.58944170059  6.328534E-16
7007.42605245857  6.511614E-16
7010.26266321655  9.942392E-16
7013.09927397453  7.330937E-16
7015.93588473251  7.634946E-16
7018.7724954905  7.644858E-16
7021.60910624848  7.229124E-16
7024.44571700646  8.994077E-16
7027.28232776444  8.347095E-16
7030.11893852242  8.075536E-16
7032.9555492804  6.846492E-16
7035.79216003838  5.160621E-16
7038.62877079636  6.004726E-16
7041.46538155434  6.145463E-16
7044.30199231232  5.125349E-16
7047.1386030703  4.190590E-16
7049.97521382829  4.885616E-16
7052.81182458627  3.639548E-16
7055.64843534425  6.179691E-16
7058.48504610223  5.767463E-16
7061.32165686021  4.342660E-16
7064.15826761819  5.653572E-16
7066.99487837617  5.495584E-16
7069.83148913415  4.855681E-16
7072.66809989213  5.244110E-16
7075.50471065011  6.375267E-16
7078.34132140809  5.632401E-16
7081.17793216607  7.538830E-16
7084.01454292405  6.569577E-16
7086.85115368204  6.430678E-16
7089.68776444002  6.848433E-16
7092.524375198  6.772143E-16
7095.36098595598  6.078775E-16
7098.19759671396  7.432373E-16
7101.03420747194  8.142549E-16
7103.87081822992  6.482797E-16
7106.7074289879  8.338091E-16
7109.54403974588  8.731560E-16
7112.38065050386  7.276969E-16
7115.21726126185  8.216195E-16
7118.05387201982  7.065489E-16
7120.89048277781  7.222830E-16
7123.72709353579  6.855274E-16
7126.56370429377  7.840208E-16
7129.40031505175  5.673787E-16
7132.23692580973  6.123948E-16
7135.07353656771  5.205060E-16
7137.91014732569  5.710912E-16
7140.74675808367  7.267529E-16
7143.58336884165  5.266764E-16
7146.41997959963  7.429087E-16
7149.25659035761  7.622481E-16
7152.09320111559  6.022192E-16
7154.92981187358  6.613663E-16
7157.76642263156  5.841231E-16
7160.60303338954  5.633187E-16
7163.43964414752  6.462064E-16
7166.2762549055  6.394438E-16
7169.11286566348  6.557866E-16
7171.94947642146  7.250473E-16
7174.78608717944  7.699841E-16
7177.62269793742  6.949157E-16
7180.4593086954  8.221229E-16
7183.29591945338  7.538563E-16
7186.13253021136  9.545587E-16
7188.96914096935  8.754814E-16
7191.80575172733  8.979533E-16
7194.64236248531  9.715065E-16
7197.47897324329  1.097446E-15
7200.31558400127  1.166032E-15
7203.15219475925  1.090383E-15
7205.98880551723  1.019250E-15
7208.82541627521  1.117992E-15
7211.66202703319  1.196363E-15
7214.49863779117  1.395884E-15
7217.33524854915  1.412827E-15
7220.17185930713  1.450605E-15
7223.00847006512  1.140495E-15
7225.8450808231  7.294999E-16
7228.68169158108  -6.291655E-17
7231.51830233906  -1.914314E-16
7234.35491309704  -8.954252E-17
7237.19152385502  -1.585379E-16
7240.028134613  -7.773567E-17
7242.86474537098  -2.828570E-16
7245.70135612896  -5.110769E-16
7248.53796688694  -3.367173E-16
7251.37457764492  4.804491E-16
7254.2111884029  8.835690E-16
7257.04779916088  1.195908E-15
7259.88440991887  5.463392E-16
7262.72102067685  4.117883E-16
7265.55763143483  1.435278E-16
7268.39424219281  -1.510612E-16
7271.23085295079  -1.440272E-16
7274.06746370877  -4.018991E-16
7276.90407446675  -4.003825E-16
7279.74068522473  -3.745615E-16
7282.57729598271  -3.913068E-16
7285.41390674069  8.005339E-17
7288.25051749868  4.496229E-16
7291.08712825666  3.877133E-16
7293.92373901464  5.565486E-16
7296.76034977262  8.430548E-16
7299.5969605306  2.867223E-16
7302.43357128858  2.601188E-16
7305.27018204656  2.763007E-16
7308.10679280454  2.025736E-16
7310.94340356252  2.667809E-16
7313.7800143205  2.981884E-16
7316.61662507848  2.205670E-16
7319.45323583646  1.717893E-16
7322.28984659444  2.293548E-16
7325.12645735243  -4.118163E-16
7327.96306811041  3.528741E-17
7330.79967886839  9.088858E-17
7333.63628962637  1.873811E-18
7336.47290038435  -8.689484E-17
7339.30951114233  2.140917E-17
7342.14612190031  -2.069619E-16
7344.98273265829  -1.641624E-16
7347.81934341627  -5.635638E-17
7350.65595417425  6.364396E-16
7353.49256493223  1.155120E-16
7356.32917569022  4.881995E-17
7359.1657864482  -5.893634E-18
7362.00239720618  -1.859342E-17
7364.83900796416  -1.550666E-16
7367.67561872214  -1.218222E-16
7370.51222948012  1.787810E-16
7373.3488402381  1.377791E-16
7376.18545099608  -6.928589E-17
7379.02206175406  4.848362E-16
7381.85867251204  6.259260E-16
7384.69528327002  5.252771E-16
7387.531894028  2.317285E-16
7390.36850478599  3.274198E-17
7393.20511554397  -1.325756E-17
7396.04172630195  4.116878E-17
7398.87833705993  1.087094E-16
7401.71494781791  3.037593E-16
7404.55155857589  4.579567E-16
7407.38816933387  4.174824E-16
7410.22478009185  4.364309E-16
7413.06139084983  6.997065E-16
7415.89800160781  6.387910E-16
7418.73461236579  6.005785E-16
7421.57122312377  4.273233E-16
7424.40783388175  3.852800E-16
7427.24444463974  4.208689E-16
7430.08105539772  3.867670E-16
7432.9176661557  5.461146E-16
7435.75427691368  5.331111E-16
7438.59088767166  3.943732E-16
7441.42749842964  4.492486E-16
7444.26410918762  4.770303E-16
7447.1007199456  5.412763E-16
7449.93733070358  6.443742E-16
7452.77394146156  7.340044E-16
7455.61055221954  6.536698E-16
7458.44716297753  5.792236E-16
7461.28377373551  5.401205E-16
7464.12038449349  3.563364E-16
7466.95699525147  2.351674E-16
7469.79360600945  1.628564E-16
7472.63021676743  2.452401E-16
7475.46682752541  2.030305E-16
7478.30343828339  1.162340E-16
7481.14004904137  1.845760E-16
7483.97665979935  3.055380E-16
7486.81327055733  4.516579E-16
7489.64988131531  6.095162E-16
7492.4864920733  6.738515E-16
7495.32310283127  7.069355E-16
7498.15971358926  7.448651E-16
7500.99632434724  8.013214E-16
7503.83293510522  7.764431E-16
7506.6695458632  4.816127E-16
7509.50615662118  4.428129E-16
7512.34276737916  2.467686E-16
7515.17937813714  1.099119E-16
7518.01598889512  8.955943E-17
7520.8525996531  -2.977672E-17
7523.68921041108  -3.177649E-17
7526.52582116906  3.268544E-17
7529.36243192705  5.060532E-17
7532.19904268503  2.618363E-16
7535.03565344301  5.659091E-16
7537.87226420099  4.957356E-16
7540.70887495897  5.408389E-16
7543.54548571695  5.706462E-16
7546.38209647493  5.827299E-16
7549.21870723291  5.465881E-16
7552.05531799089  5.372337E-16
7554.89192874887  3.379609E-16
7557.72853950685  2.496258E-16
7560.56515026483  3.080400E-16
7563.40176102281  2.966562E-16
7566.2383717808  3.181454E-16
7569.07498253878  2.043291E-16
7571.91159329676  1.858061E-16
7574.74820405474  1.737404E-16
7577.58481481272  2.436805E-16
7580.4214255707  3.557654E-16
7583.25803632868  3.766479E-16
7586.09464708666  4.299622E-16
7588.93125784464  4.202457E-16
7591.76786860262  4.127498E-16
7594.6044793606  4.790478E-16
7597.44109011858  6.103179E-16
7600.27770087657  5.996662E-16
7603.11431163455  5.719610E-16
7605.95092239253  5.872253E-16
7608.78753315051  7.428895E-16
7611.62414390849  6.021221E-16
7614.46075466647  4.830343E-16
7617.29736542445  4.361875E-16
7620.13397618243  4.802893E-16
7622.97058694041  4.265060E-16
7625.80719769839  4.514976E-16
7628.64380845638  5.473500E-16
7631.48041921436  9.596841E-16
7634.31702997234  2.016336E-15
7637.15364073032  1.963014E-15
7639.9902514883  9.526783E-16
7642.82686224628  6.930079E-16
7645.66347300426  5.236624E-16
7648.50008376224  5.597576E-16
7651.33669452022  4.931810E-16
7654.1733052782  5.367539E-16
7657.00991603618  6.006003E-16
7659.84652679416  6.090832E-16
7662.68313755215  6.232999E-16
7665.51974831013  6.481194E-16
7668.35635906811  7.817958E-16
7671.19296982609  8.157979E-16
7674.02958058407  8.436425E-16
7676.86619134205  8.405990E-16
7679.70280210003  8.634607E-16
7682.53941285801  9.387052E-16
7685.37602361599  9.787449E-16
7688.21263437397  1.021062E-15
7691.04924513195  1.134724E-15
7693.88585588993  9.567602E-16
7696.72246664791  4.194914E-16
7699.5590774059  -7.546367E-17
7702.39568816388  -1.518915E-16
7705.23229892186  -1.069117E-16
7708.06890967984  -1.885238E-16
7710.90552043782  -3.139282E-16
7713.7421311958  -2.735057E-16
7716.57874195378  -3.695859E-16
7719.41535271176  -3.088212E-16
7722.25196346974  1.096842E-16
7725.08857422772  4.202322E-16
7727.92518498571  7.933244E-16
7730.76179574369  7.206298E-16
7733.59840650167  2.119910E-16
7736.43501725965  1.925394E-16
7739.27162801763  4.252300E-17
7742.10823877561  -1.514770E-16
7744.94484953359  -1.952420E-16
7747.78146029157  -9.653588E-17
7750.61807104955  -1.703708E-16
7753.45468180753  -2.728244E-16
7756.29129256551  -3.180029E-16
7759.12790332349  7.892817E-17
7761.96451408147  4.067850E-16
7764.80112483945  3.633705E-16
7767.63773559744  4.691660E-16
7770.47434635542  7.043749E-16
7773.3109571134  6.367301E-16
7776.14756787138  3.097301E-16
7778.98417862936  3.497761E-17
7781.82078938734  5.337189E-17
7784.65740014532  1.817372E-16
7787.4940109033  3.406192E-16
7790.33062166128  2.995173E-16
7793.16723241926  7.084584E-17
7796.00384317724  1.375175E-16
7798.84045393523  1.675517E-16
7801.67706469321  2.321160E-16
7804.51367545119  2.054090E-16
7807.35028620917  1.100015E-16
7810.18689696715  7.960422E-17
7813.02350772513  6.813494E-17
7815.86011848311  6.460140E-17
7818.69672924109  2.398505E-16
7821.53333999907  2.691579E-16
7824.36995075705  2.146612E-16
7827.20656151503  2.294650E-16
7830.04317227301  5.656946E-16
7832.87978303099  7.612745E-16
7835.71639378898  3.479869E-16
7838.55300454696  1.700447E-16
7841.38961530494  6.439538E-17
7844.22622606292  -1.095689E-16
7847.0628368209  -1.240135E-16
7849.89944757888  -1.033455E-16
7852.73605833686  -2.045562E-16
7855.57266909484  -2.853439E-16
7858.40927985282  -3.951570E-16
7861.2458906108  -2.712088E-16
7864.08250136878  1.610566E-16
7866.91911212676  2.071763E-16
7869.75572288475  2.195276E-16
7872.59233364273  -2.937755E-17
7875.42894440071  -3.025745E-17
7878.26555515869  1.167849E-16
7881.10216591667  2.769940E-16
7883.93877667465  2.843594E-16
7886.77538743263  4.305838E-16
7889.61199819061  5.514126E-16
7892.44860894859  5.619515E-16
7895.28521970657  2.182134E-16
7898.12183046455  -4.360651E-17
7900.95844122253  1.810276E-17
7903.79505198052  -1.028403E-16
7906.6316627385  -1.843034E-16
7909.46827349648  -2.743284E-16
7912.30488425446  -4.683231E-16
7915.14149501244  -6.015001E-16
7917.97810577042  -7.103233E-16
7920.8147165284  -2.890988E-16
7923.65132728638  8.920202E-17
7926.48793804436  1.129632E-16
7929.32454880234  2.347422E-16
7932.16115956032  4.206725E-16
7934.9977703183  3.561235E-16
7937.83438107629  4.001914E-16
7940.67099183427  5.565369E-16
7943.50760259225  5.936968E-16
7946.34421335023  4.083594E-16
7949.18082410821  1.139662E-16
7952.01743486619  4.476834E-17
7954.85404562417  1.011556E-16
7957.69065638215  1.813101E-16
7960.52726714013  1.631110E-16
7963.36387789811  3.427618E-18
7966.20048865609  -5.915337E-17
7969.03709941408  -1.305796E-16
7971.87371017206  1.348599E-16
7974.71032093004  1.095546E-16
7977.54693168802  -1.391982E-16
7980.383542446  -1.077059E-16
7983.22015320398  -1.265940E-16
7986.05676396196  -9.745060E-17
7988.89337471994  -8.534559E-17
7991.72998547792  1.606973E-17
7994.5665962359  -9.636797E-17
7997.40320699388  -1.655047E-16
8000.23981775187  1.244415E-16
8003.07642850984  2.457625E-16
8005.91303926783  2.014585E-16
8008.74965002581  9.135049E-17
8011.58626078379  1.854508E-17
8014.42287154177  2.150039E-17
8017.25948229975  -7.537576E-17
8020.09609305773  -7.813539E-17
8022.93270381571  -6.951128E-17
8025.76931457369  -3.205116E-17
8028.60592533167  4.194334E-17
8031.44253608965  5.675092E-18
8034.27914684763  1.250665E-16
8037.11575760561  2.839363E-16
8039.9523683636  3.867899E-16
8042.78897912158  2.922142E-16
8045.62558987956  1.807473E-16
8048.46220063754  1.327239E-16
8051.29881139552  1.238449E-16
8054.1354221535  1.510431E-16
8056.97203291148  1.402764E-16
8059.80864366946  1.204496E-16
8062.64525442744  1.574805E-16
8065.48186518542  1.348927E-16
8068.3184759434  2.461631E-16
8071.15508670139  2.511693E-16
8073.99169745937  3.072523E-16
8076.82830821735  3.072816E-16
8079.66491897533  2.577485E-16
8082.50152973331  3.376571E-16
8085.33814049129  3.356103E-16
8088.17475124927  2.621373E-16
8091.01136200725  2.088807E-16
8093.84797276523  2.193193E-16
8096.68458352321  2.189378E-16
8099.52119428119  2.323381E-16
8102.35780503917  2.822301E-16
8105.19441579716  2.266082E-16
8108.03102655514  2.732848E-16
8110.86763731312  2.808904E-16
8113.7042480711  2.875615E-16
8116.54085882908  3.456752E-16
8119.37746958706  3.362798E-16
8122.21408034504  3.070719E-16
8125.05069110302  3.201306E-16
8127.887301861  3.043215E-16
8130.72391261898  3.239464E-16
8133.56052337696  3.338406E-16
8136.39713413494  2.974941E-16
8139.23374489292  2.651294E-16
8142.0703556509  2.901479E-16
8144.90696640889  2.939438E-16
8147.74357716687  3.777252E-16
8150.58018792485  3.407455E-16
8153.41679868283  3.180509E-16
8156.25340944081  3.646405E-16
8159.09002019879  3.652086E-16
8161.92663095677  4.217887E-16
8164.76324171475  4.258198E-16
8167.59985247273  3.813149E-16
8170.43646323071  3.689476E-16
8173.27307398869  3.796250E-16
8176.10968474667  3.474942E-16
8178.94629550466  3.483033E-16
8181.78290626264  3.583979E-16
8184.61951702062  3.285105E-16
8187.4561277786  3.503699E-16
8190.29273853658  3.671720E-16
8193.12934929456  3.372654E-16
8195.96596005254  3.645835E-16
8198.80257081052  3.580824E-16
8201.6391815685  3.533339E-16
8204.47579232648  3.698693E-16
8207.31240308446  4.013728E-16
8210.14901384245  4.295192E-16
8212.98562460043  4.384757E-16
8215.82223535841  4.753371E-16
8218.65884611639  4.756866E-16
8221.49545687437  4.321051E-16
8224.33206763235  4.502691E-16
8227.16867839033  5.158711E-16
8230.00528914831  5.288305E-16
8232.84189990629  5.058507E-16
8235.67851066427  5.441021E-16
8238.51512142225  5.477598E-16
8241.35173218023  5.456279E-16
8244.18834293822  5.660042E-16
8247.0249536962  6.617899E-16
8249.86156445418  7.017062E-16
8252.69817521216  7.073967E-16
8255.53478597014  7.652095E-16
8258.37139672812  7.813348E-16
8261.2080074861  7.123603E-16
8264.04461824408  6.238509E-16
8266.88122900206  6.015543E-16
8269.71783976004  3.604617E-16
8272.55445051802  1.936830E-16
8275.39106127601  2.219808E-16
8278.22767203399  1.042280E-16
8281.06428279197  -2.726667E-16
8283.90089354995  -3.988432E-16
8286.73750430793  -2.860417E-16
8289.57411506591  -1.527429E-16
8292.41072582389  -2.132468E-16
8295.24733658187  -1.674596E-16
8298.08394733985  4.575009E-17
8300.92055809783  -1.223856E-17
8303.75716885581  3.615678E-17
8306.59377961379  4.506883E-16
8309.43039037178  6.792107E-16
8312.26700112976  6.562922E-16
8315.10361188774  7.221203E-16
8317.94022264572  8.662025E-16
8320.7768334037  9.779787E-16
8323.61344416168  1.005427E-15
8326.45005491966  3.699475E-16
8329.28666567764  -8.887403E-17
8332.12327643562  -6.362559E-18
8334.9598871936  -3.222808E-16
8337.79649795158  -4.922335E-16
8340.63310870956  -4.334422E-16
8343.46971946755  -5.156755E-16
8346.30633022553  -6.976848E-16
8349.14294098351  -6.733073E-16
8351.97955174149  -2.933974E-16
8354.81616249947  1.904811E-16
8357.65277325745  2.782441E-16
8360.48938401543  3.900772E-16
8363.32599477341  4.772972E-16
8366.16260553139  3.928153E-16
8368.99921628937  4.760480E-16
8371.83582704735  5.414434E-16
8374.67243780533  6.910060E-16
8377.50904856331  5.957056E-16
8380.3456593213  3.435531E-16
8383.18227007928  -2.477185E-17
8386.01888083726  -2.666369E-17
8388.85549159524  -1.486458E-17
8391.69210235322  1.361533E-16
8394.5287131112  2.156301E-16
8397.36532386918  1.624833E-17
8400.20193462716  -1.140198E-16
8403.03854538514  2.359104E-17
8405.87515614312  8.366956E-17
8408.7117669011  2.322445E-16
8411.54837765908  5.726949E-17
8414.38498841707  -2.979299E-16
8417.22159917505  -2.941026E-16
8420.05820993303  -2.004977E-16
8422.89482069101  -1.809927E-16
8425.73143144899  -1.798039E-16
8428.56804220697  -1.832431E-16
8431.40465296495  -3.583219E-16
8434.24126372293  -1.771057E-16
8437.07787448091  -1.891677E-16
8439.91448523889  2.943073E-16
8442.75109599687  3.967581E-16
8445.58770675485  2.784832E-16
8448.42431751284  -3.750236E-17
8451.26092827082  -1.626850E-16
8454.0975390288  -1.669751E-16
8456.93414978678  -1.451134E-16
8459.77076054476  -1.320167E-16
8462.60737130274  -3.331157E-17
8465.44398206072  2.426281E-17
8468.2805928187  -4.040589E-17
8471.11720357668  -5.803157E-18
8473.95381433466  2.922965E-16
8476.79042509264  3.112850E-16
8479.62703585062  4.009371E-16
8482.46364660861  3.631420E-16
8485.30025736659  3.242853E-16
8488.13686812457  1.536554E-16
8490.97347888255  1.207764E-16
8493.81008964053  8.169946E-17
8496.64670039851  4.430432E-17
8499.48331115649  6.906835E-17
8502.31992191447  1.749952E-16
8505.15653267245  1.163179E-16
8507.99314343043  1.137123E-16
8510.82975418841  1.637856E-16
8513.66636494639  4.068114E-16
8516.50297570438  3.895315E-16
8519.33958646236  4.132027E-16
8522.17619722034  3.911555E-16
8525.01280797832  3.856641E-16
8527.8494187363  3.902548E-16
8530.68602949428  3.013195E-16
8533.52264025226  2.827542E-16
8536.35925101024  2.793316E-16
8539.19586176822  2.608830E-16
8542.0324725262  2.720018E-16
8544.86908328418  2.770804E-16
8547.70569404217  3.218029E-16
8550.54230480014  3.018837E-16
8553.37891555813  3.055709E-16
8556.21552631611  3.600729E-16
8559.05213707409  4.489151E-16
8561.88874783207  4.166352E-16
8564.72535859005  4.240237E-16
8567.56196934803  4.555424E-16
8570.39858010601  4.163052E-16
8573.23519086399  4.562732E-16
8576.07180162197  4.849038E-16
8578.90841237995  4.550751E-16
8581.74502313794  4.676612E-16
8584.58163389592  4.887308E-16
8587.4182446539  5.107276E-16
8590.25485541188  5.303447E-16
8593.09146616986  5.659030E-16
8595.92807692784  6.118781E-16
8598.76468768582  6.145751E-16
8601.6012984438  5.734957E-16
8604.43790920178  5.402670E-16
8607.27451995976  5.398158E-16
8610.11113071774  4.360428E-16
8612.94774147573  3.159026E-16
8615.78435223371  1.889646E-16
8618.62096299168  6.741969E-17
8621.45757374967  3.758479E-17
8624.29418450765  5.168040E-17
8627.13079526563  1.015439E-16
8629.96740602361  1.089914E-16
8632.80401678159  1.091497E-16
8635.64062753957  1.131090E-16
8638.47723829755  1.049332E-16
8641.31384905553  1.627518E-16
8644.15045981351  1.145485E-16
8646.98707057149  6.513860E-17
8649.82368132948  -7.044147E-18
8652.66029208746  -5.900674E-17
8655.49690284544  -1.261547E-16
8658.33351360342  -1.650042E-16
8661.1701243614  -1.251171E-16
8664.00673511938  -1.060666E-16
8666.84334587736  -4.594784E-17
8669.67995663534  7.300302E-18
8672.51656739332  5.802111E-17
8675.3531781513  1.287677E-16
8678.18978890928  2.218649E-16
8681.02639966726  2.712184E-16
8683.86301042525  2.888118E-16
8686.69962118323  3.274822E-16
8689.53623194121  3.290505E-16
8692.37284269919  3.454160E-16
8695.20945345717  3.958092E-16
8698.04606421515  4.007992E-16
8700.88267497313  4.009842E-16
8703.71928573111  4.451141E-16
8706.55589648909  4.653900E-16
8709.39250724707  5.077977E-16
8712.22911800505  5.362264E-16
8715.06572876303  5.574748E-16
8717.90233952101  6.183027E-16
8720.738950279  6.323406E-16
8723.57556103698  6.563579E-16
8726.41217179496  7.172307E-16
8729.24878255294  7.548586E-16
8732.08539331092  7.979893E-16
8734.9220040689  8.216476E-16
8737.75861482688  8.860634E-16
8740.59522558486  8.271272E-16
8743.43183634284  6.390729E-16
8746.26844710082  5.429958E-16
8749.1050578588  3.414827E-16
8751.94166861678  2.935072E-16
8754.77827937477  1.857874E-16
8757.61489013275  -9.771023E-17
8760.45150089073  -2.992478E-16
8763.28811164871  -5.391637E-16
8766.12472240669  -5.626487E-16
8768.96133316467  -2.579143E-16
8771.79794392265  -4.034577E-16
8774.63455468063  -7.286645E-17
8777.47116543861  -3.012939E-17
8780.30777619659  5.470878E-17
8783.14438695457  6.106059E-17
8785.98099771256  5.272435E-16
8788.81760847053  6.158827E-16
8791.65421922852  6.196967E-16
8794.4908299865  6.726789E-16
8797.32744074448  7.729201E-16
8800.16405150246  9.530167E-16
8803.00066226044  1.004682E-15
8805.83727301842  1.194722E-15
8808.6738837764  8.634068E-18
8811.51049453438  -3.172241E-17
8814.34710529236  -1.056488E-16
8817.18371605034  -3.946696E-16
8820.02032680832  -5.304313E-16
8822.85693756631  -5.704849E-16
8825.69354832429  -6.372794E-16
8828.53015908227  -7.124632E-16
8831.36676984025  -8.412152E-16
8834.20338059823  -3.504155E-16
8837.03999135621  1.167993E-16
8839.87660211419  2.440434E-16
8842.71321287217  3.042174E-16
8845.54982363015  5.865989E-16
8848.38643438813  5.058073E-16
8851.22304514611  4.052518E-16
8854.0596559041  4.128989E-16
8856.89626666208  4.940824E-16
8859.73287742006  6.135405E-16
8862.56948817804  6.684954E-16
8865.40609893602  5.609161E-16
8868.242709694  9.246112E-17
8871.07932045198  -1.625015E-17
8873.91593120996  1.810392E-17
8876.75254196794  1.534402E-16
8879.58915272592  2.092709E-16
8882.4257634839  1.018621E-16
8885.26237424189  -9.835893E-17
8888.09898499986  -1.497294E-16
8890.93559575784  8.687059E-17
8893.77220651583  2.084003E-16
8896.60881727381  5.598851E-16
8899.44542803179  3.663668E-16
8902.28203878977  -3.615819E-17
8905.11864954775  -1.836540E-16
8907.95526030573  -1.397041E-16
8910.79187106371  -1.062890E-16
8913.62848182169  -5.004789E-17
8916.46509257967  1.606268E-17
8919.30170333766  -5.491704E-17
8922.13831409564  -1.951054E-16
8924.97492485362  1.474806E-16
8927.8115356116  1.403462E-17
8930.64814636958  3.795638E-16
8933.48475712756  5.365091E-16
8936.32136788554  3.627650E-16
8939.15797864352  3.066571E-16
8941.9945894015  7.542684E-17
8944.83120015948  2.361443E-17
8947.66781091746  -5.245539E-17
8950.50442167544  8.316684E-17
8953.34103243343  2.757930E-17
8956.1776431914  -4.467551E-18
8959.01425394938  9.111291E-18
8961.85086470737  -6.946952E-17
8964.68747546535  2.629801E-16
8967.52408622333  3.226775E-16
8970.36069698131  3.947497E-16
8973.19730773929  3.585190E-16
8976.03391849727  3.847458E-16
8978.87052925525  4.625896E-16
8981.70714001323  2.350168E-16
8984.54375077121  1.176944E-16
8987.38036152919  9.453150E-17
8990.21697228718  8.747504E-17
8993.05358304516  1.168273E-16
8995.89019380314  1.917409E-16
8998.72680456112  2.372636E-16
9001.5634153191  1.667686E-16
9004.40002607708  1.466882E-16
9007.23663683506  2.484435E-16
9010.07324759304  3.889382E-16
9012.90985835102  4.579208E-16
9015.746469109  4.330969E-16
9018.58307986698  4.110051E-16
9021.41969062496  3.929315E-16
9024.25630138295  4.080961E-16
9027.09291214092  4.222739E-16
9029.92952289891  3.583795E-16
9032.76613365689  2.923912E-16
9035.60274441487  2.816238E-16
9038.43935517285  2.748863E-16
9041.27596593083  2.782232E-16
9044.11257668881  2.802211E-16
9046.94918744679  3.083041E-16
9049.78579820477  3.079963E-16
9052.62240896275  3.072264E-16
9055.45901972073  3.183454E-16
9058.29563047871  3.827751E-16
9061.1322412367  4.243763E-16
9063.96885199468  4.069983E-16
9066.80546275266  4.232650E-16
9069.64207351064  4.252411E-16
9072.47868426862  4.362885E-16
9075.3152950266  4.233483E-16
9078.15190578458  4.250752E-16
9080.98851654256  4.188743E-16
9083.82512730054  4.428526E-16
9086.66173805852  3.961110E-16
9089.4983488165  3.883164E-16
9092.33495957448  4.044519E-16
9095.17157033246  3.872094E-16
9098.00818109045  3.802088E-16
9100.84479184843  3.993978E-16
9103.68140260641  4.315429E-16
9106.51801336439  4.639688E-16
9109.35462412237  4.643317E-16
9112.19123488035  4.523894E-16
9115.02784563833  4.704342E-16
9117.86445639631  4.695618E-16
9120.70106715429  4.811085E-16
9123.53767791228  5.020869E-16
9126.37428867025  5.067384E-16
9129.21089942824  4.899637E-16
9132.04751018622  5.004619E-16
9134.8841209442  4.988890E-16
9137.72073170218  4.932973E-16
9140.55734246016  4.483294E-16
9143.39395321814  4.637999E-16
9146.23056397612  4.646730E-16
9149.0671747341  4.696577E-16
9151.90378549208  4.576265E-16
9154.74039625006  4.804914E-16
9157.57700700804  5.285491E-16
9160.41361776602  5.417418E-16
9163.25022852401  5.695699E-16
9166.08683928199  5.669161E-16
9168.92345003997  5.766352E-16
9171.76006079795  6.103512E-16
9174.59667155593  6.088186E-16
9177.43328231391  6.250473E-16
9180.26989307189  6.604462E-16
9183.10650382987  6.754771E-16
9185.94311458785  6.740894E-16
9188.77972534583  7.119183E-16
9191.61633610382  7.390312E-16
9194.4529468618  7.458810E-16
9197.28955761978  7.397571E-16
9200.12616837776  7.720941E-16
9202.96277913574  7.984008E-16
9205.79938989372  8.084146E-16
9208.6360006517  8.331642E-16
9211.47261140968  8.415756E-16
9214.30922216766  8.211793E-16
9217.14583292564  8.169983E-16
9219.98244368362  8.670925E-16
9222.8190544416  9.458480E-16
9225.65566519958  9.811753E-16
9228.49227595756  9.928353E-16
9231.32888671555  1.014104E-15
9234.16549747353  1.065949E-15
9237.00210823151  1.097875E-15
9239.83871898949  1.126579E-15
9242.67532974747  1.210864E-15
9245.51194050545  1.243145E-15
9248.34855126343  1.276216E-15
9251.18516202141  1.347892E-15
9254.02177277939  1.416885E-15
9256.85838353737  1.522155E-15
9259.69499429536  1.593795E-15
9262.53160505334  1.675014E-15
9265.36821581132  1.734789E-15
9268.2048265693  1.820154E-15
9271.04143732728  1.924154E-15
9273.87804808526  2.021860E-15
9276.71465884324  2.224583E-15
9279.55126960122  2.107851E-15
9282.3878803592  2.227916E-15
9285.22449111718  2.553126E-15
9288.06110187516  2.463712E-15
9290.89771263314  2.369474E-15
9293.73432339112  2.281911E-15
9296.5709341491  2.153661E-15
9299.40754490709  2.164915E-15
9302.24415566507  2.140781E-15
9305.08076642305  1.789218E-15
9307.91737718103  1.882546E-15
9310.75398793901  1.770818E-15
9313.59059869699  1.772850E-15
9316.42720945497  2.273541E-15
9319.26382021295  2.198589E-15
9322.10043097093  2.864075E-15
9324.93704172891  3.055273E-15
9327.77365248689  3.416816E-15
9330.61026324488  3.807673E-15
9333.44687400285  4.725607E-15
9336.28348476084  4.926656E-15
9339.12009551882  5.017478E-15
9341.9567062768  4.821393E-15
9344.79331703478  4.707368E-15
9347.62992779276  4.756680E-15
9350.46653855074  4.624621E-15
9353.30314930872  4.509077E-15
9356.1397600667  4.072204E-15
9358.97637082468  3.207697E-15
9361.81298158266  3.164514E-15
9364.64959234064  3.080211E-15
9367.48620309863  2.935334E-15
9370.32281385661  2.768177E-15
9373.15942461459  2.729093E-15
9375.99603537257  2.783053E-15
9378.83264613055  2.866620E-15
9381.66925688853  2.864046E-15
9384.50586764651  3.108490E-15
9387.34247840449  3.400149E-15
9390.17908916247  3.521771E-15
9393.01569992045  3.656563E-15
9395.85231067843  3.707818E-15
9398.68892143641  3.832775E-15
9401.5255321944  3.824399E-15
9404.36214295238  3.887106E-15
9407.19875371036  4.084556E-15
9410.03536446834  4.291112E-15
9412.87197522632  4.452390E-15
9415.7085859843  4.644218E-15
9418.54519674228  4.796768E-15
9421.38180750026  4.738768E-15
9424.21841825824  5.154740E-15
9427.05502901622  5.316021E-15
9429.8916397742  5.636350E-15
9432.72825053218  6.090249E-15
9435.56486129017  6.558325E-15
9438.40147204815  7.232592E-15
9441.23808280613  7.957846E-15
9444.07469356411  9.089029E-15
9446.91130432209  1.107880E-14
9449.74791508007  1.416721E-14
9452.58452583805  1.940642E-14
9455.42113659603  2.920263E-14
9458.25774735401  3.179997E-14
9461.09435811199  1.754349E-14
9463.93096886997  9.705623E-15
9466.76757962796  1.459594E-14
9469.60419038594  1.024080E-14
9472.44080114391  -1.114238E-15
9475.2774119019  2.785843E-16
9478.11402265988  -3.835046E-17
9480.95063341786  4.373818E-17
9483.78724417584  -1.961191E-17
9486.62385493382  3.601105E-17
9489.4604656918  -8.824618E-18
9492.29707644978  -2.060074E-17
9495.13368720776  -3.202089E-17
9497.97029796574  -4.071993E-17
9500.80690872373  -1.992697E-17
9503.64351948171  -1.292351E-17
9506.48013023969  -1.133615E-17
9509.31674099767  5.459992E-17
9512.15335175565  3.228762E-17
9514.98996251363  2.940292E-17
9517.82657327161  -6.408457E-19
9520.66318402959  1.259386E-17
9523.49979478757  7.572964E-18
9526.33640554555  1.002199E-16
9529.17301630354  -5.622764E-17
9532.00962706151  -4.381467E-18
9534.8462378195  3.607331E-17
9537.68284857748  2.073523E-17
9540.51945933546  9.959255E-18
9543.35607009344  -2.163461E-18
9546.19268085142  -1.195327E-17
9549.0292916094  -4.372637E-17
9551.86590236738  1.116950E-17
9554.70251312536  3.333493E-17
9557.53912388334  2.128417E-17
9560.37573464132  3.484594E-17
9563.2123453993  4.801791E-18
9566.04895615728  -1.699990E-17
9568.88556691527  -1.510441E-17
9571.72217767325  -8.098132E-18
9574.55878843123  1.005311E-17
9577.39539918921  -4.210371E-18
9580.23200994719  1.029563E-17
9583.06862070517  -1.070315E-17
9585.90523146315  5.757903E-20
9588.74184222113  2.896384E-18
9591.57845297911  -1.320278E-18
9594.41506373709  -1.166851E-17
9597.25167449507  -6.980657E-18
9600.08828525306  -1.583936E-18
9602.92489601103  -8.164253E-18
9605.76150676902  6.907691E-18
9608.598117527  8.455232E-18
9611.43472828498  1.516255E-18
9614.27133904296  1.322893E-17
9617.10794980094  8.899214E-18
9619.94456055892  6.785449E-18
9622.7811713169  7.687526E-18
9625.61778207488  5.953775E-18
9628.45439283286  5.461402E-18
9631.29100359084  -4.239400E-18
9634.12761434882  1.754938E-18
9636.96422510681  1.498341E-17
9639.80083586479  1.143558E-18
9642.63744662277  -2.599573E-18
9645.47405738075  4.752187E-18
9648.31066813873  -1.686161E-17
9651.14727889671  2.061211E-17
9653.98388965469  -2.315129E-17
9656.82050041267  2.266615E-18
9659.65711117065  3.261569E-18
9662.49372192863  -2.153860E-17
9665.33033268661  -8.190679E-18
9668.16694344459  -1.514701E-18
9671.00355420257  -3.316679E-17
9673.84016496056  -2.227583E-17
9676.67677571854  8.656127E-18
9679.51338647652  5.071033E-18
9682.3499972345  -6.445716E-18
9685.18660799248  -1.913222E-17
9688.02321875046  -1.605296E-17
9690.85982950844  4.430778E-18
9693.69644026642  9.621694E-18
9696.5330510244  1.232068E-17
9699.36966178238  4.076990E-18
9702.20627254036  -2.415745E-17
9705.04288329834  -1.514751E-17
9707.87949405633  -6.189934E-18
9710.71610481431  1.367105E-17
9713.55271557229  3.814383E-18
9716.38932633027  4.030415E-18
9719.22593708825  8.938871E-18
9722.06254784623  1.556920E-17
9724.89915860421  2.016196E-17
9727.73576936219  3.863518E-18
9730.57238012017  6.393776E-18
9733.40899087815  5.143990E-18
9736.24560163613  -5.474008E-19
9739.08221239412  7.127671E-18
9741.91882315209  7.193728E-18
9744.75543391008  3.783360E-18
9747.59204466806  -5.901816E-18
9750.42865542604  -1.521401E-18
9753.26526618402  4.546276E-18
9756.101876942  3.065668E-18
9758.93848769998  -6.473403E-18
9761.77509845796  -1.137216E-17
9764.61170921594  -1.804551E-19
9767.44831997392  1.071941E-18
9770.2849307319  -2.811919E-17
9773.12154148989  -4.152791E-17
9775.95815224787  -4.118551E-17
9778.79476300585  -8.498525E-18
9781.63137376383  -2.084168E-17
9784.46798452181  -3.189441E-17
9787.30459527979  -1.513890E-17
9790.14120603777  -7.931283E-19
9792.97781679575  -1.969994E-17
9795.81442755373  -1.125869E-17
9798.65103831171  1.034732E-17
9801.48764906969  -3.537021E-17
9804.32425982768  1.077181E-17
9807.16087058566  5.248651E-18
9809.99748134363  8.916893E-18
9812.83409210162  9.057711E-18
9815.6707028596  -5.921055E-18
9818.50731361758  -3.775027E-18
9821.34392437556  7.300357E-18
9824.18053513354  -1.441133E-18
9827.01714589152  -7.853349E-18
9829.8537566495  -1.034710E-17
9832.69036740748  -1.009406E-17
9835.52697816546  -9.052263E-18
9838.36358892345  -9.034126E-18
9841.20019968143  -9.016648E-18
9844.03681043941  -8.999391E-18
