4672.77880859375  4.832591E-18
4675.6153485775  6.473525E-18
4678.45188856125  1.172642E-17
4681.288428545  8.541465E-18
4684.12496852875  -2.607755E-18
4686.9615085125  -1.183213E-17
4689.79804849625  1.012987E-17
4692.63458848  3.982982E-18
4695.47112846375  -3.519717E-18
4698.3076684475  1.060425E-17
4701.14420843125  1.736813E-17
4703.980748415  6.808524E-18
4706.81728839875  6.889114E-18
4709.6538283825  3.163797E-18
4712.49036836625  4.545089E-18
4715.32690835  8.023439E-18
4718.16344833374  6.742383E-18
4720.99998831749  -4.126255E-18
4723.83652830124  2.013675E-18
4726.67306828499  7.873141E-18
4729.50960826874  4.850734E-18
4732.34614825249  6.427098E-18
4735.18268823624  2.714123E-18
4738.01922821999  1.317787E-18
4740.85576820374  7.057044E-18
4743.69230818749  5.776494E-18
4746.52884817124  3.587286E-18
4749.36538815499  1.048837E-17
4752.20192813874  3.875864E-18
4755.03846812249  3.470236E-18
4757.87500810624  4.001694E-18
4760.71154808999  3.954684E-18
4763.54808807374  4.888860E-18
4766.38462805748  1.574780E-18
4769.22116804123  8.083334E-18
4772.05770802498  8.728797E-18
4774.89424800873  9.478372E-18
4777.73078799248  1.001882E-17
4780.56732797623  1.923813E-18
4783.40386795998  2.013764E-18
4786.24040794373  4.610055E-18
4789.07694792748  6.365216E-18
4791.91348791123  5.490264E-18
4794.75002789498  4.039236E-18
4797.58656787873  5.683619E-18
4800.42310786248  9.092267E-18
4803.25964784623  1.338876E-17
4806.09618782998  9.748616E-18
4808.93272781372  5.725437E-18
4811.76926779747  7.161633E-18
4814.60580778122  5.239277E-18
4817.44234776497  3.004424E-17
4820.27888774872  6.816369E-17
4823.11542773247  2.289645E-17
4825.95196771622  -1.679972E-18
4828.78850769997  5.667876E-18
4831.62504768372  7.548184E-18
4834.46158766747  6.914816E-18
4837.29812765122  4.070763E-18
4840.13466763497  5.217543E-18
4842.97120761872  2.486443E-18
4845.80774760247  7.999014E-18
4848.64428758622  6.851062E-18
4851.48082756997  7.290786E-18
4854.31736755372  3.947390E-18
4857.15390753746  2.998592E-18
4859.99044752121  7.546298E-18
4862.82698750496  5.485358E-18
4865.66352748871  8.236849E-18
4868.50006747246  1.018446E-17
4871.33660745621  2.318191E-18
4874.17314743996  6.587241E-18
4877.00968742371  8.966041E-18
4879.84622740746  3.573812E-18
4882.68276739121  -6.141457E-19
4885.51930737496  2.687757E-18
4888.35584735871  4.897638E-18
4891.19238734246  8.603570E-18
4894.02892732621  4.334214E-18
4896.86546730996  5.186900E-18
4899.70200729371  7.728066E-18
4902.53854727746  2.879094E-18
4905.3750872612  4.028001E-18
4908.21162724495  2.057169E-18
4911.0481672287  4.698354E-19
4913.88470721245  8.682129E-18
4916.7212471962  5.460527E-18
4919.55778717995  7.404162E-18
4922.3943271637  6.528959E-18
4925.23086714745  3.375908E-18
4928.0674071312  5.257451E-18
4930.90394711495  3.861952E-18
4933.7404870987  7.435224E-18
4936.57702708245  7.818450E-18
4939.4135670662  3.806991E-18
4942.25010704995  3.441579E-18
4945.0866470337  5.740508E-18
4947.92318701745  9.671325E-18
4950.75972700119  1.024604E-17
4953.59626698494  3.406795E-18
4956.43280696869  8.310296E-18
4959.26934695244  1.086897E-17
4962.10588693619  3.766388E-18
4964.94242691994  2.804751E-18
4967.77896690369  7.138312E-18
4970.61550688744  3.755948E-18
4973.45204687119  2.921116E-17
4976.28858685494  8.835527E-17
4979.12512683869  2.904569E-16
4981.96166682244  2.877225E-16
4984.79820680619  1.329757E-16
4987.63474678994  1.678018E-16
4990.47128677369  1.151626E-16
4993.30782675744  1.511616E-16
4996.14436674119  2.538611E-17
4998.98090672494  1.374968E-18
5001.81744670868  4.702940E-18
5004.65398669243  3.599606E-18
5007.49052667618  1.868489E-18
5010.32706665993  2.363425E-18
5013.16360664368  1.349514E-18
5016.00014662743  1.149887E-18
5018.83668661118  6.525665E-18
5021.67322659493  5.919008E-18
5024.50976657868  1.068719E-17
5027.34630656243  1.002012E-17
5030.18284654618  7.573117E-18
5033.01938652993  5.888932E-18
5035.85592651368  4.312095E-18
5038.69246649743  3.203780E-18
5041.52900648118  6.255409E-18
5044.36554646493  3.283719E-18
5047.20208644868  6.694019E-19
5050.03862643242  5.234526E-18
5052.87516641617  8.616265E-18
5055.71170639992  7.793734E-18
5058.54824638367  5.122687E-18
5061.38478636742  4.583334E-18
5064.22132635117  2.467541E-18
5067.05786633492  5.779303E-18
5069.89440631867  5.124812E-18
5072.73094630242  5.723106E-18
5075.56748628617  6.648252E-18
5078.40402626992  7.633853E-18
5081.24056625367  9.144624E-18
5084.07710623742  4.739074E-18
5086.91364622117  3.721266E-18
5089.75018620492  2.696900E-18
5092.58672618867  3.194966E-18
5095.42326617241  2.705247E-18
5098.25980615616  2.944997E-18
5101.09634613991  7.962454E-18
5103.93288612366  8.391239E-18
5106.76942610741  6.102480E-18
5109.60596609116  4.003092E-18
5112.44250607491  -1.261705E-18
5115.27904605866  5.755347E-18
5118.11558604241  5.072566E-18
5120.95212602616  1.190265E-17
5123.78866600991  9.905481E-18
5126.62520599366  5.605450E-18
5129.46174597741  6.999407E-18
5132.29828596116  8.163335E-18
5135.13482594491  6.979885E-18
5137.97136592866  3.331354E-18
5140.80790591241  5.983478E-18
5143.64444589616  4.646841E-18
5146.4809858799  2.218064E-18
5149.31752586365  5.891383E-18
5152.1540658474  8.463494E-18
5154.99060583115  5.793574E-18
5157.8271458149  5.352910E-18
5160.66368579865  5.272458E-18
5163.5002257824  3.092050E-18
5166.33676576615  9.317025E-18
5169.1733057499  5.522718E-18
5172.00984573365  5.020588E-18
5174.8463857174  4.007596E-18
5177.68292570115  3.459702E-18
5180.5194656849  -4.512057E-19
5183.35600566865  3.103488E-18
5186.1925456524  6.087646E-18
5189.02908563615  5.998289E-18
5191.86562561989  5.104458E-18
5194.70216560364  1.046694E-17
5197.53870558739  9.674141E-18
5200.37524557114  6.099754E-18
5203.21178555489  7.518984E-18
5206.04832553864  5.184267E-18
5208.88486552239  5.707797E-18
5211.72140550614  1.068832E-17
5214.55794548989  3.700782E-18
5217.39448547364  2.417897E-18
5220.23102545739  3.979989E-18
5223.06756544114  8.597455E-18
5225.90410542489  2.686870E-18
5228.74064540864  6.349015E-18
5231.57718539239  6.667980E-18
5234.41372537614  1.873180E-17
5237.25026535988  4.010877E-17
5240.08680534363  4.328766E-17
5242.92334532738  2.187683E-17
5245.75988531113  4.157829E-18
5248.59642529488  8.263133E-18
5251.43296527863  3.935866E-18
5254.26950526238  4.862451E-18
5257.10604524613  6.436568E-18
5259.94258522988  9.298704E-18
5262.77912521363  7.736392E-18
5265.61566519738  5.910164E-18
5268.45220518113  -1.363873E-19
5271.28874516488  6.346846E-18
5274.12528514863  6.823709E-18
5276.96182513238  8.137520E-18
5279.79836511612  9.470288E-18
5282.63490509987  6.089135E-18
5285.47144508363  7.833687E-18
5288.30798506737  1.045261E-17
5291.14452505112  8.627488E-18
5293.98106503487  8.496418E-18
5296.81760501862  5.238464E-18
5299.65414500237  3.568073E-18
5302.49068498612  3.750582E-18
5305.32722496987  5.334659E-18
5308.16376495362  8.948259E-18
5311.00030493737  1.129538E-17
5313.83684492112  6.663592E-18
5316.67338490487  7.288166E-18
5319.50992488862  7.532751E-18
5322.34646487237  8.930399E-18
5325.18300485611  7.794958E-18
5328.01954483987  1.001456E-17
5330.85608482361  1.456775E-18
5333.69262480736  4.030808E-18
5336.52916479111  6.543568E-18
5339.36570477486  4.438037E-18
5342.20224475861  4.528122E-18
5345.03878474236  9.340482E-18
5347.87532472611  1.106906E-17
5350.71186470986  5.696784E-18
5353.54840469361  3.282580E-18
5356.38494467736  3.209001E-18
5359.22148466111  5.385579E-18
5362.05802464486  4.987634E-18
5364.89456462861  3.267454E-18
5367.73110461236  6.186521E-18
5370.56764459611  3.830714E-18
5373.40418457986  7.858452E-18
5376.2407245636  6.573863E-18
5379.07726454735  1.492762E-18
5381.9138045311  7.955125E-18
5384.75034451485  1.233999E-17
5387.5868844986  5.687919E-18
5390.42342448235  2.685513E-18
5393.2599644661  5.735169E-18
5396.09650444985  9.622158E-18
5398.9330444336  8.372445E-18
5401.76958441735  4.229987E-18
5404.6061244011  5.198637E-18
5407.44266438485  5.033265E-18
5410.2792043686  6.578313E-18
5413.11574435235  6.058578E-18
5415.9522843361  2.942426E-18
5418.78882431985  1.668613E-18
5421.62536430359  4.973879E-18
5424.46190428734  5.611273E-18
5427.29844427109  7.993844E-18
5430.13498425484  7.682333E-18
5432.97152423859  4.894039E-18
5435.80806422234  6.097028E-18
5438.64460420609  6.042766E-18
5441.48114418984  6.792552E-18
5444.31768417359  7.634637E-18
5447.15422415734  5.991051E-18
5449.99076414109  4.117755E-18
5452.82730412484  5.234662E-18
5455.66384410859  9.703346E-18
5458.50038409234  6.536115E-18
5461.33692407609  5.705666E-18
5464.17346405984  9.077607E-18
5467.01000404358  3.396198E-18
5469.84654402734  2.557684E-18
5472.68308401108  4.456451E-18
5475.51962399483  7.558296E-18
5478.35616397858  5.535060E-18
5481.19270396233  4.547112E-18
5484.02924394608  4.293135E-18
5486.86578392983  4.887135E-18
5489.70232391358  5.636719E-18
5492.53886389733  7.017628E-18
5495.37540388108  3.703135E-18
5498.21194386483  4.783018E-18
5501.04848384858  4.571395E-18
5503.88502383233  3.785322E-18
5506.72156381608  6.532631E-18
5509.55810379983  4.372498E-18
5512.39464378358  9.558591E-18
5515.23118376733  1.018983E-17
5518.06772375107  7.240223E-18
5520.90426373482  3.730471E-17
5523.74080371857  2.171756E-17
5526.57734370232  4.376273E-18
5529.41388368607  6.650196E-18
5532.25042366982  4.290422E-18
5535.08696365357  5.749782E-18
5537.92350363732  6.734416E-18
5540.76004362107  9.684248E-18
5543.59658360482  1.096721E-17
5546.43312358857  8.040547E-18
5549.26966357232  7.545288E-18
5552.10620355607  5.447085E-18
5554.94274353982  5.490610E-18
5557.77928352357  7.454912E-18
5560.61582350732  9.840665E-19
5563.45236349107  3.208048E-17
5566.28890347481  6.530249E-17
5569.12544345856  3.662283E-17
5571.96198344231  6.177032E-18
5574.79852342606  1.602182E-17
5577.63506340981  3.644745E-18
5580.47160339356  3.001126E-18
5583.30814337731  4.382800E-18
5586.14468336106  4.971006E-18
5588.98122334481  -1.685334E-17
5591.81776332856  -3.795501E-17
5594.65430331231  -3.453456E-17
5597.49084329606  2.145597E-17
5600.32738327981  -1.776402E-18
5603.16392326356  6.717935E-18
5606.00046324731  8.442176E-18
5608.83700323106  1.089174E-17
5611.67354321481  1.180073E-17
5614.51008319856  6.090057E-18
5617.3466231823  5.449361E-18
5620.18316316605  6.397498E-18
5623.0197031498  6.959665E-18
5625.85624313355  6.843810E-18
5628.6927831173  6.336419E-18
5631.52932310105  4.246193E-18
5634.3658630848  1.175535E-18
5637.20240306855  3.506883E-18
5640.0389430523  7.233185E-18
5642.87548303605  5.446231E-18
5645.7120230198  6.189859E-18
5648.54856300355  5.431169E-18
5651.3851029873  7.160901E-18
5654.22164297105  7.938008E-18
5657.0581829548  5.382070E-18
5659.89472293854  9.751715E-18
5662.73126292229  7.871348E-18
5665.56780290604  7.823634E-18
5668.40434288979  8.107157E-18
5671.24088287354  6.514622E-18
5674.07742285729  6.087686E-18
5676.91396284104  6.460025E-18
5679.75050282479  9.274127E-18
5682.58704280854  1.140299E-17
5685.42358279229  3.818480E-18
5688.26012277604  4.046959E-18
5691.09666275979  5.226917E-18
5693.93320274354  7.565320E-18
5696.76974272729  5.845327E-18
5699.60628271104  4.653218E-18
5702.44282269478  4.535598E-18
5705.27936267854  4.526314E-18
5708.11590266228  4.670008E-18
5710.95244264603  5.274191E-18
5713.78898262978  6.183535E-18
5716.62552261353  4.655217E-18
5719.46206259728  3.317168E-18
5722.29860258103  3.561521E-18
5725.13514256478  4.709831E-18
5727.97168254853  5.384303E-18
5730.80822253228  6.823595E-18
5733.64476251603  1.025397E-17
5736.48130249978  5.897116E-18
5739.31784248353  4.410896E-18
5742.15438246728  4.105617E-18
5744.99092245103  4.628556E-18
5747.82746243478  2.688522E-18
5750.66400241852  6.309431E-18
5753.50054240227  7.001909E-18
5756.33708238602  3.862904E-18
5759.17362236977  6.637897E-18
5762.01016235352  4.438093E-18
5764.84670233727  5.533787E-18
5767.68324232102  6.160581E-18
5770.51978230477  6.350502E-18
5773.35632228852  6.237445E-18
5776.19286227227  5.951014E-18
5779.02940225602  5.582479E-18
5781.86594223977  1.302422E-17
5784.70248222352  7.797139E-18
5787.53902220727  8.992333E-18
5790.37556219102  7.605392E-18
5793.21210217477  4.010269E-18
5796.04864215852  7.322987E-18
5798.88518214226  7.073417E-18
5801.72172212601  7.738433E-18
5804.55826210976  8.298248E-18
5807.39480209351  6.795377E-18
5810.23134207726  1.354082E-17
5813.06788206101  8.692662E-18
5815.90442204476  7.436043E-18
5818.74096202851  8.353064E-18
5821.57750201226  6.881640E-18
5824.41404199601  4.164651E-18
5827.25058197976  5.805850E-18
5830.08712196351  1.087996E-17
5832.92366194726  1.429458E-17
5835.76020193101  1.435691E-17
5838.59674191475  1.181579E-17
5841.43328189851  1.037517E-17
5844.26982188225  1.031294E-17
5847.106361866  1.142484E-17
5849.94290184975  7.598253E-18
5852.7794418335  6.154693E-18
5855.61598181725  7.258350E-18
5858.452521801  9.332373E-18
5861.28906178475  1.021032E-17
5864.1256017685  9.520452E-18
5866.96214175225  7.765811E-18
5869.798681736  9.949271E-18
5872.63522171975  1.012852E-17
5875.4717617035  1.087867E-17
5878.30830168725  5.069756E-18
5881.144841671  2.160863E-17
5883.98138165475  1.909124E-18
5886.8179216385  1.115442E-17
5889.65446162225  1.059605E-17
5892.49100160599  6.922915E-18
5895.32754158974  -1.180917E-18
5898.16408157349  6.602159E-18
5901.00062155724  4.194779E-18
5903.83716154099  4.319986E-18
5906.67370152474  2.109918E-18
5909.51024150849  5.952821E-18
5912.34678149224  7.193451E-18
5915.18332147599  1.143805E-17
5918.01986145974  1.121698E-17
5920.85640144349  9.374042E-18
5923.69294142724  6.363493E-18
5926.52948141099  8.487329E-18
5929.36602139474  9.975711E-18
5932.20256137849  9.743699E-18
5935.03910136223  4.717782E-18
5937.87564134598  6.503185E-18
5940.71218132973  7.615137E-18
5943.54872131348  7.179751E-18
5946.38526129723  5.872974E-18
5949.22180128098  9.083985E-18
5952.05834126473  1.218468E-17
5954.89488124848  7.968620E-18
5957.73142123223  8.862828E-18
5960.56796121598  9.279689E-18
5963.40450119973  8.403753E-18
5966.24104118348  8.316935E-18
5969.07758116723  5.100835E-18
5971.91412115098  9.253237E-18
5974.75066113473  9.973598E-18
5977.58720111848  2.877274E-18
5980.42374110222  4.935532E-18
5983.26028108598  4.376453E-18
5986.09682106972  7.845353E-18
5988.93336105347  8.676604E-18
5991.76990103722  9.620873E-18
5994.60644102097  4.110909E-18
5997.44298100472  4.630304E-18
6000.27952098847  5.862561E-18
6003.11606097222  9.387712E-18
6005.95260095597  8.136279E-18
6008.78914093972  8.429937E-18
6011.62568092347  6.926164E-18
6014.46222090722  7.669627E-18
6017.29876089097  5.479887E-18
6020.13530087472  6.569241E-18
6022.97184085847  8.206855E-18
6025.80838084222  6.070446E-18
6028.64492082597  1.055584E-17
6031.48146080971  1.062235E-17
6034.31800079346  8.675074E-18
6037.15454077721  8.523728E-18
6039.99108076096  6.343586E-18
6042.82762074471  8.173007E-18
6045.66416072846  9.065309E-18
6048.50070071221  5.853434E-18
6051.33724069596  5.855193E-18
6054.17378067971  5.884048E-18
6057.01032066346  7.696619E-18
6059.84686064721  6.423830E-18
6062.68340063096  5.230236E-18
6065.51994061471  2.429812E-18
6068.35648059846  5.260664E-18
6071.19302058221  7.410655E-18
6074.02956056595  4.760969E-18
6076.8661005497  7.299034E-18
6079.70264053345  5.382760E-18
6082.5391805172  6.472837E-18
6085.37572050095  7.844540E-18
6088.2122604847  3.244040E-18
6091.04880046845  8.261159E-18
6093.8853404522  9.567862E-18
6096.72188043595  9.118443E-18
6099.5584204197  8.489566E-18
6102.39496040345  9.929399E-18
6105.2315003872  6.719128E-18
6108.06804037095  5.460091E-18
6110.9045803547  9.437366E-18
6113.74112033845  6.179588E-18
6116.5776603222  5.662833E-18
6119.41420030595  7.217217E-18
6122.2507402897  5.170524E-18
6125.08728027345  2.001106E-18
6127.9238202572  4.951243E-18
6130.76036024094  7.049559E-18
6133.59690022469  9.509970E-18
6136.43344020844  9.242602E-18
6139.26998019219  5.730302E-18
6142.10652017594  7.070536E-18
6144.94306015969  5.981017E-18
6147.77960014344  6.314573E-18
6150.61614012719  7.234223E-18
6153.45268011094  8.515878E-18
6156.28922009469  6.206443E-18
6159.12576007844  6.341144E-18
6161.96230006219  8.075972E-18
6164.79884004594  5.101862E-18
6167.63538002969  6.098710E-18
6170.47192001344  8.519586E-18
6173.30845999718  8.340365E-18
6176.14499998093  1.055886E-17
6178.98153996468  1.080295E-17
6181.81807994843  6.335883E-18
6184.65461993218  5.822591E-18
6187.49115991593  1.022344E-17
6190.32769989968  9.437173E-18
6193.16423988343  9.668055E-18
6196.00077986718  9.303917E-18
6198.83731985093  9.774904E-18
6201.67385983468  8.224286E-18
6204.51039981843  9.153409E-18
6207.34693980218  1.006346E-17
6210.18347978593  6.857844E-18
6213.02001976968  5.900090E-18
6215.85655975343  5.364248E-18
6218.69309973718  6.312490E-18
6221.52963972092  8.320764E-18
6224.36617970467  5.794252E-18
6227.20271968842  7.309272E-18
6230.03925967217  1.016054E-17
6232.87579965592  7.660279E-18
6235.71233963967  9.858045E-18
6238.54887962342  8.573259E-18
6241.38541960717  8.890310E-18
6244.22195959092  1.159251E-17
6247.05849957467  3.265312E-18
6249.89503955842  7.473332E-18
6252.73157954217  7.734052E-18
6255.56811952592  7.902604E-18
6258.40465950967  9.563940E-18
6261.24119949342  7.472056E-18
6264.07773947716  5.565129E-18
6266.91427946091  7.522818E-18
6269.75081944466  -1.093196E-18
6272.58735942841  3.478381E-18
6275.42389941216  6.396551E-18
6278.26043939591  6.626497E-18
6281.09697937966  9.342352E-18
6283.93351936341  7.825886E-18
6286.77005934716  1.822754E-17
6289.60659933091  4.782731E-18
6292.44313931466  5.534147E-18
6295.27967929841  7.072080E-18
6298.11621928216  2.145628E-18
6300.95275926591  9.481780E-19
6303.78929924966  7.173092E-18
6306.62583923341  5.896652E-18
6309.46237921716  1.150632E-17
6312.29891920091  1.689145E-18
6315.13545918465  9.480440E-18
6317.9719991684  7.280211E-18
6320.80853915215  4.937848E-18
6323.6450791359  7.730914E-18
6326.48161911965  9.780557E-18
6329.3181591034  1.049061E-17
6332.15469908715  8.117932E-18
6334.9912390709  6.765716E-18
6337.82777905465  8.146708E-18
6340.6643190384  8.799348E-18
6343.50085902215  4.894695E-18
6346.3373990059  6.724486E-18
6349.17393898965  7.982592E-18
6352.0104789734  9.154725E-18
6354.84701895715  7.843509E-18
6357.6835589409  7.430616E-18
6360.52009892464  8.901531E-18
6363.35663890839  8.920160E-18
6366.19317889214  1.018135E-17
6369.02971887589  9.063812E-18
6371.86625885964  1.015514E-17
6374.70279884339  1.292810E-17
6377.53933882714  1.114786E-17
6380.37587881089  1.359536E-17
6383.21241879464  1.087537E-17
6386.04895877839  9.708500E-18
6388.88549876214  1.031985E-17
6391.72203874589  8.600567E-18
6394.55857872964  1.472284E-17
6397.39511871339  2.355737E-17
6400.23165869714  3.227972E-17
6403.06819868089  3.658719E-17
6405.90473866463  2.899881E-17
6408.74127864838  3.691787E-17
6411.57781863213  3.737961E-17
6414.41435861588  2.797348E-17
6417.25089859963  2.947620E-17
6420.08743858338  3.042068E-17
6422.92397856713  3.090358E-17
6425.76051855088  3.145704E-17
6428.59705853463  2.672501E-17
6431.43359851838  3.769655E-17
6434.27013850213  3.600935E-17
6437.10667848588  3.143988E-17
6439.94321846963  2.947547E-17
6442.77975845338  5.112660E-17
6445.61629843713  4.103335E-17
6448.45283842088  3.297122E-17
6451.28937840462  4.079067E-17
6454.12591838837  5.287236E-17
6456.96245837212  4.491645E-17
6459.79899835587  3.770396E-17
6462.63553833962  3.019033E-17
6465.47207832337  5.103014E-17
6468.30861830712  4.383455E-17
6471.14515829087  5.019901E-17
6473.98169827462  2.126047E-17
6476.81823825837  1.175530E-17
6479.65477824212  1.331667E-17
6482.49131822587  1.118296E-17
6485.32785820962  1.236660E-17
6488.16439819337  1.488983E-17
6491.00093817712  1.234102E-17
6493.83747816086  1.034830E-17
6496.67401814462  9.304049E-18
6499.51055812836  1.248524E-17
6502.34709811211  1.171588E-17
6505.18363809586  1.146425E-17
6508.02017807961  1.191703E-17
6510.85671806336  9.050567E-18
6513.69325804711  1.243236E-17
6516.52979803086  1.460699E-17
6519.36633801461  1.601704E-17
6522.20287799836  1.688612E-17
6525.03941798211  1.344160E-17
6527.87595796586  1.611634E-17
6530.71249794961  1.642628E-17
6533.54903793336  1.755700E-17
6536.38557791711  1.721448E-17
6539.22211790086  1.372515E-17
6542.05865788461  1.366020E-17
6544.89519786836  1.142753E-17
6547.7317378521  1.638001E-17
6550.56827783585  1.365557E-17
6553.4048178196  1.043556E-17
6556.24135780335  1.562917E-17
6559.0778977871  1.254543E-17
6561.91443777085  1.144458E-17
6564.7509777546  1.329921E-17
6567.58751773835  1.077784E-17
6570.4240577221  9.658101E-18
6573.26059770585  1.180209E-17
6576.0971376896  1.021926E-17
6578.93367767335  1.585820E-17
6581.7702176571  1.640975E-17
6584.60675764085  1.294733E-17
6587.4432976246  1.334885E-17
6590.27983760834  1.128863E-17
6593.11637759209  1.476658E-17
6595.95291757584  1.396387E-17
6598.78945755959  1.324603E-17
6601.62599754334  1.175348E-17
6604.46253752709  1.303701E-17
6607.29907751084  1.302123E-17
6610.13561749459  1.387791E-17
6612.97215747834  1.529366E-17
6615.80869746209  1.301534E-17
6618.64523744584  1.253427E-17
6621.48177742959  1.319748E-17
6624.31831741334  1.386171E-17
6627.15485739709  1.329146E-17
6629.99139738084  1.164903E-17
6632.82793736459  1.191571E-17
6635.66447734833  1.388035E-17
6638.50101733209  1.346678E-17
6641.33755731583  1.136275E-17
6644.17409729958  1.284752E-17
6647.01063728333  1.262689E-17
6649.84717726708  1.318801E-17
6652.68371725083  1.441804E-17
6655.52025723458  1.491694E-17
6658.35679721833  1.415570E-17
6661.19333720208  1.359917E-17
6664.02987718583  9.904614E-18
6666.86641716958  1.216614E-17
6669.70295715333  1.297894E-17
6672.53949713708  1.331457E-17
6675.37603712083  1.436011E-17
6678.21257710458  1.128474E-17
6681.04911708833  1.318429E-17
6683.88565707208  1.525730E-17
6686.72219705582  1.341045E-17
6689.55873703957  1.262172E-17
6692.39527702332  1.350872E-17
6695.23181700707  1.219868E-17
6698.06835699082  1.262005E-17
6700.90489697457  1.158485E-17
6703.74143695832  1.049143E-17
6706.57797694207  1.163974E-17
6709.41451692582  1.277971E-17
6712.25105690957  1.229777E-17
6715.08759689332  1.167063E-17
6717.92413687707  9.778682E-18
6720.76067686082  7.130228E-18
6723.59721684457  9.120846E-18
6726.43375682832  1.099307E-17
6729.27029681207  1.088651E-17
6732.10683679582  8.449734E-18
6734.94337677956  9.703606E-18
6737.77991676331  1.122878E-17
6740.61645674706  1.475748E-17
6743.45299673081  1.335577E-17
6746.28953671456  1.420528E-17
6749.12607669831  1.100328E-17
6751.96261668206  1.047946E-17
6754.79915666581  1.134708E-17
6757.63569664956  1.381971E-17
6760.47223663331  1.000889E-17
6763.30877661706  9.887631E-18
6766.14531660081  1.182404E-17
6768.98185658456  1.243940E-17
6771.81839656831  1.241640E-17
6774.65493655206  1.019989E-17
6777.49147653581  8.209868E-18
6780.32801651956  1.229698E-17
6783.1645565033  1.080859E-17
6786.00109648705  1.261034E-17
6788.8376364708  9.435411E-18
6791.67417645455  8.944357E-18
6794.5107164383  1.011556E-17
6797.34725642205  1.380866E-17
6800.1837964058  1.118781E-17
6803.02033638955  7.688422E-18
6805.8568763733  9.378642E-18
6808.69341635705  1.211301E-17
6811.5299563408  1.219156E-17
6814.36649632455  1.011112E-17
6817.2030363083  1.181802E-17
6820.03957629205  4.931042E-18
6822.8761162758  8.074963E-18
6825.71265625955  1.082832E-17
6828.54919624329  8.591605E-18
6831.38573622704  8.711248E-18
6834.22227621079  8.963039E-18
6837.05881619454  6.049762E-18
6839.89535617829  8.820635E-18
6842.73189616204  8.630864E-18
6845.56843614579  1.058879E-17
6848.40497612954  9.521961E-18
6851.24151611329  7.307871E-18
6854.07805609704  6.455201E-18
6856.91459608079  4.948689E-18
6859.75113606454  1.079647E-17
6862.58767604829  1.273614E-17
6865.42421603204  1.261324E-17
6868.26075601579  8.917033E-18
6871.09729599954  8.947480E-18
6873.93383598329  3.182043E-18
6876.77037596703  9.597698E-18
6879.60691595078  6.928859E-18
6882.44345593453  1.080512E-17
6885.27999591828  1.169068E-17
6888.11653590203  1.017763E-17
6890.95307588578  9.198015E-18
6893.78961586953  9.539002E-18
6896.62615585328  1.049195E-17
6899.46269583703  7.571738E-18
6902.29923582078  1.050654E-17
6905.13577580453  6.527213E-18
6907.97231578828  1.160512E-17
6910.80885577203  8.487012E-18
6913.64539575578  7.531006E-18
6916.48193573953  6.900844E-18
6919.31847572328  1.090689E-17
6922.15501570702  1.319001E-17
6924.99155569077  1.016551E-17
6927.82809567452  9.761180E-18
6930.66463565827  6.722490E-18
6933.50117564202  1.161722E-17
6936.33771562577  1.514590E-17
6939.17425560952  1.146662E-17
6942.01079559327  1.038226E-17
6944.84733557702  1.145190E-17
6947.68387556077  1.017863E-17
6950.52041554452  1.143453E-17
6953.35695552827  1.206061E-17
6956.19349551202  1.058193E-17
6959.03003549577  6.309092E-18
6961.86657547952  1.359257E-17
6964.70311546326  8.911749E-18
6967.53965544702  1.260883E-17
6970.37619543076  2.329235E-18
6973.21273541451  4.065661E-17
6976.04927539826  3.075664E-17
6978.88581538201  6.535548E-18
6981.72235536576  1.191352E-17
6984.55889534951  1.316738E-17
6987.39543533326  1.210955E-17
6990.23197531701  1.128935E-17
6993.06851530076  9.191238E-18
6995.90505528451  1.296482E-17
6998.74159526826  7.809123E-18
7001.57813525201  1.289989E-17
7004.41467523576  1.232958E-17
7007.25121521951  1.232004E-17
7010.08775520326  1.251975E-17
7012.92429518701  1.490589E-17
7015.76083517076  1.189531E-17
7018.5973751545  1.140683E-17
7021.43391513825  1.150689E-17
7024.270455122  1.044488E-17
7027.10699510575  8.895464E-18
7029.9435350895  7.950800E-18
7032.78007507325  1.238829E-17
7035.616615057  1.526574E-17
7038.45315504075  9.783176E-18
7041.2896950245  1.186545E-17
7044.12623500825  1.299488E-17
7046.962774992  1.250806E-17
7049.79931497575  9.396869E-18
7052.6358549595  1.154048E-17
7055.47239494325  1.114829E-17
7058.308934927  1.227269E-17
7061.14547491074  1.285623E-17
7063.98201489449  1.460570E-17
7066.81855487824  8.836263E-18
7069.65509486199  8.835510E-18
7072.49163484574  1.089552E-17
7075.32817482949  1.512606E-17
7078.16471481324  9.467822E-18
7081.00125479699  8.863105E-18
7083.83779478074  1.151210E-17
7086.67433476449  8.509784E-18
7089.51087474824  1.093160E-17
7092.34741473199  1.002060E-17
7095.18395471574  1.299503E-17
7098.02049469949  1.085578E-17
7100.85703468324  1.028700E-17
7103.69357466699  1.465015E-17
7106.53011465073  1.442606E-17
7109.36665463449  1.147986E-17
7112.20319461823  1.210547E-17
7115.03973460198  1.010202E-17
7117.87627458573  1.039983E-17
7120.71281456948  1.315764E-17
7123.54935455323  1.113963E-17
7126.38589453698  1.044277E-17
7129.22243452073  1.136032E-17
7132.05897450448  1.366440E-17
7134.89551448823  1.412263E-17
7137.73205447198  1.319617E-17
7140.56859445573  1.320943E-17
7143.40513443948  1.434305E-17
7146.24167442323  1.575992E-17
7149.07821440698  1.217773E-17
7151.91475439073  1.312567E-17
7154.75129437448  1.336281E-17
7157.58783435822  1.164178E-17
7160.42437434197  1.140365E-17
7163.26091432572  8.959088E-18
7166.09745430947  1.076693E-17
7168.93399429322  1.388929E-17
7171.77053427697  1.382901E-17
7174.60707426072  1.309505E-17
7177.44361424447  1.127116E-17
7180.28015422822  1.180112E-17
7183.11669421197  1.171917E-17
7185.95323419572  1.289435E-17
7188.78977417947  1.435531E-17
7191.62631416322  1.350279E-17
7194.46285414697  1.130851E-17
7197.29939413072  1.371180E-17
7200.13593411447  1.319581E-17
7202.97247409821  1.241022E-17
7205.80901408196  1.248432E-17
7208.64555406571  1.223354E-17
7211.48209404946  1.122009E-17
7214.31863403321  1.505927E-17
7217.15517401696  1.337605E-17
7219.99171400071  1.263803E-17
7222.82825398446  1.569275E-17
7225.66479396821  1.372595E-17
7228.50133395196  2.212366E-17
7231.33787393571  7.642232E-18
7234.17441391946  1.307943E-17
7237.01095390321  1.617668E-17
7239.84749388696  1.418802E-17
7242.68403387071  1.283888E-17
7245.52057385446  1.214297E-17
7248.3571138382  1.914091E-17
7251.19365382196  1.417078E-17
7254.0301938057  1.633852E-17
7256.86673378945  9.208639E-18
7259.7032737732  2.346745E-17
7262.53981375695  8.935553E-18
7265.3763537407  1.024939E-17
7268.21289372445  1.384726E-17
7271.0494337082  1.195762E-17
7273.88597369195  1.279322E-17
7276.7225136757  1.327379E-17
7279.55905365945  1.273349E-17
7282.3955936432  1.245017E-17
7285.23213362695  1.362239E-17
7288.0686736107  1.589685E-17
7290.90521359445  1.413822E-17
7293.7417535782  1.185931E-17
7296.57829356195  1.200772E-17
7299.41483354569  1.866757E-17
7302.25137352944  1.170286E-17
7305.08791351319  1.338861E-17
7307.92445349694  1.295026E-17
7310.76099348069  1.383878E-17
7313.59753346444  1.893836E-17
7316.43407344819  1.580285E-17
7319.27061343194  9.423663E-18
7322.10715341569  3.432166E-18
7324.94369339944  2.304726E-17
7327.78023338319  7.659036E-18
7330.61677336694  1.922124E-17
7333.45331335069  1.537930E-17
7336.28985333444  1.635215E-17
7339.12639331819  9.859584E-18
7341.96293330193  1.299444E-17
7344.79947328569  9.286366E-18
7347.63601326943  1.433113E-17
7350.47255325318  3.298352E-18
7353.30909323693  2.281212E-17
7356.14563322068  1.578457E-17
7358.98217320443  1.523402E-17
7361.81871318818  1.360340E-17
7364.65525317193  1.438354E-17
7367.49179315568  1.841813E-17
7370.32833313943  1.480437E-17
7373.16487312318  1.181913E-17
7376.00141310693  1.793970E-17
7378.83795309068  1.217717E-17
7381.67449307443  1.046635E-17
7384.51103305818  1.142079E-17
7387.34757304193  1.285273E-17
7390.18411302567  8.711897E-18
7393.02065300943  1.029648E-17
7395.85719299317  1.281524E-17
7398.69373297692  1.448320E-17
7401.53027296067  1.194291E-17
7404.36681294442  1.032124E-17
7407.20335292817  1.073180E-17
7410.03989291192  1.405356E-17
7412.87643289567  1.025094E-17
7415.71297287942  1.021820E-17
7418.54951286317  8.347466E-18
7421.38605284692  9.159445E-18
7424.22259283067  1.035088E-17
7427.05913281442  1.344470E-17
7429.89567279817  1.146498E-17
7432.73221278191  1.216126E-17
7435.56875276566  1.202040E-17
7438.40529274941  1.334310E-17
7441.24183273316  1.252520E-17
7444.07837271691  1.236613E-17
7446.91491270066  1.107928E-17
7449.75145268441  1.171646E-17
7452.58799266816  1.307066E-17
7455.42453265191  1.029496E-17
7458.26107263566  1.344282E-17
7461.09761261941  1.350189E-17
7463.93415260316  1.259769E-17
7466.77069258691  1.162260E-17
7469.60723257066  1.385631E-17
7472.44377255441  1.469799E-17
7475.28031253816  1.056574E-17
7478.1168525219  1.148697E-17
7480.95339250566  1.123555E-17
7483.7899324894  1.184911E-17
7486.62647247315  1.194358E-17
7489.4630124569  1.160924E-17
7492.29955244065  1.522182E-17
7495.1360924244  1.077476E-17
7497.97263240815  9.181112E-18
7500.8091723919  9.976467E-18
7503.64571237565  1.170507E-17
7506.4822523594  6.386394E-18
7509.31879234315  1.100461E-17
7512.1553323269  8.912855E-18
7514.99187231065  1.062274E-17
7517.8284122944  9.949639E-18
7520.66495227815  1.153968E-17
7523.5014922619  1.035371E-17
7526.33803224565  8.776155E-18
7529.17457222939  7.169437E-18
7532.01111221314  1.539148E-17
7534.84765219689  1.004635E-17
7537.68419218064  1.130041E-17
7540.52073216439  1.111327E-17
7543.35727214814  1.166547E-17
7546.19381213189  9.673635E-18
7549.03035211564  1.029060E-17
7551.86689209939  1.461722E-17
7554.70343208314  8.738822E-18
7557.53997206689  1.314699E-17
7560.37651205064  1.363589E-17
7563.21305203439  8.393660E-18
7566.04959201814  1.325164E-17
7568.88613200189  1.342351E-17
7571.72267198564  1.203740E-17
7574.55921196938  4.114696E-18
7577.39575195313  3.913146E-18
7580.23229193688  9.446879E-18
7583.06883192063  6.694915E-18
7585.90537190438  5.947891E-18
7588.74191188813  8.116739E-18
7591.57845187188  6.380301E-18
7594.41499185563  5.754932E-18
7597.25153183938  4.808077E-18
7600.08807182313  3.716448E-18
7602.92461180688  6.299779E-18
7605.76115179063  5.324216E-18
7608.59769177438  1.055337E-17
7611.43423175813  7.936527E-18
7614.27077174188  7.920263E-18
7617.10731172563  6.937210E-18
7619.94385170937  8.801616E-18
7622.78039169313  8.884783E-18
7625.61693167687  6.150593E-18
7628.45347166062  6.931917E-18
7631.29001164437  8.926116E-18
7634.12655162812  9.620157E-18
7636.96309161187  8.779592E-18
7639.79963159562  3.759722E-18
7642.63617157937  8.388824E-18
7645.47271156312  8.451634E-18
7648.30925154687  1.055823E-17
7651.14579153062  7.822899E-18
7653.98233151437  6.986900E-18
7656.81887149812  8.308176E-18
7659.65541148187  9.860593E-18
7662.49195146562  1.242666E-17
7665.32849144937  1.164935E-17
7668.16503143312  1.173452E-17
7671.00157141686  1.161066E-17
7673.83811140061  9.804722E-18
7676.67465138436  1.086777E-17
7679.51119136811  1.181643E-17
7682.34773135186  9.529496E-18
7685.18427133561  8.827060E-18
7688.02081131936  8.637273E-18
7690.85735130311  9.299500E-18
7693.69389128686  1.066185E-17
7696.53043127061  1.867129E-17
7699.36697125436  5.864332E-18
7702.20351123811  1.425755E-17
7705.04005122186  1.211408E-17
7707.87659120561  1.012057E-17
7710.71313118936  1.002012E-17
7713.54967117311  6.960281E-18
7716.38621115685  1.741026E-17
7719.2227511406  1.150365E-17
7722.05929112435  1.941897E-17
7724.8958311081  1.350781E-17
7727.73237109185  5.876446E-18
7730.5689110756  3.106891E-17
7733.40545105935  1.915875E-18
7736.2419910431  1.443341E-17
7739.07853102685  1.428332E-17
7741.9150710106  4.636966E-18
7744.75161099435  1.476358E-17
7747.5881509781  9.052172E-18
7750.42469096185  1.009163E-17
7753.2612309456  7.796386E-18
7756.09777092935  6.550186E-18
7758.9343109131  2.146388E-17
7761.77085089684  1.011813E-17
7764.6073908806  1.485373E-17
7767.44393086434  1.023045E-17
7770.28047084809  1.127781E-17
7773.11701083184  1.429900E-17
7775.95355081559  1.044592E-17
7778.79009079934  1.753803E-17
7781.62663078309  1.323243E-17
7784.46317076684  1.209562E-17
7787.29971075059  5.341601E-18
7790.13625073434  1.015678E-17
7792.97279071809  1.071219E-17
7795.80933070184  1.104715E-17
7798.64587068559  1.554380E-17
7801.48241066934  2.086738E-17
7804.31895065309  1.741024E-18
7807.15549063684  1.269318E-17
7809.99203062059  1.592964E-17
7812.82857060433  1.145433E-17
7815.66511058808  9.350560E-18
7818.50165057183  1.305298E-17
7821.33819055558  1.595086E-17
7824.17473053933  9.156946E-18
7827.01127052308  4.012216E-18
7829.84781050683  2.418909E-17
7832.68435049058  2.083228E-17
7835.52089047433  1.850790E-18
7838.35743045808  3.154027E-18
7841.19397044183  1.786514E-17
7844.03051042558  7.832879E-18
7846.86705040933  8.745523E-18
7849.70359039308  7.366697E-18
7852.54013037683  6.738351E-18
7855.37667036057  5.360048E-18
7858.21321034432  1.403735E-17
7861.04975032807  2.575988E-19
7863.88629031182  1.438032E-17
7866.72283029557  8.912171E-18
7869.55937027932  2.288046E-17
7872.39591026307  5.257102E-18
7875.23245024682  1.217796E-17
7878.06899023057  5.868408E-18
7880.90553021432  1.486616E-17
7883.74207019807  1.652374E-17
7886.57861018182  1.200257E-17
7889.41515016557  8.936085E-18
7892.25169014932  4.403224E-18
7895.08823013307  2.120365E-17
7897.92477011682  1.024909E-17
7900.76131010057  1.790178E-17
7903.59785008431  1.086159E-17
7906.43439006807  1.454620E-17
7909.27093005181  8.209982E-18
7912.10747003556  1.259450E-17
7914.94401001931  6.665500E-18
7917.78055000306  1.519756E-17
7920.61708998681  -5.614122E-18
7923.45362997056  2.256137E-17
7926.29016995431  9.515551E-18
7929.12670993806  4.591570E-18
7931.96324992181  9.354039E-18
7934.79978990556  1.311737E-17
7937.63632988931  6.235045E-18
7940.47286987306  1.398607E-17
7943.30940985681  -2.433251E-18
7946.14594984056  2.185256E-17
7948.9824898243  1.127997E-17
7951.81902980806  4.788535E-18
7954.6555697918  1.599047E-17
7957.49210977555  7.334283E-18
7960.3286497593  6.934716E-18
7963.16518974305  2.273025E-18
7966.0017297268  7.421334E-18
7968.83826971055  2.041302E-17
7971.6748096943  -1.245932E-17
7974.51134967805  3.486185E-17
7977.3478896618  1.888300E-17
7980.18442964555  1.739010E-17
7983.0209696293  1.819223E-17
7985.85750961305  2.097130E-17
7988.6940495968  1.682753E-17
7991.53058958055  1.317547E-17
7994.3671295643  1.824240E-17
7997.20366954805  1.641003E-17
8000.04020953179  5.571360E-18
8002.87674951554  1.114703E-17
8005.71328949929  1.013169E-17
8008.54982948304  1.362107E-17
8011.38636946679  6.991994E-18
8014.22290945054  3.929486E-18
8017.05944943429  1.006887E-17
8019.89598941804  1.040216E-17
8022.73252940179  6.804162E-18
8025.56906938554  1.311828E-17
8028.40560936929  1.163168E-17
8031.24214935304  2.038877E-17
8034.07868933679  7.795832E-18
8036.91522932054  7.954120E-18
8039.75176930429  9.071119E-18
8042.58830928804  1.126417E-17
8045.42484927178  1.134973E-17
8048.26138925553  6.480643E-18
8051.09792923928  8.117564E-18
8053.93446922303  9.451467E-18
8056.77100920678  1.191737E-17
8059.60754919053  1.049801E-17
8062.44408917428  9.330991E-18
8065.28062915803  6.762575E-18
8068.11716914178  1.376082E-17
8070.95370912553  8.809068E-18
8073.79024910928  1.112037E-17
8076.62678909303  1.099730E-17
8079.46332907678  1.162998E-17
8082.29986906053  1.301960E-17
8085.13640904428  1.401151E-17
8087.97294902803  1.220532E-17
8090.80948901177  9.401535E-18
8093.64602899553  1.136267E-17
8096.48256897927  1.056902E-17
8099.31910896302  7.650689E-18
8102.15564894677  9.102507E-18
8104.99218893052  1.141102E-17
8107.82872891427  1.246465E-17
8110.66526889802  1.291211E-17
8113.50180888177  1.319422E-17
8116.33834886552  1.247091E-17
8119.17488884927  9.955754E-18
8122.01142883302  1.043504E-17
8124.84796881677  1.218951E-17
8127.68450880052  1.026233E-17
8130.52104878427  1.086380E-17
8133.35758876802  1.134476E-17
8136.19412875177  9.397893E-18
8139.03066873552  9.474123E-18
8141.86720871926  1.071621E-17
8144.70374870301  1.107293E-17
8147.54028868676  1.007647E-17
8150.37682867051  1.020317E-17
8153.21336865426  9.679663E-18
8156.04990863801  9.335656E-18
8158.88644862176  1.243689E-17
8161.72298860551  1.203030E-17
8164.55952858926  1.132639E-17
8167.39606857301  1.138583E-17
8170.23260855676  9.718412E-18
8173.06914854051  1.221155E-17
8175.90568852426  1.183329E-17
8178.74222850801  1.052841E-17
8181.57876849176  1.040048E-17
8184.41530847551  1.119433E-17
8187.25184845925  9.218043E-18
8190.088388443  9.237018E-18
8192.92492842675  9.766560E-18
8195.7614684105  1.129299E-17
8198.59800839425  1.019769E-17
8201.434548378  1.327640E-17
8204.27108836175  1.641329E-17
8207.1076283455  1.484136E-17
8209.94416832925  1.067927E-17
8212.780708313  9.595676E-18
8215.61724829675  1.090522E-17
8218.4537882805  9.081872E-18
8221.29032826425  9.233589E-18
8224.126868248  1.057505E-17
8226.96340823175  1.053454E-17
8229.7999482155  1.077846E-17
8232.63648819924  1.091832E-17
8235.473028183  1.037195E-17
8238.30956816675  9.843332E-18
8241.14610815049  1.260906E-17
8243.98264813424  1.017116E-17
8246.81918811799  1.188402E-17
8249.65572810174  1.227210E-17
8252.49226808549  7.914130E-18
8255.32880806924  1.137672E-17
8258.16534805299  1.032772E-17
8261.00188803674  7.725117E-18
8263.83842802049  1.165993E-17
8266.67496800424  2.069305E-17
8269.51150798799  1.103195E-17
8272.34804797174  1.225573E-17
8275.18458795548  8.487623E-18
8278.02112793924  1.656314E-17
8280.85766792298  1.391288E-17
8283.69420790673  3.999611E-18
8286.53074789049  4.426504E-18
8289.36728787423  1.379840E-17
8292.20382785798  7.176751E-18
8295.04036784173  8.795380E-18
8297.87690782548  6.974063E-18
8300.71344780923  5.617965E-18
8303.54998779298  6.320994E-18
8306.38652777673  1.687495E-17
8309.22306776048  1.546788E-17
8312.05960774423  1.143605E-17
8314.89614772798  8.558506E-18
8317.73268771173  1.447236E-17
8320.56922769548  4.215543E-18
8323.40576767923  3.349921E-17
8326.24230766297  2.863941E-17
8329.07884764672  9.460491E-18
8331.91538763047  2.294771E-17
8334.75192761422  1.765067E-17
8337.58846759797  1.296147E-17
8340.42500758172  1.954672E-17
8343.26154756547  3.106609E-17
8346.09808754922  3.816698E-17
8348.93462753297  1.247547E-17
8351.77116751672  2.152133E-17
8354.60770750047  8.711161E-18
8357.44424748422  3.276238E-18
8360.28078746797  2.128363E-17
8363.11732745172  1.869736E-17
8365.95386743547  2.531260E-17
8368.79040741922  2.190679E-17
8371.62694740296  1.645960E-17
8374.46348738671  9.491641E-18
8377.30002737046  3.014730E-17
8380.13656735421  3.215622E-17
8382.97310733796  3.373133E-17
8385.80964732171  2.678591E-17
8388.64618730546  2.036902E-17
8391.48272728921  1.299433E-17
8394.31926727296  2.686424E-17
8397.15580725671  2.763572E-17
8399.99234724046  1.966601E-17
8402.82888722421  7.117560E-17
8405.66542720796  1.034669E-16
8408.50196719171  -1.064675E-17
8411.33850717546  7.411904E-18
8414.17504715921  -6.408038E-20
8417.01158714296  -3.238007E-18
8419.8481271267  4.213410E-18
8422.68466711045  1.101454E-17
8425.5212070942  1.029825E-18
8428.35774707795  -3.150680E-19
8431.1942870617  1.879107E-18
8434.03082704545  2.167665E-17
8436.8673670292  9.080417E-18
8439.70390701295  -7.510096E-18
8442.5404469967  1.599849E-17
8445.37698698045  1.604763E-17
8448.2135269642  3.337947E-17
8451.05006694795  9.982441E-18
8453.8866069317  1.928046E-17
8456.72314691545  1.569471E-17
8459.5596868992  1.709768E-17
8462.39622688295  2.934886E-17
8465.2327668667  4.638466E-17
8468.06930685044  2.142574E-17
8470.90584683419  1.817426E-17
8473.74238681794  1.421516E-17
8476.57892680169  1.965650E-17
8479.41546678544  1.822971E-17
8482.25200676919  1.904346E-17
8485.08854675294  1.900262E-17
8487.92508673669  3.011241E-17
8490.76162672044  2.130069E-17
8493.59816670419  1.935161E-17
8496.43470668794  1.782886E-17
8499.27124667169  2.263603E-17
8502.10778665544  1.710993E-17
8504.94432663919  1.811592E-17
8507.78086662294  1.825942E-17
8510.61740660669  2.184633E-17
8513.45394659044  1.736322E-17
8516.29048657418  1.717789E-17
8519.12702655793  2.029797E-17
8521.96356654168  2.619643E-17
8524.80010652543  3.092059E-17
8527.63664650918  3.886411E-17
8530.47318649293  4.747886E-17
8533.30972647668  5.122791E-17
8536.14626646043  3.524591E-17
8538.98280644418  2.539086E-17
8541.81934642793  2.482960E-17
8544.65588641168  2.377448E-17
8547.49242639543  2.180257E-17
8550.32896637918  2.017085E-17
8553.16550636293  2.228056E-17
8556.00204634668  2.668138E-17
8558.83858633042  2.335475E-17
8561.67512631417  2.652367E-17
8564.51166629792  4.610649E-17
8567.34820628167  6.932586E-17
8570.18474626542  4.491800E-17
8573.02128624917  2.564151E-17
8575.85782623292  2.683788E-17
8578.69436621667  2.264343E-17
8581.53090620042  3.517878E-17
8584.36744618417  4.699036E-17
8587.20398616792  3.661179E-17
8590.04052615167  3.039480E-17
8592.87706613542  2.816975E-17
8595.71360611917  3.206669E-17
8598.55014610292  2.950796E-17
8601.38668608667  2.542645E-17
8604.22322607041  2.468665E-17
8607.05976605417  2.647939E-17
8609.89630603791  2.594291E-17
8612.73284602166  3.592309E-17
8615.56938600541  3.543657E-17
8618.40592598916  3.110028E-17
8621.24246597291  2.998821E-17
8624.07900595666  1.755891E-17
8626.91554594041  2.233991E-17
8629.75208592416  2.781682E-17
8632.58862590791  2.579255E-17
8635.42516589166  3.037133E-17
8638.26170587541  2.356317E-17
8641.09824585916  3.782540E-17
8643.93478584291  2.641510E-17
8646.77132582666  3.416006E-17
8649.60786581041  2.971271E-17
8652.44440579416  2.810665E-17
8655.2809457779  2.628108E-17
8658.11748576165  2.580857E-17
8660.9540257454  3.703103E-17
8663.79056572915  2.866602E-17
8666.6271057129  2.912183E-17
8669.46364569665  2.906525E-17
8672.3001856804  1.333982E-17
8675.13672566415  2.917335E-17
8677.9732656479  1.741333E-17
8680.80980563165  3.271771E-17
8683.6463456154  2.552263E-17
8686.48288559915  3.713837E-17
8689.3194255829  2.423068E-17
8692.15596556665  2.609467E-17
8694.9925055504  2.377706E-17
8697.82904553415  3.104778E-17
8700.66558551789  2.450548E-17
8703.50212550164  2.772889E-17
8706.33866548539  3.291110E-17
8709.17520546914  3.275865E-17
8712.01174545289  3.525613E-17
8714.84828543664  3.403604E-17
8717.68482542039  3.568695E-17
8720.52136540414  3.328636E-17
8723.35790538789  3.391012E-17
8726.19444537164  2.814686E-17
8729.03098535539  2.803665E-17
8731.86752533914  2.833994E-17
8734.70406532289  2.301834E-17
8737.54060530664  2.669960E-17
8740.37714529039  2.440782E-17
8743.21368527414  5.036593E-17
8746.05022525788  3.637176E-17
8748.88676524164  2.605202E-17
8751.72330522538  2.569627E-17
8754.55984520913  2.881616E-17
8757.39638519288  2.112719E-17
8760.23292517663  3.368744E-17
8763.06946516038  2.484595E-17
8765.90600514413  4.265997E-18
8768.74254512788  2.998373E-17
8771.57908511163  1.087160E-17
8774.41562509538  3.743071E-17
8777.25216507913  2.394911E-17
8780.08870506288  9.497651E-18
8782.92524504663  -5.081185E-18
8785.76178503038  3.542187E-17
8788.59832501412  2.832563E-17
8791.43486499788  2.245804E-17
8794.27140498163  2.425198E-17
8797.10794496537  8.188672E-18
8799.94448494912  3.474840E-17
8802.78102493287  2.177221E-17
8805.61756491662  1.220838E-16
8808.45410490037  -2.398737E-17
8811.29064488412  8.573131E-18
8814.12718486787  3.989594E-17
8816.96372485162  2.146293E-17
8819.80026483537  1.449669E-17
8822.63680481912  1.951205E-17
8825.47334480287  1.676055E-17
8828.30988478662  3.130887E-17
8831.14642477037  1.252032E-17
8833.98296475412  -4.127646E-17
8836.81950473786  3.387063E-17
8839.65604472161  2.513361E-17
8842.49258470536  -4.749813E-18
8845.32912468911  2.437263E-17
8848.16566467286  4.023944E-17
8851.00220465661  2.363786E-17
8853.83874464036  2.355992E-17
8856.67528462411  1.010113E-17
8859.51182460786  2.345211E-17
8862.34836459161  -6.438622E-18
8865.18490457536  5.251792E-17
8868.02144455911  2.831328E-17
8870.85798454286  1.669940E-17
8873.69452452661  7.373298E-18
8876.53106451036  1.126601E-17
8879.36760449411  1.104180E-17
8882.20414447786  2.278046E-17
8885.0406844616  2.985745E-17
8887.87722444535  1.634171E-17
8890.71376442911  5.464273E-17
8893.55030441285  -2.714369E-18
8896.3868443966  -2.362188E-17
8899.22338438035  6.118192E-17
8902.0599243641  4.943075E-17
8904.89646434785  2.331381E-17
8907.7330043316  4.133777E-17
8910.56954431535  5.382911E-17
8913.4060842991  3.311603E-17
8916.24262428285  2.115854E-17
8919.0791642666  2.118550E-17
8921.91570425035  3.309523E-18
8924.7522442341  4.742593E-17
8927.58878421785  1.782822E-17
8930.4253242016  -1.046154E-17
8933.26186418534  2.882087E-17
8936.09840416909  2.359727E-17
8938.93494415284  2.955366E-17
8941.77148413659  3.652876E-17
8944.60802412034  1.925989E-17
8947.44456410409  1.509788E-17
8950.28110408784  2.502193E-17
8953.11764407159  1.416549E-17
8955.95418405534  1.584355E-17
8958.79072403909  2.480510E-17
8961.62726402284  -4.750587E-18
8964.46380400659  2.260950E-17
8967.30034399034  3.763289E-17
8970.13688397409  1.756403E-17
8972.97342395784  2.920925E-17
8975.80996394159  1.524965E-17
8978.64650392534  3.741838E-17
8981.48304390908  2.213713E-17
8984.31958389283  9.561522E-18
8987.15612387658  9.570323E-18
8989.99266386033  1.418120E-17
8992.82920384408  1.328406E-17
8995.66574382783  2.158687E-17
8998.50228381158  2.799061E-17
9001.33882379533  1.077055E-17
9004.17536377908  2.000549E-17
9007.01190376283  1.085110E-17
9009.84844374658  1.956328E-17
9012.68498373033  2.331362E-17
9015.52152371408  1.994583E-17
9018.35806369783  2.469875E-17
9021.19460368158  2.399158E-17
9024.03114366532  2.518719E-17
9026.86768364908  2.081881E-17
9029.70422363282  2.068303E-17
9032.54076361657  2.271903E-17
9035.37730360032  1.552493E-17
9038.21384358407  2.159810E-17
9041.05038356782  2.133043E-17
9043.88692355157  2.182846E-17
9046.72346353532  2.163468E-17
9049.56000351907  1.885246E-17
9052.39654350282  2.222137E-17
9055.23308348657  2.172581E-17
9058.06962347032  1.209984E-17
9060.90616345407  1.922166E-17
9063.74270343782  1.815682E-17
9066.57924342157  1.768610E-17
9069.41578340532  1.732750E-17
9072.25232338906  2.080266E-17
9075.08886337281  2.613342E-17
9077.92540335656  1.848687E-17
9080.76194334031  1.732830E-17
9083.59848332406  1.679757E-17
9086.43502330781  1.689171E-17
9089.27156329156  1.155374E-17
9092.10810327531  1.781879E-17
9094.94464325906  2.049676E-17
9097.78118324281  1.726017E-17
9100.61772322656  1.624905E-17
9103.45426321031  1.606741E-17
9106.29080319406  1.635949E-17
9109.12734317781  1.547403E-17
9111.96388316156  1.627659E-17
9114.8004231453  1.810209E-17
9117.63696312905  1.807309E-17
9120.4735031128  2.063267E-17
9123.31004309655  2.014645E-17
9126.1465830803  1.831536E-17
9128.98312306405  1.794858E-17
9131.8196630478  1.909147E-17
9134.65620303155  1.827875E-17
9137.4927430153  2.354781E-17
9140.32928299905  1.736487E-17
9143.1658229828  1.986190E-17
9146.00236296655  1.692722E-17
9148.8389029503  1.602961E-17
9151.67544293405  1.999058E-17
9154.5119829178  1.465613E-17
9157.34852290155  1.509341E-17
9160.1850628853  1.298213E-17
9163.02160286905  2.038524E-17
9165.85814285279  2.202274E-17
9168.69468283654  1.386563E-17
9171.53122282029  1.469640E-17
9174.36776280404  1.341260E-17
9177.20430278779  2.058042E-17
9180.04084277154  2.396483E-17
9182.87738275529  2.020146E-17
9185.71392273904  1.969573E-17
9188.55046272279  1.841052E-17
9191.38700270654  1.974751E-17
9194.22354269029  1.882291E-17
9197.06008267404  3.078303E-17
9199.89662265779  2.229890E-17
9202.73316264154  1.601644E-17
9205.56970262529  1.871498E-17
9208.40624260904  1.838957E-17
9211.24278259278  1.841063E-17
9214.07932257653  1.923402E-17
9216.91586256028  1.763335E-17
9219.75240254403  1.990238E-17
9222.58894252778  2.131985E-17
9225.42548251153  1.246667E-17
9228.26202249528  2.040462E-17
9231.09856247903  1.639856E-17
9233.93510246278  1.446456E-17
9236.77164244653  2.332180E-17
9239.60818243028  1.855058E-17
9242.44472241403  2.027994E-17
9245.28126239778  2.421261E-17
9248.11780238153  2.301424E-17
9250.95434236528  2.261847E-17
9253.79088234903  1.626275E-17
9256.62742233277  1.928229E-17
9259.46396231653  1.941706E-17
9262.30050230027  2.302647E-17
9265.13704228402  1.856634E-17
9267.97358226777  2.281935E-17
9270.81012225152  1.352324E-17
9273.64666223527  1.935701E-17
9276.48320221902  1.616681E-17
9279.31974220277  2.947473E-17
9282.15628218652  2.121776E-17
9284.99282217027  5.775609E-17
9287.82936215402  3.265664E-17
9290.66590213777  3.445797E-17
9293.50244212152  7.834032E-17
9296.33898210527  -1.574992E-18
9299.17552208902  8.564779E-18
9302.01206207277  6.230447E-17
9304.84860205652  3.432849E-17
9307.68514204026  -1.937594E-17
9310.52168202401  1.552566E-17
9313.35822200776  -2.621141E-17
9316.19476199151  4.393119E-17
9319.03130197526  4.616976E-18
9321.86784195901  2.812052E-18
9324.70438194276  3.735229E-17
9327.54092192651  4.875878E-17
9330.37746191026  -3.352701E-17
9333.21400189401  5.385780E-18
9336.05054187776  1.882074E-17
9338.88708186151  1.339172E-17
9341.72362184526  2.368366E-17
9344.56016182901  1.505411E-18
9347.39670181276  1.011897E-17
9350.23324179651  2.534023E-17
9353.06978178026  -2.289983E-17
9355.90632176401  7.443854E-17
9358.74286174775  1.092732E-16
9361.5794017315  3.921822E-17
9364.41594171525  3.734175E-17
9367.252481699  2.849479E-17
9370.08902168275  1.876241E-17
9372.9255616665  3.846851E-17
9375.76210165025  3.292015E-17
9378.598641634  2.727084E-17
9381.43518161775  5.483217E-17
9384.2717216015  -1.563841E-17
9387.10826158525  -1.344970E-17
9389.944801569  1.576594E-17
9392.78134155275  5.843636E-18
9395.6178815365  3.615562E-18
9398.45442152025  1.727254E-17
9401.29096150399  1.774378E-17
9404.12750148775  1.580479E-17
9406.96404147149  2.437277E-18
9409.80058145524  9.037286E-18
9412.63712143899  6.876500E-18
9415.47366142274  2.911389E-18
9418.31020140649  7.263511E-17
9421.14674139024  1.592272E-17
9423.98328137399  -2.930233E-17
9426.81982135774  -1.253688E-17
9429.65636134149  4.151734E-18
9432.49290132524  1.374598E-18
9435.32944130899  -3.849348E-18
9438.16598129274  1.714013E-17
9441.00252127649  1.154243E-17
9443.83906126024  1.054140E-17
9446.67560124399  -2.573660E-17
9449.51214122774  -1.554736E-17
9452.34868121148  1.258018E-17
9455.18522119523  1.624022E-18
9458.02176117898  3.380463E-17
9460.85830116273  3.089614E-17
9463.69484114648  1.874223E-17
9466.53138113023  5.936711E-18
9469.36792111398  -5.386760E-18
9472.20446109773  7.750769E-18
9475.04100108148  1.675878E-18
9477.87754106523  5.791596E-18
9480.71408104898  6.594171E-18
9483.55062103273  -3.300255E-18
9486.38716101648  5.372383E-18
9489.22370100023  4.435847E-18
9492.06024098398  4.268207E-18
9494.89678096773  7.084827E-18
9497.73332095147  1.867006E-18
9500.56986093522  1.255624E-17
9503.40640091897  1.219228E-17
9506.24294090272  -3.468779E-18
9509.07948088647  8.474174E-19
9511.91602087022  4.019557E-18
9514.75256085397  5.345263E-19
9517.58910083772  1.479267E-18
9520.42564082147  1.959314E-18
9523.26218080522  -8.506195E-18
9526.09872078897  -1.315225E-17
9528.93526077272  1.059981E-17
9531.77180075647  8.790492E-18
9534.60834074022  6.452612E-18
9537.44488072397  4.598735E-19
9540.28142070772  3.844582E-18
9543.11796069147  1.508609E-18
9545.95450067521  8.177450E-18
9548.79104065896  1.371241E-17
9551.62758064271  5.865135E-18
9554.46412062646  5.786415E-18
9557.30066061021  1.543815E-18
9560.13720059396  7.699377E-18
9562.97374057771  4.941405E-18
9565.81028056146  7.870055E-18
9568.64682054521  1.719008E-18
9571.48336052896  2.760977E-17
9574.31990051271  5.845261E-17
9577.15644049646  3.225237E-17
9579.99298048021  1.136549E-17
9582.82952046396  4.879764E-18
9585.66606044771  5.691266E-18
9588.50260043145  4.981533E-18
9591.33914041521  9.916788E-18
9594.17568039895  6.230558E-18
9597.0122203827  6.899789E-18
9599.84876036645  7.306368E-18
9602.6853003502  6.676216E-18
9605.52184033395  1.506877E-17
9608.3583803177  1.009409E-17
9611.19492030145  6.216337E-18
9614.0314602852  6.829068E-18
9616.86800026895  9.615209E-18
9619.7045402527  2.390039E-18
9622.54108023645  2.842264E-18
9625.3776202202  3.223158E-18
9628.21416020395  1.259864E-18
9631.0507001877  6.769101E-18
9633.88724017145  3.849680E-18
9636.7237801552  4.958574E-18
9639.56032013895  6.656100E-18
9642.39686012269  6.638833E-18
9645.23340010644  7.068313E-18
9648.06994009019  6.003167E-18
9650.90648007394  1.175792E-17
9653.74302005769  7.499883E-18
9656.57956004144  7.681739E-18
9659.41610002519  5.640697E-18
9662.25264000894  1.079604E-17
9665.08917999269  9.314232E-18
9667.92571997644  5.000612E-18
9670.76225996019  4.380529E-18
9673.59879994394  4.478051E-18
9676.43533992769  5.414752E-18
9679.27187991144  5.617466E-18
9682.10841989519  8.300681E-18
9684.94495987893  2.386074E-18
9687.78149986268  1.952118E-18
9690.61803984643  3.920012E-18
9693.45457983018  6.986903E-18
9696.29111981393  6.043417E-18
9699.12765979768  6.341507E-18
9701.96419978143  5.136737E-18
9704.80073976518  5.151000E-18
9707.63727974893  7.413739E-18
9710.47381973268  7.101831E-20
9713.31035971643  9.929841E-18
9716.14689970018  4.341247E-18
9718.98343968393  6.065339E-18
9721.81997966768  9.441784E-18
9724.65651965143  4.528749E-18
9727.49305963518  -1.515270E-18
9730.32959961892  -9.058628E-19
9733.16613960268  7.043462E-18
9736.00267958642  2.193472E-18
9738.83921957017  6.910891E-18
9741.67575955392  1.738276E-18
9744.51229953767  1.077177E-18
9747.34883952142  -2.663723E-19
9750.18537950517  -7.826227E-19
9753.02191948892  3.156351E-18
9755.85845947267  7.664952E-18
9758.69499945642  3.444727E-18
9761.53153944017  4.641902E-18
9764.36807942392  4.852071E-18
9767.20461940767  6.603966E-18
9770.04115939142  1.401337E-17
9772.87769937517  2.669134E-17
9775.71423935892  2.279427E-18
9778.55077934266  3.482262E-19
9781.38731932641  2.286310E-18
9784.22385931016  -2.995404E-18
9787.06039929391  -7.548123E-18
9789.89693927766  -2.985448E-18
9792.73347926141  -4.520898E-18
9795.57001924516  -9.004974E-19
9798.40655922891  -9.201603E-18
9801.24309921266  -2.318809E-17
9804.07963919641  8.197853E-18
9806.91617918016  3.471727E-18
9809.75271916391  2.365811E-18
9812.58925914766  9.304210E-18
9815.42579913141  5.664698E-18
9818.26233911516  4.736488E-18
9821.09887909891  6.632752E-18
9823.93541908266  5.101872E-18
9826.7719590664  4.829300E-18
9829.60849905015  5.306069E-18
9832.4450390339  4.669138E-18
9835.28157901765  -7.633979E-19
9838.1181190014  -2.656823E-19
9840.95465898515  1.038729E-18
9843.7911989689  8.385149E-19
