4672.77880859375  6.250054E-14
4675.6153485775  8.309298E-14
4678.45188856125  1.493867E-13
4681.288428545  1.079953E-13
4684.12496852875  -3.272427E-14
4686.9615085125  -1.473671E-13
4689.79804849625  1.252217E-13
4692.63458848  4.886817E-14
4695.47112846375  -4.286196E-14
4698.3076684475  1.281723E-13
4701.14420843125  2.083634E-13
4703.980748415  8.107349E-14
4706.81728839875  8.142381E-14
4709.6538283825  3.711613E-14
4712.49036836625  5.292566E-14
4715.32690835  9.273809E-14
4718.16344833374  7.735521E-14
4720.99998831749  -4.699101E-14
4723.83652830124  2.276324E-14
4726.67306828499  8.834535E-14
4729.50960826874  5.403029E-14
4732.34614825249  7.106301E-14
4735.18268823624  2.978939E-14
4738.01922821999  1.435769E-14
4740.85576820374  7.632610E-14
4743.69230818749  6.201983E-14
4746.52884817124  3.823424E-14
4749.36538815499  1.109734E-13
4752.20192813874  4.071060E-14
4755.03846812249  3.618519E-14
4757.87500810624  4.142409E-14
4760.71154808999  4.064087E-14
4763.54808807374  4.987752E-14
4766.38462805748  1.595023E-14
4769.22116804123  8.128160E-14
4772.05770802498  8.713948E-14
4774.89424800873  9.394169E-14
4777.73078799248  9.858444E-14
4780.56732797623  1.879437E-14
4783.40386795998  1.953217E-14
4786.24040794373  4.439451E-14
4789.07694792748  6.085854E-14
4791.91348791123  5.211857E-14
4794.75002789498  3.807095E-14
4797.58656787873  5.318861E-14
4800.42310786248  8.448303E-14
4803.25964784623  1.235225E-13
4806.09618782998  8.930222E-14
4808.93272781372  5.207695E-14
4811.76926779747  6.468026E-14
4814.60580778122  4.698480E-14
4817.44234776497  2.675340E-13
4820.27888774872  6.027076E-13
4823.11542773247  2.010310E-13
4825.95196771622  -1.464676E-14
4828.78850769997  4.906935E-14
4831.62504768372  6.489147E-14
4834.46158766747  5.903170E-14
4837.29812765122  3.450993E-14
4840.13466763497  4.392412E-14
4842.97120761872  2.078689E-14
4845.80774760247  6.640882E-14
4848.64428758622  5.648458E-14
4851.48082756997  5.969450E-14
4854.31736755372  3.209684E-14
4857.15390753746  2.421403E-14
4859.99044752121  6.051821E-14
4862.82698750496  4.368813E-14
4865.66352748871  6.515249E-14
4868.50006747246  8.000637E-14
4871.33660745621  1.808660E-14
4874.17314743996  5.104308E-14
4877.00968742371  6.900254E-14
4879.84622740746  2.731691E-14
4882.68276739121  -4.662427E-15
4885.51930737496  2.026635E-14
4888.35584735871  3.667944E-14
4891.19238734246  6.399843E-14
4894.02892732621  3.202294E-14
4896.86546730996  3.806478E-14
4899.70200729371  5.633204E-14
4902.53854727746  2.084561E-14
4905.3750872612  2.896863E-14
4908.21162724495  1.469578E-14
4911.0481672287  3.333934E-15
4913.88470721245  6.119722E-14
4916.7212471962  3.823302E-14
4919.55778717995  5.149722E-14
4922.3943271637  4.510868E-14
4925.23086714745  2.316970E-14
4928.0674071312  3.584460E-14
4930.90394711495  2.615643E-14
4933.7404870987  5.002573E-14
4936.57702708245  5.225808E-14
4939.4135670662  2.527856E-14
4942.25010704995  2.270240E-14
4945.0866470337  3.761945E-14
4947.92318701745  6.296516E-14
4950.75972700119  6.627172E-14
4953.59626698494  2.189178E-14
4956.43280696869  5.305415E-14
4959.26934695244  6.893867E-14
4962.10588693619  2.373437E-14
4964.94242691994  1.756019E-14
4967.77896690369  4.440357E-14
4970.61550688744  2.321315E-14
4973.45204687119  1.793744E-13
4976.28858685494  5.390720E-13
4979.12512683869  1.760773E-12
4981.96166682244  1.733036E-12
4984.79820680619  7.958344E-13
4987.63474678994  9.978590E-13
4990.47128677369  6.804727E-13
4993.30782675744  8.875094E-13
4996.14436674119  1.481031E-13
4998.98090672494  7.970809E-15
5001.81744670868  2.709106E-14
5004.65398669243  2.060456E-14
5007.49052667618  1.062809E-14
5010.32706665993  1.335882E-14
5013.16360664368  7.580021E-15
5016.00014662743  6.418298E-15
5018.83668661118  3.619641E-14
5021.67322659493  3.262653E-14
5024.50976657868  5.854259E-14
5027.34630656243  5.454720E-14
5030.18284654618  4.097042E-14
5033.01938652993  3.166162E-14
5035.85592651368  2.304045E-14
5038.69246649743  1.701283E-14
5041.52900648118  3.301302E-14
5044.36554646493  1.722328E-14
5047.20208644868  3.489498E-15
5050.03862643242  2.711963E-14
5052.87516641617  4.436710E-14
5055.71170639992  3.988665E-14
5058.54824638367  2.605706E-14
5061.38478636742  2.317179E-14
5064.22132635117  1.239931E-14
5067.05786633492  2.886479E-14
5069.89440631867  2.544108E-14
5072.73094630242  2.823966E-14
5075.56748628617  3.260692E-14
5078.40402626992  3.721570E-14
5081.24056625367  4.431311E-14
5084.07710623742  2.282703E-14
5086.91364622117  1.781726E-14
5089.75018620492  1.283553E-14
5092.58672618867  1.511538E-14
5095.42326617241  1.272239E-14
5098.25980615616  1.376766E-14
5101.09634613991  3.700331E-14
5103.93288612366  3.876531E-14
5106.76942610741  2.802538E-14
5109.60596609116  1.827569E-14
5112.44250607491  -5.726300E-15
5115.27904605866  2.596752E-14
5118.11558604241  2.275274E-14
5120.95212602616  5.307640E-14
5123.78866600991  4.391279E-14
5126.62520599366  2.470517E-14
5129.46174597741  3.066935E-14
5132.29828596116  3.556172E-14
5135.13482594491  3.023010E-14
5137.97136592866  1.434475E-14
5140.80790591241  2.561600E-14
5143.64444589616  1.977908E-14
5146.4809858799  9.386804E-15
5149.31752586365  2.478911E-14
5152.1540658474  3.540772E-14
5154.99060583115  2.409927E-14
5157.8271458149  2.213918E-14
5160.66368579865  2.168222E-14
5163.5002257824  1.264332E-14
5166.33676576615  3.788080E-14
5169.1733057499  2.232689E-14
5172.00984573365  2.018215E-14
5174.8463857174  1.601915E-14
5177.68292570115  1.375119E-14
5180.5194656849  -1.783317E-15
5183.35600566865  1.219720E-14
5186.1925456524  2.379143E-14
5189.02908563615  2.331116E-14
5191.86562561989  1.972679E-14
5194.70216560364  4.022549E-14
5197.53870558739  3.697206E-14
5200.37524557114  2.318234E-14
5203.21178555489  2.841795E-14
5206.04832553864  1.948564E-14
5208.88486552239  2.133505E-14
5211.72140550614  3.973167E-14
5214.55794548989  1.368131E-14
5217.39448547364  8.889624E-15
5220.23102545739  1.455270E-14
5223.06756544114  3.126456E-14
5225.90410542489  9.717485E-15
5228.74064540864  2.283723E-14
5231.57718539239  2.385424E-14
5234.41372537614  6.664841E-14
5237.25026535988  1.419360E-13
5240.08680534363  1.523577E-13
5242.92334532738  7.658382E-14
5245.75988531113  1.447690E-14
5248.59642529488  2.861641E-14
5251.43296527863  1.355739E-14
5254.26950526238  1.665945E-14
5257.10604524613  2.193481E-14
5259.94258522988  3.151961E-14
5262.77912521363  2.608434E-14
5265.61566519738  1.982114E-14
5268.45220518113  -4.549828E-16
5271.28874516488  2.106083E-14
5274.12528514863  2.252360E-14
5276.96182513238  2.671866E-14
5279.79836511612  3.093111E-14
5282.63490509987  1.978341E-14
5285.47144508363  2.531802E-14
5288.30798506737  3.360551E-14
5291.14452505112  2.759285E-14
5293.98106503487  2.703207E-14
5296.81760501862  1.657993E-14
5299.65414500237  1.123445E-14
5302.49068498612  1.174790E-14
5305.32722496987  1.662326E-14
5308.16376495362  2.773960E-14
5311.00030493737  3.483522E-14
5313.83684492112  2.044499E-14
5316.67338490487  2.224648E-14
5319.50992488862  2.287527E-14
5322.34646487237  2.698089E-14
5325.18300485611  2.343020E-14
5328.01954483987  2.994857E-14
5330.85608482361  4.334332E-15
5333.69262480736  1.193196E-14
5336.52916479111  1.927204E-14
5339.36570477486  1.300476E-14
5342.20224475861  1.320175E-14
5345.03878474236  2.709502E-14
5347.87532472611  3.194778E-14
5350.71186470986  1.635965E-14
5353.54840469361  9.379472E-15
5356.38494467736  9.123369E-15
5359.22148466111  1.523505E-14
5362.05802464486  1.403902E-14
5364.89456462861  9.151367E-15
5367.73110461236  1.724097E-14
5370.56764459611  1.062276E-14
5373.40418457986  2.168408E-14
5376.2407245636  1.804991E-14
5379.07726454735  4.078493E-15
5381.9138045311  2.162790E-14
5384.75034451485  3.338446E-14
5387.5868844986  1.531259E-14
5390.42342448235  7.194373E-15
5393.2599644661  1.528925E-14
5396.09650444985  2.552640E-14
5398.9330444336  2.210300E-14
5401.76958441735  1.111280E-14
5404.6061244011  1.359138E-14
5407.44266438485  1.309534E-14
5410.2792043686  1.703252E-14
5413.11574435235  1.561118E-14
5415.9522843361  7.545284E-15
5418.78882431985  4.258275E-15
5421.62536430359  1.263239E-14
5424.46190428734  1.418298E-14
5427.29844427109  2.010860E-14
5430.13498425484  1.923281E-14
5432.97152423859  1.219394E-14
5435.80806422234  1.511907E-14
5438.64460420609  1.491344E-14
5441.48114418984  1.668450E-14
5444.31768417359  1.866423E-14
5447.15422415734  1.457708E-14
5449.99076414109  9.971882E-15
5452.82730412484  1.261705E-14
5455.66384410859  2.327807E-14
5458.50038409234  1.560650E-14
5461.33692407609  1.355988E-14
5464.17346405984  2.147277E-14
5467.01000404358  7.996140E-15
5469.84654402734  5.993885E-15
5472.68308401108  1.039510E-14
5475.51962399483  1.754871E-14
5478.35616397858  1.279171E-14
5481.19270396233  1.045995E-14
5484.02924394608  9.830165E-15
5486.86578392983  1.113874E-14
5489.70232391358  1.278813E-14
5492.53886389733  1.584796E-14
5495.37540388108  8.324498E-15
5498.21194386483  1.070285E-14
5501.04848384858  1.018261E-14
5503.88502383233  8.393224E-15
5506.72156381608  1.441895E-14
5509.55810379983  9.607226E-15
5512.39464378358  2.090684E-14
5515.23118376733  2.218660E-14
5518.06772375107  1.569309E-14
5520.90426373482  8.049272E-14
5523.74080371857  4.664912E-14
5526.57734370232  9.357923E-15
5529.41388368607  1.415649E-14
5532.25042366982  9.092230E-15
5535.08696365357  1.213038E-14
5537.92350363732  1.414422E-14
5540.76004362107  2.024900E-14
5543.59658360482  2.282948E-14
5546.43312358857  1.666293E-14
5549.26966357232  1.556719E-14
5552.10620355607  1.118845E-14
5554.94274353982  1.122798E-14
5557.77928352357  1.517755E-14
5560.61582350732  1.994643E-15
5563.45236349107  6.473902E-14
5566.28890347481  1.312026E-13
5569.12544345856  7.325800E-14
5571.96198344231  1.230204E-14
5574.79852342606  3.176917E-14
5577.63506340981  7.195503E-15
5580.47160339356  5.899036E-15
5583.30814337731  8.577379E-15
5586.14468336106  9.686266E-15
5588.98122334481  -3.269715E-14
5591.81776332856  -7.331758E-14
5594.65430331231  -6.642188E-14
5597.49084329606  4.108908E-14
5600.32738327981  -3.387220E-15
5603.16392326356  1.275454E-14
5606.00046324731  1.595928E-14
5608.83700323106  2.050166E-14
5611.67354321481  2.211752E-14
5614.51008319856  1.136547E-14
5617.3466231823  1.012636E-14
5620.18316316605  1.183756E-14
5623.0197031498  1.282294E-14
5625.85624313355  1.255588E-14
5628.6927831173  1.157566E-14
5631.52932310105  7.724273E-15
5634.3658630848  2.129374E-15
5637.20240306855  6.325558E-15
5640.0389430523  1.299186E-14
5642.87548303605  9.741027E-15
5645.7120230198  1.102451E-14
5648.54856300355  9.632618E-15
5651.3851029873  1.264717E-14
5654.22164297105  1.396095E-14
5657.0581829548  9.426137E-15
5659.89472293854  1.700782E-14
5662.73126292229  1.367107E-14
5665.56780290604  1.353164E-14
5668.40434288979  1.396374E-14
5671.24088287354  1.117420E-14
5674.07742285729  1.039862E-14
5676.91396284104  1.098897E-14
5679.75050282479  1.571077E-14
5682.58704280854  1.923745E-14
5685.42358279229  6.415441E-15
5688.26012277604  6.771330E-15
5691.09666275979  8.709693E-15
5693.93320274354  1.255449E-14
5696.76974272729  9.660462E-15
5699.60628271104  7.658819E-15
5702.44282269478  7.434730E-15
5705.27936267854  7.389243E-15
5708.11590266228  7.592768E-15
5710.95244264603  8.540194E-15
5713.78898262978  9.971965E-15
5716.62552261353  7.476842E-15
5719.46206259728  5.306189E-15
5722.29860258103  5.674006E-15
5725.13514256478  7.473114E-15
5727.97168254853  8.508829E-15
5730.80822253228  1.073990E-14
5733.64476251603  1.607415E-14
5736.48130249978  9.207174E-15
5739.31784248353  6.859103E-15
5742.15438246728  6.358795E-15
5744.99092245103  7.140035E-15
5747.82746243478  4.130748E-15
5750.66400241852  9.655354E-15
5753.50054240227  1.067233E-14
5756.33708238602  5.864409E-15
5759.17362236977  1.003714E-14
5762.01016235352  6.684179E-15
5764.84670233727  8.301338E-15
5767.68324232102  9.205003E-15
5770.51978230477  9.451232E-15
5773.35632228852  9.246297E-15
5776.19286227227  8.786888E-15
5779.02940225602  8.210250E-15
5781.86594223977  1.907955E-14
5784.70248222352  1.137735E-14
5787.53902220727  1.306982E-14
5790.37556219102  1.101064E-14
5793.21210217477  5.783095E-15
5796.04864215852  1.051896E-14
5798.88518214226  1.012078E-14
5801.72172212601  1.102908E-14
5804.55826210976  1.178086E-14
5807.39480209351  9.609706E-15
5810.23134207726  1.907434E-14
5813.06788206101  1.219741E-14
5815.90442204476  1.039368E-14
5818.74096202851  1.163021E-14
5821.57750201226  9.544421E-15
5824.41404199601  5.753797E-15
5827.25058197976  7.990277E-15
5830.08712196351  1.491576E-14
5832.92366194726  1.952151E-14
5835.76020193101  1.953122E-14
5838.59674191475  1.601249E-14
5841.43328189851  1.400623E-14
5844.26982188225  1.386884E-14
5847.106361866  1.530529E-14
5849.94290184975  1.014007E-14
5852.7794418335  8.182220E-15
5855.61598181725  9.612614E-15
5858.452521801  1.231224E-14
5861.28906178475  1.341922E-14
5864.1256017685  1.246494E-14
5866.96214175225  1.012899E-14
5869.798681736  1.292762E-14
5872.63522171975  1.311063E-14
5875.4717617035  1.402831E-14
5878.30830168725  6.512841E-15
5881.144841671  2.765450E-14
5883.98138165475  2.434054E-15
5886.8179216385  1.416779E-14
5889.65446162225  1.340786E-14
5892.49100160599  8.727038E-15
5895.32754158974  -1.483069E-15
5898.16408157349  8.260261E-15
5901.00062155724  5.228587E-15
5903.83716154099  5.364466E-15
5906.67370152474  2.610241E-15
5909.51024150849  7.336866E-15
5912.34678149224  8.832810E-15
5915.18332147599  1.399231E-14
5918.01986145974  1.367069E-14
5920.85640144349  1.138205E-14
5923.69294142724  7.697853E-15
5926.52948141099  1.022886E-14
5929.36602139474  1.197798E-14
5932.20256137849  1.165598E-14
5935.03910136223  5.622764E-15
5937.87564134598  7.721939E-15
5940.71218132973  9.008814E-15
5943.54872131348  8.462340E-15
5946.38526129723  6.896557E-15
5949.22180128098  1.062784E-14
5952.05834126473  1.420296E-14
5954.89488124848  9.254328E-15
5957.73142123223  1.025493E-14
5960.56796121598  1.069780E-14
5963.40450119973  9.652416E-15
5966.24104118348  9.517631E-15
5969.07758116723  5.815830E-15
5971.91412115098  1.051163E-14
5974.75066113473  1.128848E-14
5977.58720111848  3.244692E-15
5980.42374110222  5.545448E-15
5983.26028108598  4.899328E-15
5986.09682106972  8.750639E-15
5988.93336105347  9.642532E-15
5991.76990103722  1.065299E-14
5994.60644102097  4.535360E-15
5997.44298100472  5.089812E-15
6000.27952098847  6.420949E-15
6003.11606097222  1.024454E-14
6005.95260095597  8.846689E-15
6008.78914093972  9.132778E-15
6011.62568092347  7.476463E-15
6014.46222090722  8.249041E-15
6017.29876089097  5.872570E-15
6020.13530087472  7.014560E-15
6022.97184085847  8.731565E-15
6025.80838084222  6.435266E-15
6028.64492082597  1.114991E-14
6031.48146080971  1.117976E-14
6034.31800079346  9.097452E-15
6037.15454077721  8.906601E-15
6039.99108076096  6.604717E-15
6042.82762074471  8.478904E-15
6045.66416072846  9.370864E-15
6048.50070071221  6.029044E-15
6051.33724069596  6.009254E-15
6054.17378067971  6.017254E-15
6057.01032066346  7.842709E-15
6059.84686064721  6.522370E-15
6062.68340063096  5.291498E-15
6065.51994061471  2.449499E-15
6068.35648059846  5.284374E-15
6071.19302058221  7.417527E-15
6074.02956056595  4.748411E-15
6076.8661005497  7.253877E-15
6079.70264053345  5.330432E-15
6082.5391805172  6.387132E-15
6085.37572050095  7.713180E-15
6088.2122604847  3.178395E-15
6091.04880046845  8.065278E-15
6093.8853404522  9.307891E-15
6096.72188043595  8.839264E-15
6099.5584204197  8.200500E-15
6102.39496040345  9.557379E-15
6105.2315003872  6.444518E-15
6108.06804037095  5.218438E-15
6110.9045803547  8.987828E-15
6113.74112033845  5.864464E-15
6116.5776603222  5.355107E-15
6119.41420030595  6.800968E-15
6122.2507402897  4.855153E-15
6125.08728027345  1.872435E-15
6127.9238202572  4.616581E-15
6130.76036024094  6.549958E-15
6133.59690022469  8.804949E-15
6136.43344020844  8.527342E-15
6139.26998019219  5.268294E-15
6142.10652017594  6.477668E-15
6144.94306015969  5.460295E-15
6147.77960014344  5.744606E-15
6150.61614012719  6.558198E-15
6153.45268011094  7.693062E-15
6156.28922009469  5.587153E-15
6159.12576007844  5.688453E-15
6161.96230006219  7.219401E-15
6164.79884004594  4.544807E-15
6167.63538002969  5.413849E-15
6170.47192001344  7.536483E-15
6173.30845999718  7.352211E-15
6176.14499998093  9.275415E-15
6178.98153996468  9.456782E-15
6181.81807994843  5.527050E-15
6184.65461993218  5.061605E-15
6187.49115991593  8.856370E-15
6190.32769989968  8.146818E-15
6193.16423988343  8.317128E-15
6196.00077986718  7.976065E-15
6198.83731985093  8.350744E-15
6201.67385983468  7.001660E-15
6204.51039981843  7.765629E-15
6207.34693980218  8.508103E-15
6210.18347978593  5.777840E-15
6213.02001976968  4.953696E-15
6215.85655975343  4.488214E-15
6218.69309973718  5.263319E-15
6221.52963972092  6.913805E-15
6224.36617970467  4.797855E-15
6227.20271968842  6.031429E-15
6230.03925967217  8.355258E-15
6232.87579965592  6.277478E-15
6235.71233963967  8.050625E-15
6238.54887962342  6.977240E-15
6241.38541960717  7.210315E-15
6244.22195959092  9.369459E-15
6247.05849957467  2.630041E-15
6249.89503955842  5.998647E-15
6252.73157954217  6.186544E-15
6255.56811952592  6.299608E-15
6258.40465950967  7.597717E-15
6261.24119949342  5.915482E-15
6264.07773947716  4.390656E-15
6266.91427946091  5.914793E-15
6269.75081944466  -8.565682E-16
6272.58735942841  2.716106E-15
6275.42389941216  4.977622E-15
6278.26043939591  5.138860E-15
6281.09697937966  7.220149E-15
6283.93351936341  6.027420E-15
6286.77005934716  1.399053E-14
6289.60659933091  3.658400E-15
6292.44313931466  4.218665E-15
6295.27967929841  5.372563E-15
6298.11621928216  1.624423E-15
6300.95275926591  7.153940E-16
6303.78929924966  5.393531E-15
6306.62583923341  4.418591E-15
6309.46237921716  8.592647E-15
6312.29891920091  1.257101E-15
6315.13545918465  7.031449E-15
6317.9719991684  5.381133E-15
6320.80853915215  3.637319E-15
6323.6450791359  5.675303E-15
6326.48161911965  7.155444E-15
6329.3181591034  7.648721E-15
6332.15469908715  5.898601E-15
6334.9912390709  4.899295E-15
6337.82777905465  5.879204E-15
6340.6643190384  6.328538E-15
6343.50085902215  3.508294E-15
6346.3373990059  4.803382E-15
6349.17393898965  5.682636E-15
6352.0104789734  6.494860E-15
6354.84701895715  5.545659E-15
6357.6835589409  5.235846E-15
6360.52009892464  6.250950E-15
6363.35663890839  6.242720E-15
6366.19317889214  7.101113E-15
6369.02971887589  6.300175E-15
6371.86625885964  7.034745E-15
6374.70279884339  8.925218E-15
6377.53933882714  7.670024E-15
6380.37587881089  9.322185E-15
6383.21241879464  7.431781E-15
6386.04895877839  6.611861E-15
6388.88549876214  7.004340E-15
6391.72203874589  5.817604E-15
6394.55857872964  9.925037E-15
6397.39511871339  1.582672E-14
6400.23165869714  2.161313E-14
6403.06819868089  2.441412E-14
6405.90473866463  1.928487E-14
6408.74127864838  2.446797E-14
6411.57781863213  2.469001E-14
6414.41435861588  1.841441E-14
6417.25089859963  1.933786E-14
6420.08743858338  1.988984E-14
6422.92397856713  2.013712E-14
6425.76051855088  2.042832E-14
6428.59705853463  1.729654E-14
6431.43359851838  2.431473E-14
6434.27013850213  2.314782E-14
6437.10667848588  2.014202E-14
6439.94321846963  1.881958E-14
6442.77975845338  3.253297E-14
6445.61629843713  2.602206E-14
6448.45283842088  2.083857E-14
6451.28937840462  2.569340E-14
6454.12591838837  3.319081E-14
6456.96245837212  2.810109E-14
6459.79899835587  2.350898E-14
6462.63553833962  1.876046E-14
6465.47207832337  3.160323E-14
6468.30861830712  2.705518E-14
6471.14515829087  3.087868E-14
6473.98169827462  1.303365E-14
6476.81823825837  7.182185E-15
6479.65477824212  8.108644E-15
6482.49131822587  6.786407E-15
6485.32785820962  7.479344E-15
6488.16439819337  8.974975E-15
6491.00093817712  7.413536E-15
6493.83747816086  6.195470E-15
6496.67401814462  5.551469E-15
6499.51055812836  7.424438E-15
6502.34709811211  6.943408E-15
6505.18363809586  6.771340E-15
6508.02017807961  7.015016E-15
6510.85671806336  5.309670E-15
6513.69325804711  7.269043E-15
6516.52979803086  8.511691E-15
6519.36633801461  9.301855E-15
6522.20287799836  9.773482E-15
6525.03941798211  7.753575E-15
6527.87595796586  9.265091E-15
6530.71249794961  9.411405E-15
6533.54903793336  1.002532E-14
6536.38557791711  9.796564E-15
6539.22211790086  7.784480E-15
6542.05865788461  7.721512E-15
6544.89519786836  6.437693E-15
6547.7317378521  9.196542E-15
6550.56827783585  7.641049E-15
6553.4048178196  5.819584E-15
6556.24135780335  8.686504E-15
6559.0778977871  6.949076E-15
6561.91443777085  6.317933E-15
6564.7509777546  7.317015E-15
6567.58751773835  5.909802E-15
6570.4240577221  5.277960E-15
6573.26059770585  6.427862E-15
6576.0971376896  5.547029E-15
6578.93367767335  8.578832E-15
6581.7702176571  8.847280E-15
6584.60675764085  6.956989E-15
6587.4432976246  7.148553E-15
6590.27983760834  6.024892E-15
6593.11637759209  7.854549E-15
6595.95291757584  7.402535E-15
6598.78945755959  6.998322E-15
6601.62599754334  6.188828E-15
6604.46253752709  6.841535E-15
6607.29907751084  6.810215E-15
6610.13561749459  7.233799E-15
6612.97215747834  7.944890E-15
6615.80869746209  6.738535E-15
6618.64523744584  6.467587E-15
6621.48177742959  6.786846E-15
6624.31831741334  7.104398E-15
6627.15485739709  6.789176E-15
6629.99139738084  5.930175E-15
6632.82793736459  6.045487E-15
6635.66447734833  7.018514E-15
6638.50101733209  6.786443E-15
6641.33755731583  5.706837E-15
6644.17409729958  6.430795E-15
6647.01063728333  6.299056E-15
6649.84717726708  6.556794E-15
6652.68371725083  7.144179E-15
6655.52025723458  7.366465E-15
6658.35679721833  6.966973E-15
6661.19333720208  6.670501E-15
6664.02987718583  4.841916E-15
6666.86641716958  5.927420E-15
6669.70295715333  6.302098E-15
6672.53949713708  6.443270E-15
6675.37603712083  6.925807E-15
6678.21257710458  5.424218E-15
6681.04911708833  6.315902E-15
6683.88565707208  7.284327E-15
6686.72219705582  6.380990E-15
6689.55873703957  5.985443E-15
6692.39527702332  6.384467E-15
6695.23181700707  5.745876E-15
6698.06835699082  5.924305E-15
6700.90489697457  5.420001E-15
6703.74143695832  4.891890E-15
6706.57797694207  5.409008E-15
6709.41451692582  5.918722E-15
6712.25105690957  5.676310E-15
6715.08759689332  5.368666E-15
6717.92413687707  4.483161E-15
6720.76067686082  3.257917E-15
6723.59721684457  4.153402E-15
6726.43375682832  4.989075E-15
6729.27029681207  4.924039E-15
6732.10683679582  3.808973E-15
6734.94337677956  4.359435E-15
6737.77991676331  5.027608E-15
6740.61645674706  6.585255E-15
6743.45299673081  5.939655E-15
6746.28953671456  6.296129E-15
6749.12607669831  4.860461E-15
6751.96261668206  4.613450E-15
6754.79915666581  4.978543E-15
6757.63569664956  6.042945E-15
6760.47223663331  4.361808E-15
6763.30877661706  4.294417E-15
6766.14531660081  5.118100E-15
6768.98185658456  5.366283E-15
6771.81839656831  5.338273E-15
6774.65493655206  4.370499E-15
6777.49147653581  3.505923E-15
6780.32801651956  5.233536E-15
6783.1645565033  4.584547E-15
6786.00109648705  5.330704E-15
6788.8376364708  3.975108E-15
6791.67417645455  3.755497E-15
6794.5107164383  4.232899E-15
6797.34725642205  5.758771E-15
6800.1837964058  4.650008E-15
6803.02033638955  3.184749E-15
6805.8568763733  3.871754E-15
6808.69341635705  4.983674E-15
6811.5299563408  4.999037E-15
6814.36649632455  4.131955E-15
6817.2030363083  4.813161E-15
6820.03957629205  2.001491E-15
6822.8761162758  3.266515E-15
6825.71265625955  4.365499E-15
6828.54919624329  3.452043E-15
6831.38573622704  3.488277E-15
6834.22227621079  3.576964E-15
6837.05881619454  2.406170E-15
6839.89535617829  3.496359E-15
6842.73189616204  3.409565E-15
6845.56843614579  4.168881E-15
6848.40497612954  3.736178E-15
6851.24151611329  2.857722E-15
6854.07805609704  2.515746E-15
6856.91459608079  1.922096E-15
6859.75113606454  4.179212E-15
6862.58767604829  4.913351E-15
6865.42421603204  4.849469E-15
6868.26075601579  3.416767E-15
6871.09729599954  3.416827E-15
6873.93383598329  1.211032E-15
6876.77037596703  3.640354E-15
6879.60691595078  2.619179E-15
6882.44345593453  4.070614E-15
6885.27999591828  4.389315E-15
6888.11653590203  3.808292E-15
6890.95307588578  3.430079E-15
6893.78961586953  3.545190E-15
6896.62615585328  3.886148E-15
6899.46269583703  2.795017E-15
6902.29923582078  3.865223E-15
6905.13577580453  2.393143E-15
6907.97231578828  4.240495E-15
6910.80885577203  3.090632E-15
6913.64539575578  2.733198E-15
6916.48193573953  2.496006E-15
6919.31847572328  3.931606E-15
6922.15501570702  4.738484E-15
6924.99155569077  3.639558E-15
6927.82809567452  3.482946E-15
6930.66463565827  2.390559E-15
6933.50117564202  4.117148E-15
6936.33771562577  5.349511E-15
6939.17425560952  4.036257E-15
6942.01079559327  3.642170E-15
6944.84733557702  4.003777E-15
6947.68387556077  3.546549E-15
6950.52041554452  3.970630E-15
6953.35695552827  4.173827E-15
6956.19349551202  3.649674E-15
6959.03003549577  2.168602E-15
6961.86657547952  4.656271E-15
6964.70311546326  3.042448E-15
6967.53965544702  4.290018E-15
6970.37619543076  7.898067E-16
6973.21273541451  1.373921E-14
6976.04927539826  1.035841E-14
6978.88581538201  2.193610E-15
6981.72235536576  3.985110E-15
6984.55889534951  4.389577E-15
6987.39543533326  4.023223E-15
6990.23197531701  3.737988E-15
6993.06851530076  3.032952E-15
6995.90505528451  4.263638E-15
6998.74159526826  2.559404E-15
7001.57813525201  4.213520E-15
7004.41467523576  4.013558E-15
7007.25121521951  3.996829E-15
7010.08775520326  4.047818E-15
7012.92429518701  4.802919E-15
7015.76083517076  3.819840E-15
7018.5973751545  3.650531E-15
7021.43391513825  3.670038E-15
7024.270455122  3.319998E-15
7027.10699510575  2.817894E-15
7029.9435350895  2.510085E-15
7032.78007507325  3.897717E-15
7035.616615057  4.786718E-15
7038.45315504075  3.057181E-15
7041.2896950245  3.695274E-15
7044.12623500825  4.033255E-15
7046.962774992  3.868964E-15
7049.79931497575  2.896734E-15
7052.6358549595  3.545439E-15
7055.47239494325  3.413307E-15
7058.308934927  3.744788E-15
7061.14547491074  3.909503E-15
7063.98201489449  4.426402E-15
7066.81855487824  2.668811E-15
7069.65509486199  2.659504E-15
7072.49163484574  3.268419E-15
7075.32817482949  4.522056E-15
7078.16471481324  2.820852E-15
7081.00125479699  2.631697E-15
7083.83779478074  3.406626E-15
7086.67433476449  2.509624E-15
7089.51087474824  3.212873E-15
7092.34741473199  2.935104E-15
7095.18395471574  3.793383E-15
7098.02049469949  3.158131E-15
7100.85703468324  2.982479E-15
7103.69357466699  4.233023E-15
7106.53011465073  4.154089E-15
7109.36665463449  3.294458E-15
7112.20319461823  3.462172E-15
7115.03973460198  2.879350E-15
7117.87627458573  2.954144E-15
7120.71281456948  3.724799E-15
7123.54935455323  3.142788E-15
7126.38589453698  2.936155E-15
7129.22243452073  3.183266E-15
7132.05897450448  3.815856E-15
7134.89551448823  3.930396E-15
7137.73205447198  3.660056E-15
7140.56859445573  3.651263E-15
7143.40513443948  3.951110E-15
7146.24167442323  4.326638E-15
7149.07821440698  3.331823E-15
7151.91475439073  3.578954E-15
7154.75129437448  3.631206E-15
7157.58783435822  3.152763E-15
7160.42437434197  3.077760E-15
7163.26091432572  2.409759E-15
7166.09745430947  2.886157E-15
7168.93399429322  3.710452E-15
7171.77053427697  3.681774E-15
7174.60707426072  3.474497E-15
7177.44361424447  2.980382E-15
7180.28015422822  3.109890E-15
7183.11669421197  3.077777E-15
7185.95323419572  3.374883E-15
7188.78977417947  3.744471E-15
7191.62631416322  3.510105E-15
7194.46285414697  2.929683E-15
7197.29939413072  3.540203E-15
7200.13593411447  3.395382E-15
7202.97247409821  3.182369E-15
7205.80901408196  3.190471E-15
7208.64555406571  3.115735E-15
7211.48209404946  2.847891E-15
7214.31863403321  3.809338E-15
7217.15517401696  3.372038E-15
7219.99171400071  3.175137E-15
7222.82825398446  3.929172E-15
7225.66479396821  3.425021E-15
7228.50133395196  5.501694E-15
7231.33787393571  1.893994E-15
7234.17441391946  3.230471E-15
7237.01095390321  3.981855E-15
7239.84749388696  3.480459E-15
7242.68403387071  3.138780E-15
7245.52057385446  2.958542E-15
7248.3571138382  4.647660E-15
7251.19365382196  3.429134E-15
7254.0301938057  3.940239E-15
7256.86673378945  2.213218E-15
7259.7032737732  5.621003E-15
7262.53981375695  2.132989E-15
7265.3763537407  2.438283E-15
7268.21289372445  3.282989E-15
7271.0494337082  2.825334E-15
7273.88597369195  3.012482E-15
7276.7225136757  3.115004E-15
7279.55905365945  2.978044E-15
7282.3955936432  2.901874E-15
7285.23213362695  3.164290E-15
7288.0686736107  3.680049E-15
7290.90521359445  3.261798E-15
7293.7417535782  2.726726E-15
7296.57829356195  2.751458E-15
7299.41483354569  4.262945E-15
7302.25137352944  2.663385E-15
7305.08791351319  3.036672E-15
7307.92445349694  2.927261E-15
7310.76099348069  3.117457E-15
7313.59753346444  4.251733E-15
7316.43407344819  3.535733E-15
7319.27061343194  2.101283E-15
7322.10715341569  7.627000E-16
7324.94369339944  5.104174E-15
7327.78023338319  1.690446E-15
7330.61677336694  4.227948E-15
7333.45331335069  3.371366E-15
7336.28985333444  3.572444E-15
7339.12639331819  2.146696E-15
7341.96293330193  2.819624E-15
7344.79947328569  2.008173E-15
7347.63601326943  3.088569E-15
7350.47255325318  7.084280E-16
7353.30909323693  4.882997E-15
7356.14563322068  3.367251E-15
7358.98217320443  3.238767E-15
7361.81871318818  2.882271E-15
7364.65525317193  3.037217E-15
7367.49179315568  3.875950E-15
7370.32833313943  3.104886E-15
7373.16487312318  2.470379E-15
7376.00141310693  3.736945E-15
7378.83795309068  2.527964E-15
7381.67449307443  2.165427E-15
7384.51103305818  2.354872E-15
7387.34757304193  2.641135E-15
7390.18411302567  1.784152E-15
7393.02065300943  2.101512E-15
7395.85719299317  2.606716E-15
7398.69373297692  2.936001E-15
7401.53027296067  2.412827E-15
7404.36681294442  2.078130E-15
7407.20335292817  2.153468E-15
7410.03989291192  2.810457E-15
7412.87643289567  2.043053E-15
7415.71297287942  2.029624E-15
7418.54951286317  1.652425E-15
7421.38605284692  1.807015E-15
7424.22259283067  2.035150E-15
7427.05913281442  2.634488E-15
7429.89567279817  2.238951E-15
7432.73221278191  2.366882E-15
7435.56875276566  2.331543E-15
7438.40529274941  2.579339E-15
7441.24183273316  2.413035E-15
7444.07837271691  2.374324E-15
7446.91491270066  2.120046E-15
7449.75145268441  2.234386E-15
7452.58799266816  2.484206E-15
7455.42453265191  1.950038E-15
7458.26107263566  2.537681E-15
7461.09761261941  2.540212E-15
7463.93415260316  2.362085E-15
7466.77069258691  2.171887E-15
7469.60723257066  2.580541E-15
7472.44377255441  2.728041E-15
7475.28031253816  1.954443E-15
7478.1168525219  2.117674E-15
7480.95339250566  2.064325E-15
7483.7899324894  2.169702E-15
7486.62647247315  2.179616E-15
7489.4630124569  2.111451E-15
7492.29955244065  2.759148E-15
7495.1360924244  1.946469E-15
7497.97263240815  1.652979E-15
7500.8091723919  1.790117E-15
7503.64571237565  2.093202E-15
7506.4822523594  1.138219E-15
7509.31879234315  1.954690E-15
7512.1553323269  1.577806E-15
7514.99187231065  1.874162E-15
7517.8284122944  1.749491E-15
7520.66495227815  2.022241E-15
7523.5014922619  1.808297E-15
7526.33803224565  1.527612E-15
7529.17457222939  1.243738E-15
7532.01111221314  2.661093E-15
7534.84765219689  1.731105E-15
7537.68419218064  1.940644E-15
7540.52073216439  1.902085E-15
7543.35727214814  1.989882E-15
7546.19381213189  1.644568E-15
7549.03035211564  1.743575E-15
7551.86689209939  2.468326E-15
7554.70343208314  1.470715E-15
7557.53997206689  2.205161E-15
7560.37651205064  2.279484E-15
7563.21305203439  1.398439E-15
7566.04959201814  2.200398E-15
7568.88613200189  2.221456E-15
7571.72267198564  1.985384E-15
7574.55921196938  6.763794E-16
7577.39575195313  6.410909E-16
7580.23229193688  1.542493E-15
7583.06883192063  1.089486E-15
7585.90537190438  9.646765E-16
7588.74191188813  1.312027E-15
7591.57845187188  1.027886E-15
7594.41499185563  9.240325E-16
7597.25153183938  7.694177E-16
7600.08807182313  5.927382E-16
7602.92461180688  1.001393E-15
7605.76115179063  8.434890E-16
7608.59769177438  1.666327E-15
7611.43423175813  1.248951E-15
7614.27077174188  1.242225E-15
7617.10731172563  1.084406E-15
7619.94385170937  1.371249E-15
7622.78039169313  1.379583E-15
7625.61693167687  9.518441E-16
7628.45347166062  1.069178E-15
7631.29001164437  1.372169E-15
7634.12655162812  1.473928E-15
7636.96309161187  1.340657E-15
7639.79963159562  5.722014E-16
7642.63617157937  1.272461E-15
7645.47271156312  1.277718E-15
7648.30925154687  1.590876E-15
7651.14579153062  1.174800E-15
7653.98233151437  1.045763E-15
7656.81887149812  1.239387E-15
7659.65541148187  1.466079E-15
7662.49195146562  1.841457E-15
7665.32849144937  1.720533E-15
7668.16503143312  1.727352E-15
7671.00157141686  1.703442E-15
7673.83811140061  1.433709E-15
7676.67465138436  1.583877E-15
7679.51119136811  1.716421E-15
7682.34773135186  1.379635E-15
7685.18427133561  1.273702E-15
7688.02081131936  1.242183E-15
7690.85735130311  1.332991E-15
7693.69389128686  1.523206E-15
7696.53043127061  2.658642E-15
7699.36697125436  8.322690E-16
7702.20351123811  2.016741E-15
7705.04005122186  1.707876E-15
7707.87659120561  1.422107E-15
7710.71313118936  1.403337E-15
7713.54967117311  9.715789E-16
7716.38621115685  2.422254E-15
7719.2227511406  1.595193E-15
7722.05929112435  2.683910E-15
7724.8958311081  1.860763E-15
7727.73237109185  8.068369E-16
7730.5689110756  4.251701E-15
7733.40545105935  2.613184E-16
7736.2419910431  1.962178E-15
7739.07853102685  1.935377E-15
7741.9150710106  6.262362E-16
7744.75161099435  1.987305E-15
7747.5881509781  1.214491E-15
7750.42469096185  1.349498E-15
7753.2612309456  1.039141E-15
7756.09777092935  8.701726E-16
7758.9343109131  2.842048E-15
7761.77085089684  1.335350E-15
7764.6073908806  1.953901E-15
7767.44393086434  1.341328E-15
7770.28047084809  1.473801E-15
7773.11701083184  1.862489E-15
7775.95355081559  1.356155E-15
7778.79009079934  2.269442E-15
7781.62663078309  1.706688E-15
7784.46317076684  1.554959E-15
7787.29971075059  6.844467E-16
7790.13625073434  1.297186E-15
7792.97279071809  1.363650E-15
7795.80933070184  1.401696E-15
7798.64587068559  1.965806E-15
7801.48241066934  2.630460E-15
7804.31895065309  2.187509E-16
7807.15549063684  1.589634E-15
7809.99203062059  1.988451E-15
7812.82857060433  1.425154E-15
7815.66511058808  1.159614E-15
7818.50165057183  1.613503E-15
7821.33819055558  1.965301E-15
7824.17473053933  1.124557E-15
7827.01127052308  4.911356E-16
7829.84781050683  2.951372E-15
7832.68435049058  2.533544E-15
7835.52089047433  2.243557E-16
7838.35743045808  3.810963E-16
7841.19397044183  2.151619E-15
7844.03051042558  9.403098E-16
7846.86705040933  1.046469E-15
7849.70359039308  8.786285E-16
7852.54013037683  8.010853E-16
7855.37667036057  6.351658E-16
7858.21321034432  1.658048E-15
7861.04975032807  3.032847E-17
7863.88629031182  1.687605E-15
7866.72283029557  1.042514E-15
7869.55937027932  2.667840E-15
7872.39591026307  6.109973E-16
7875.23245024682  1.410801E-15
7878.06899023057  6.776580E-16
7880.90553021432  1.711153E-15
7883.74207019807  1.895828E-15
7886.57861018182  1.372670E-15
7889.41515016557  1.018688E-15
7892.25169014932  5.003429E-16
7895.08823013307  2.401656E-15
7897.92477011682  1.157151E-15
7900.76131010057  2.014681E-15
7903.59785008431  1.218455E-15
7906.43439006807  1.626566E-15
7909.27093005181  9.151072E-16
7912.10747003556  1.399326E-15
7914.94401001931  7.382099E-16
7917.78055000306  1.677763E-15
7920.61708998681  -6.178020E-16
7923.45362997056  2.474824E-15
7926.29016995431  1.040459E-15
7929.12670993806  5.004549E-16
7931.96324992181  1.016289E-15
7934.79978990556  1.420625E-15
7937.63632988931  6.731124E-16
7940.47286987306  1.505082E-15
7943.30940985681  -2.610166E-16
7946.14594984056  2.336692E-15
7948.9824898243  1.202336E-15
7951.81902980806  5.087922E-16
7954.6555697918  1.693633E-15
7957.49210977555  7.743492E-16
7960.3286497593  7.298445E-16
7963.16518974305  2.384672E-16
7966.0017297268  7.761222E-16
7968.83826971055  2.128043E-15
7971.6748096943  -1.294771E-15
7974.51134967805  3.611399E-15
7977.3478896618  1.949950E-15
7980.18442964555  1.790122E-15
7983.0209696293  1.866791E-15
7985.85750961305  2.145186E-15
7988.6940495968  1.715894E-15
7991.53058958055  1.339270E-15
7994.3671295643  1.848487E-15
7997.20366954805  1.657591E-15
8000.04020953179  5.610013E-16
8002.87674951554  1.118915E-15
8005.71328949929  1.013808E-15
8008.54982948304  1.358696E-15
8011.38636946679  6.952651E-16
8014.22290945054  3.895148E-16
8017.05944943429  9.949673E-16
8019.89598941804  1.024690E-15
8022.73252940179  6.681675E-16
8025.56906938554  1.284193E-15
8028.40560936929  1.135114E-15
8031.24214935304  1.983502E-15
8034.07868933679  7.560483E-16
8036.91522932054  7.689995E-16
8039.75176930429  8.742624E-16
8042.58830928804  1.082253E-15
8045.42484927178  1.087087E-15
8048.26138925553  6.187957E-16
8051.09792923928  7.726915E-16
8053.93446922303  8.968749E-16
8056.77100920678  1.127370E-15
8059.60754919053  9.900267E-16
8062.44408917428  8.772498E-16
8065.28062915803  6.338166E-16
8068.11716914178  1.285739E-15
8070.95370912553  8.205347E-16
8073.79024910928  1.032632E-15
8076.62678909303  1.018057E-15
8079.46332907678  1.073313E-15
8082.29986906053  1.197864E-15
8085.13640904428  1.285163E-15
8087.97294902803  1.116057E-15
8090.80948901177  8.570402E-16
8093.64602899553  1.032640E-15
8096.48256897927  9.575706E-16
8099.31910896302  6.910427E-16
8102.15564894677  8.196622E-16
8104.99218893052  1.024398E-15
8107.82872891427  1.115568E-15
8110.66526889802  1.152088E-15
8113.50180888177  1.173668E-15
8116.33834886552  1.105948E-15
8119.17488884927  8.802104E-16
8122.01142883302  9.197788E-16
8124.84796881677  1.071156E-15
8127.68450880052  8.990666E-16
8130.52104878427  9.488713E-16
8133.35758876802  9.878760E-16
8136.19412875177  8.158671E-16
8139.03066873552  8.199949E-16
8141.86720871926  9.246935E-16
8144.70374870301  9.525868E-16
8147.54028868676  8.642452E-16
8150.37682867051  8.724722E-16
8153.21336865426  8.252113E-16
8156.04990863801  7.934869E-16
8158.88644862176  1.053897E-15
8161.72298860551  1.016376E-15
8164.55952858926  9.540315E-16
8167.39606857301  9.561596E-16
8170.23260855676  8.136849E-16
8173.06914854051  1.019361E-15
8175.90568852426  9.848291E-16
8178.74222850801  8.736083E-16
8181.57876849176  8.604145E-16
8184.41530847551  9.233226E-16
8187.25184845925  7.580475E-16
8190.088388443  7.573437E-16
8192.92492842675  7.983764E-16
8195.7614684105  9.204088E-16
8198.59800839425  8.286683E-16
8201.434548378  1.075641E-15
8204.27108836175  1.325841E-15
8207.1076283455  1.195310E-15
8209.94416832925  8.575510E-16
8212.780708313  7.682579E-16
8215.61724829675  8.705224E-16
8218.4537882805  7.228293E-16
8221.29032826425  7.327362E-16
8224.126868248  8.367146E-16
8226.96340823175  8.310538E-16
8229.7999482155  8.477936E-16
8232.63648819924  8.562695E-16
8235.473028183  8.110325E-16
8238.30956816675  7.674382E-16
8241.14610815049  9.801864E-16
8243.98264813424  7.883570E-16
8246.81918811799  9.184235E-16
8249.65572810174  9.456441E-16
8252.49226808549  6.080533E-16
8255.32880806924  8.715386E-16
8258.16534805299  7.888719E-16
8261.00188803674  5.883566E-16
8263.83842802049  8.854546E-16
8266.67496800424  1.566864E-15
8269.51150798799  8.329064E-16
8272.34804797174  9.226187E-16
8275.18458795548  6.371017E-16
8278.02112793924  1.239671E-15
8280.85766792298  1.038302E-15
8283.69420790673  2.976240E-16
8286.53074789049  3.284401E-16
8289.36728787423  1.020870E-15
8292.20382785798  5.294405E-16
8295.04036784173  6.469829E-16
8297.87690782548  5.115337E-16
8300.71344780923  4.108838E-16
8303.54998779298  4.609759E-16
8306.38652777673  1.227126E-15
8309.22306776048  1.121588E-15
8312.05960774423  8.268665E-16
8314.89614772798  6.170425E-16
8317.73268771173  1.040438E-15
8320.56922769548  3.021977E-16
8323.40576767923  2.394607E-15
8326.24230766297  2.041396E-15
8329.07884764672  6.724212E-16
8331.91538763047  1.626424E-15
8334.75192761422  1.247450E-15
8337.58846759797  9.134500E-16
8340.42500758172  1.373645E-15
8343.26154756547  2.177002E-15
8346.09808754922  2.667062E-15
8348.93462753297  8.693133E-16
8351.77116751672  1.495423E-15
8354.60770750047  6.035986E-16
8357.44424748422  2.263737E-16
8360.28078746797  1.466479E-15
8363.11732745172  1.284670E-15
8365.95386743547  1.734326E-15
8368.79040741922  1.496776E-15
8371.62694740296  1.121457E-15
8374.46348738671  6.448983E-16
8377.30002737046  2.042616E-15
8380.13656735421  2.172664E-15
8382.97310733796  2.272753E-15
8385.80964732171  1.799772E-15
8388.64618730546  1.364819E-15
8391.48272728921  8.682691E-16
8394.31926727296  1.790076E-15
8397.15580725671  1.836392E-15
8399.99234724046  1.303199E-15
8402.82888722421  4.703557E-15
8405.66542720796  6.818663E-15
8408.50196719171  -6.997112E-16
8411.33850717546  4.857765E-16
8414.17504715921  -4.188305E-18
8417.01158714296  -2.110569E-16
8419.8481271267  2.738832E-16
8422.68466711045  7.140176E-16
8425.5212070942  6.657609E-17
8428.35774707795  -2.031298E-17
8431.1942870617  1.208193E-16
8434.03082704545  1.389932E-15
8436.8673670292  5.806655E-16
8439.70390701295  -4.789448E-16
8442.5404469967  1.017515E-15
8445.37698698045  1.017877E-15
8448.2135269642  2.111486E-15
8451.05006694795  6.297549E-16
8453.8866069317  1.213052E-15
8456.72314691545  9.847915E-16
8459.5596868992  1.069939E-15
8462.39622688295  1.831659E-15
8465.2327668667  2.887099E-15
8468.06930685044  1.330019E-15
8470.90584683419  1.125162E-15
8473.74238681794  8.777049E-16
8476.57892680169  1.210437E-15
8479.41546678544  1.119585E-15
8482.25200676919  1.166449E-15
8485.08854675294  1.160854E-15
8487.92508673669  1.834659E-15
8490.76162672044  1.294347E-15
8493.59816670419  1.172797E-15
8496.43470668794  1.077655E-15
8499.27124667169  1.364610E-15
8502.10778665544  1.028751E-15
8504.94432663919  1.086369E-15
8507.78086662294  1.092096E-15
8510.61740660669  1.303198E-15
8513.45394659044  1.033051E-15
8516.29048657418  1.019349E-15
8519.12702655793  1.201347E-15
8521.96356654168  1.546402E-15
8524.80010652543  1.820516E-15
8527.63664650918  2.282250E-15
8530.47318649293  2.780889E-15
8533.30972647668  2.992687E-15
8536.14626646043  2.053695E-15
8538.98280644418  1.475635E-15
8541.81934642793  1.439285E-15
8544.65588641168  1.374566E-15
8547.49242639543  1.257307E-15
8550.32896637918  1.160214E-15
8553.16550636293  1.278271E-15
8556.00204634668  1.526822E-15
8558.83858633042  1.333034E-15
8561.67512631417  1.510034E-15
8564.51166629792  2.618206E-15
8567.34820628167  3.926695E-15
8570.18474626542  2.537726E-15
8573.02128624917  1.444979E-15
8575.85782623292  1.508557E-15
8578.69436621667  1.269558E-15
8581.53090620042  1.967386E-15
8584.36744618417  2.621310E-15
8587.20398616792  2.037194E-15
8590.04052615167  1.686999E-15
8592.87706613542  1.559566E-15
8595.71360611917  1.770850E-15
8598.55014610292  1.625458E-15
8601.38668608667  1.397116E-15
8604.22322607041  1.353073E-15
8607.05976605417  1.447707E-15
8609.89630603791  1.414839E-15
8612.73284602166  1.954247E-15
8615.56938600541  1.922987E-15
8618.40592598916  1.683485E-15
8621.24246597291  1.619266E-15
8624.07900595666  9.457774E-16
8626.91554594041  1.200324E-15
8629.75208592416  1.490912E-15
8632.58862590791  1.379012E-15
8635.42516589166  1.619828E-15
8638.26170587541  1.253636E-15
8641.09824585916  2.007499E-15
8643.93478584291  1.398493E-15
8646.77132582666  1.804115E-15
8649.60786581041  1.565409E-15
8652.44440579416  1.477188E-15
8655.2809457779  1.377885E-15
8658.11748576165  1.349829E-15
8660.9540257454  1.932089E-15
8663.79056572915  1.492027E-15
8666.6271057129  1.512093E-15
8669.46364569665  1.505517E-15
8672.3001856804  6.893113E-16
8675.13672566415  1.503859E-15
8677.9732656479  8.954882E-16
8680.80980563165  1.678496E-15
8683.6463456154  1.306241E-15
8686.48288559915  1.896198E-15
8689.3194255829  1.234214E-15
8692.15596556665  1.325997E-15
8694.9925055504  1.205362E-15
8697.82904553415  1.570216E-15
8700.66558551789  1.236412E-15
8703.50212550164  1.395746E-15
8706.33866548539  1.652689E-15
8709.17520546914  1.641163E-15
8712.01174545289  1.762136E-15
8714.84828543664  1.697166E-15
8717.68482542039  1.775322E-15
8720.52136540414  1.652031E-15
8723.35790538789  1.679065E-15
8726.19444537164  1.390452E-15
8729.03098535539  1.381789E-15
8731.86752533914  1.393498E-15
8734.70406532289  1.129210E-15
8737.54060530664  1.306775E-15
8740.37714529039  1.191852E-15
8743.21368527414  2.453743E-15
8746.05022525788  1.767900E-15
8748.88676524164  1.263390E-15
8751.72330522538  1.243285E-15
8754.55984520913  1.391052E-15
8757.39638519288  1.017553E-15
8760.23292517663  1.618800E-15
8763.06946516038  1.191223E-15
8765.90600514413  2.040666E-16
8768.74254512788  1.431045E-15
8771.57908511163  5.177006E-16
8774.41562509538  1.778413E-15
8777.25216507913  1.135313E-15
8780.08870506288  4.492268E-16
8782.92524504663  -2.397950E-16
8785.76178503038  1.667913E-15
8788.59832501412  1.330794E-15
8791.43486499788  1.052771E-15
8794.27140498163  1.134337E-15
8797.10794496537  3.821582E-16
8799.94448494912  1.618086E-15
8802.78102493287  1.011598E-15
8805.61756491662  5.659839E-15
8808.45410490037  -1.109612E-15
8811.29064488412  3.957055E-16
8814.12718486787  1.837418E-15
8816.96372485162  9.863172E-16
8819.80026483537  6.647322E-16
8822.63680481912  8.927559E-16
8825.47334480287  7.651953E-16
8828.30988478662  1.426290E-15
8831.14642477037  5.691329E-16
8833.98296475412  -1.872235E-15
8836.81950473786  1.533004E-15
8839.65604472161  1.135112E-15
8842.49258470536  -2.140555E-16
8845.32912468911  1.096024E-15
8848.16566467286  1.805674E-15
8851.00220465661  1.058444E-15
8853.83874464036  1.052705E-15
8856.67528462411  4.503803E-16
8859.51182460786  1.043443E-15
8862.34836459161  -2.858638E-16
8865.18490457536  2.326782E-15
8868.02144455911  1.251762E-15
8870.85798454286  7.367467E-16
8873.69452452661  3.246137E-16
8876.53106451036  4.949539E-16
8879.36760449411  4.840907E-16
8882.20414447786  9.966498E-16
8885.0406844616  1.303553E-15
8887.87722444535  7.119855E-16
8890.71376442911  2.375777E-15
8893.55030441285  -1.177725E-16
8896.3868443966  -1.022806E-15
8899.22338438035  2.643673E-15
8902.0599243641  2.131522E-15
8904.89646434785  1.003265E-15
8907.7330043316  1.775257E-15
8910.56954431535  2.306989E-15
8913.4060842991  1.416388E-15
8916.24262428285  9.031257E-16
8919.0791642666  9.024457E-16
8921.91570425035  1.406921E-16
8924.7522442341  2.012077E-15
8927.58878421785  7.548533E-16
8930.4253242016  -4.420574E-16
8933.26186418534  1.215404E-15
8936.09840416909  9.931334E-16
8938.93494415284  1.241342E-15
8941.77148413659  1.531269E-15
8944.60802412034  8.057665E-16
8947.44456410409  6.303942E-16
8950.28110408784  1.042701E-15
8953.11764407159  5.891360E-16
8955.95418405534  6.576326E-16
8958.79072403909  1.027592E-15
8961.62726402284  -1.964167E-16
8964.46380400659  9.329856E-16
8967.30034399034  1.549911E-15
8970.13688397409  7.219731E-16
8972.97342395784  1.198331E-15
8975.80996394159  6.244216E-16
8978.64650392534  1.529208E-15
8981.48304390908  9.029604E-16
8984.31958389283  3.892625E-16
8987.15612387658  3.888769E-16
8989.99266386033  5.751366E-16
8992.82920384408  5.377282E-16
8995.66574382783  8.721642E-16
8998.50228381158  1.128755E-15
9001.33882379533  4.335163E-16
9004.17536377908  8.037105E-16
9007.01190376283  4.351205E-16
9009.84844374658  7.830047E-16
9012.68498373033  9.313692E-16
9015.52152371408  7.953446E-16
9018.35806369783  9.830415E-16
9021.19460368158  9.531284E-16
9024.03114366532  9.987805E-16
9026.86768364908  8.240358E-16
9029.70422363282  8.171594E-16
9032.54076361657  8.959558E-16
9035.37730360032  6.111295E-16
9038.21384358407  8.486480E-16
9041.05038356782  8.366087E-16
9043.88692355157  8.545926E-16
9046.72346353532  8.454762E-16
9049.56000351907  7.354216E-16
9052.39654350282  8.652844E-16
9055.23308348657  8.444727E-16
9058.06962347032  4.694762E-16
9060.90616345407  7.444757E-16
9063.74270343782  7.019846E-16
9066.57924342157  6.825755E-16
9069.41578340532  6.675549E-16
9072.25232338906  8.000277E-16
9075.08886337281  1.003273E-15
9077.92540335656  7.084769E-16
9080.76194334031  6.629183E-16
9083.59848332406  6.414965E-16
9086.43502330781  6.439726E-16
9089.27156329156  4.397082E-16
9092.10810327531  6.753562E-16
9094.94464325906  7.754387E-16
9097.78118324281  6.518014E-16
9100.61772322656  6.125010E-16
9103.45426321031  6.045525E-16
9106.29080319406  6.144234E-16
9109.12734317781  5.801125E-16
9111.96388316156  6.090927E-16
9114.8004231453  6.761773E-16
9117.63696312905  6.738713E-16
9120.4735031128  7.679148E-16
9123.31004309655  7.484624E-16
9126.1465830803  6.792055E-16
9128.98312306405  6.644022E-16
9131.8196630478  7.054335E-16
9134.65620303155  6.741858E-16
9137.4927430153  8.669628E-16
9140.32928299905  6.381742E-16
9143.1658229828  7.286294E-16
9146.00236296655  6.198557E-16
9148.8389029503  5.859317E-16
9151.67544293405  7.294068E-16
9154.5119829178  5.338074E-16
9157.34852290155  5.487494E-16
9160.1850628853  4.711449E-16
9163.02160286905  7.384944E-16
9165.85814285279  7.963900E-16
9168.69468283654  5.005166E-16
9171.53122282029  5.295585E-16
9174.36776280404  4.824375E-16
9177.20430278779  7.389387E-16
9180.04084277154  8.589243E-16
9182.87738275529  7.227537E-16
9185.71392273904  7.034080E-16
9188.55046272279  6.563409E-16
9191.38700270654  7.027565E-16
9194.22354269029  6.686652E-16
9197.06008267404  1.091600E-15
9199.89662265779  7.893439E-16
9202.73316264154  5.659527E-16
9205.56970262529  6.601395E-16
9208.40624260904  6.475162E-16
9211.24278259278  6.471138E-16
9214.07932257653  6.748637E-16
9216.91586256028  6.176116E-16
9219.75240254403  6.958582E-16
9222.58894252778  7.441069E-16
9225.42548251153  4.343481E-16
9228.26202249528  7.096648E-16
9231.09856247903  5.693350E-16
9233.93510246278  5.013089E-16
9236.77164244653  8.068656E-16
9239.60818243028  6.406720E-16
9242.44472241403  6.991741E-16
9245.28126239778  8.332982E-16
9248.11780238153  7.906726E-16
9250.95434236528  7.757207E-16
9253.79088234903  5.567731E-16
9256.62742233277  6.590014E-16
9259.46396231653  6.624522E-16
9262.30050230027  7.842279E-16
9265.13704228402  6.312281E-16
9267.97358226777  7.744772E-16
9270.81012225152  4.581757E-16
9273.64666223527  6.546913E-16
9276.48320221902  5.458457E-16
9279.31974220277  9.934437E-16
9282.15628218652  7.139062E-16
9284.99282217027  1.939941E-15
9287.82936215402  1.094994E-15
9290.66590213777  1.153401E-15
9293.50244212152  2.617741E-15
9296.33898210527  -5.253773E-17
9299.17552208902  2.852076E-16
9302.01206207277  2.071175E-15
9304.84860205652  1.139215E-15
9307.68514204026  -6.419002E-16
9310.52168202401  5.134629E-16
9313.35822200776  -8.653752E-16
9316.19476199151  1.447914E-15
9319.03130197526  1.519090E-16
9321.86784195901  9.236467E-17
9324.70438194276  1.224778E-15
9327.54092192651  1.596066E-15
9330.37746191026  -1.095598E-15
9333.21400189401  1.756969E-16
9336.05054187776  6.129313E-16
9338.88708186151  4.353834E-16
9341.72362184526  7.686796E-16
9344.56016182901  4.877675E-17
9347.39670181276  3.273078E-16
9350.23324179651  8.182633E-16
9353.06978178026  -7.382072E-16
9355.90632176401  2.395563E-15
9358.74286174775  3.510652E-15
9361.5794017315  1.257845E-15
9364.41594171525  1.195637E-15
9367.252481699  9.108276E-16
9370.08902168275  5.987233E-16
9372.9255616665  1.225491E-15
9375.76210165025  1.046971E-15
9378.598641634  8.658440E-16
9381.43518161775  1.737982E-15
9384.2717216015  -4.948485E-16
9387.10826158525  -4.248764E-16
9389.944801569  4.972109E-16
9392.78134155275  1.839818E-16
9395.6178815365  1.136422E-16
9398.45442152025  5.419917E-16
9401.29096150399  5.558475E-16
9404.12750148775  4.942784E-16
9406.96404147149  7.609609E-17
9409.80058145524  2.816891E-16
9412.63712143899  2.139809E-16
9415.47366142274  9.044479E-17
9418.31020140649  2.252716E-15
9421.14674139024  4.930082E-16
9423.98328137399  -9.057672E-16
9426.81982135774  -3.868851E-16
9429.65636134149  1.279089E-16
9432.49290132524  4.227914E-17
9435.32944130899  -1.182001E-16
9438.16598129274  5.254421E-16
9441.00252127649  3.532556E-16
9443.83906126024  3.220861E-16
9446.67560124399  -7.850675E-16
9449.51214122774  -4.734729E-16
9452.34868121148  3.824798E-16
9455.18522119523  4.929437E-17
9458.02176117898  1.024392E-15
9460.85830116273  9.347142E-16
9463.69484114648  5.660846E-16
9466.53138113023  1.790162E-16
9469.36792111398  -1.621663E-16
9472.20446109773  2.329512E-16
9475.04100108148  5.028635E-17
9477.87754106523  1.734979E-16
9480.71408104898  1.972174E-16
9483.55062103273  -9.854212E-17
9486.38716101648  1.601516E-16
9489.22370100023  1.320175E-16
9492.06024098398  1.268210E-16
9494.89678096773  2.101682E-16
9497.73332095147  5.529368E-17
9500.56986093522  3.712631E-16
9503.40640091897  3.599154E-16
9506.24294090272  -1.022318E-16
9509.07948088647  2.493453E-17
9511.91602087022  1.180801E-16
9514.75256085397  1.567701E-17
9517.58910083772  4.331487E-17
9520.42564082147  5.727839E-17
9523.26218080522  -2.482672E-16
9526.09872078897  -3.832494E-16
9528.93526077272  3.083740E-16
9531.77180075647  2.553241E-16
9534.60834074022  1.871170E-16
9537.44488072397  1.331422E-17
9540.28142070772  1.111289E-16
9543.11796069147  4.353669E-17
9545.95450067521  2.356125E-16
9548.79104065896  3.944538E-16
9551.62758064271  1.684468E-16
9554.46412062646  1.659196E-16
9557.30066061021  4.419639E-17
9560.13720059396  2.200652E-16
9562.97374057771  1.410103E-16
9565.81028056146  2.242246E-16
9568.64682054521  4.889781E-17
9571.48336052896  7.841162E-16
9574.31990051271  1.657405E-15
9577.15644049646  9.130484E-16
9579.99298048021  3.212388E-16
9582.82952046396  1.377043E-16
9585.66606044771  1.603490E-16
9588.50260043145  1.401295E-16
9591.33914041521  2.785147E-16
9594.17568039895  1.747087E-16
9597.0122203827  1.931676E-16
9599.84876036645  2.042263E-16
9602.6853003502  1.863172E-16
9605.52184033395  4.198684E-16
9608.3583803177  2.808119E-16
9611.19492030145  1.726619E-16
9614.0314602852  1.893817E-16
9616.86800026895  2.662256E-16
9619.7045402527  6.607114E-17
9622.54108023645  7.844893E-17
9625.3776202202  8.882197E-17
9628.21416020395  3.466405E-17
9631.0507001877  1.859535E-16
9633.88724017145  1.055883E-16
9636.7237801552  1.357896E-16
9639.56032013895  1.819904E-16
9642.39686012269  1.812342E-16
9645.23340010644  1.926567E-16
9648.06994009019  1.633689E-16
9650.90648007394  3.194777E-16
9653.74302005769  2.034634E-16
9656.57956004144  2.080720E-16
9659.41610002519  1.525490E-16
9662.25264000894  2.915174E-16
9665.08917999269  2.511138E-16
9667.92571997644  1.346080E-16
9670.76225996019  1.177332E-16
9673.59879994394  1.201675E-16
9676.43533992769  1.450782E-16
9679.27187991144  1.502763E-16
9682.10841989519  2.217126E-16
9684.94495987893  6.363379E-17
9687.78149986268  5.198019E-17
9690.61803984643  1.042192E-16
9693.45457983018  1.854700E-16
9696.29111981393  1.601774E-16
9699.12765979768  1.678188E-16
9701.96419978143  1.357270E-16
9704.80073976518  1.358943E-16
9707.63727974893  1.952892E-16
9710.47381973268  1.867856E-18
9713.31035971643  2.607640E-16
9716.14689970018  1.138290E-16
9718.98343968393  1.587914E-16
9721.81997966768  2.468082E-16
9724.65651965143  1.182003E-16
9727.49305963518  -3.948803E-17
9730.32959961892  -2.357073E-17
9733.16613960268  1.829924E-16
9736.00267958642  5.690038E-17
9738.83921957017  1.790006E-16
9741.67575955392  4.495483E-17
9744.51229953767  2.781524E-17
9747.34883952142  -6.867890E-18
9750.18537950517  -2.014771E-17
9753.02191948892  8.113314E-17
9755.85845947267  1.967262E-16
9758.69499945642  8.827709E-17
9761.53153944017  1.187765E-16
9764.36807942392  1.239661E-16
9767.20461940767  1.684700E-16
9770.04115939142  3.569465E-16
9772.87769937517  6.788496E-16
9775.71423935892  5.788590E-17
9778.55077934266  8.829829E-18
9781.38731932641  5.788558E-17
9784.22385931016  -7.572439E-17
9787.06039929391  -1.905306E-16
9789.89693927766  -7.524568E-17
9792.73347926141  -1.137740E-16
9795.57001924516  -2.262808E-17
9798.40655922891  -2.308747E-16
9801.24309921266  -5.809326E-16
9804.07963919641  2.050734E-16
9806.91617918016  8.671694E-17
9809.75271916391  5.900486E-17
9812.58925914766  2.317059E-16
9815.42579913141  1.408590E-16
9818.26233911516  1.176021E-16
9821.09887909891  1.644388E-16
9823.93541908266  1.262966E-16
9826.7719590664  1.193710E-16
9829.60849905015  1.309605E-16
9832.4450390339  1.150688E-16
9835.28157901765  -1.878563E-17
9838.1181190014  -6.528171E-18
9840.95465898515  2.548507E-17
9843.7911989689  2.054234E-17
