4672.89539864035  7.028721E-14
4675.73200939833  6.719485E-14
4678.56862015631  7.468298E-14
4681.40523091429  6.917377E-14
4684.24184167227  6.087004E-14
4687.07845243025  7.664187E-14
4689.91506318823  7.845807E-14
4692.75167394621  6.670976E-14
4695.58828470419  8.682782E-14
4698.42489546217  6.268539E-14
4701.26150622015  6.090256E-14
4704.09811697813  6.135144E-14
4706.93472773611  4.989694E-14
4709.7713384941  5.178650E-14
4712.60794925208  3.325830E-14
4715.44456001006  4.763163E-14
4718.28117076804  5.551779E-14
4721.11778152602  5.667354E-14
4723.954392284  5.411598E-14
4726.79100304198  5.412773E-14
4729.62761379996  6.044222E-14
4732.46422455794  6.131501E-14
4735.30083531592  5.199881E-14
4738.13744607391  3.989758E-14
4740.97405683188  4.845962E-14
4743.81066758987  5.065671E-14
4746.64727834785  5.275336E-14
4749.48388910583  5.826151E-14
4752.32049986381  3.732151E-14
4755.15711062179  4.321459E-14
4757.99372137977  4.765993E-14
4760.83033213775  4.438928E-14
4763.66694289573  5.117108E-14
4766.50355365371  4.946201E-14
4769.34016441169  4.589027E-14
4772.17677516967  3.505478E-14
4775.01338592766  3.378825E-14
4777.84999668564  4.306324E-14
4780.68660744362  4.256239E-14
4783.5232182016  3.116674E-14
4786.35982895958  2.984246E-14
4789.19643971756  3.074512E-14
4792.03305047554  3.382594E-14
4794.86966123352  4.084111E-14
4797.7062719915  4.296907E-14
4800.54288274948  4.179130E-14
4803.37949350746  2.607831E-14
4806.21610426544  3.605118E-14
4809.05271502342  3.620738E-14
4811.88932578141  2.703162E-14
4814.72593653939  3.394238E-14
4817.56254729737  3.027338E-14
4820.39915805535  2.431634E-14
4823.23576881333  2.363043E-14
4826.07237957131  2.680495E-14
4828.90899032929  2.065976E-14
4831.74560108727  2.465548E-14
4834.58221184525  2.214657E-14
4837.41882260323  3.277306E-14
4840.25543336121  3.243253E-14
4843.0920441192  2.615496E-14
4845.92865487718  1.858539E-14
4848.76526563516  1.538883E-14
4851.60187639314  2.907904E-14
4854.43848715112  2.748480E-14
4857.2750979091  2.200090E-14
4860.11170866708  2.565414E-14
4862.94831942506  2.019555E-14
4865.78493018304  2.035373E-14
4868.62154094102  2.474575E-14
4871.458151699  2.526108E-14
4874.29476245698  2.744008E-14
4877.13137321497  2.757506E-14
4879.96798397295  2.339882E-14
4882.80459473093  2.570897E-14
4885.64120548891  2.037583E-14
4888.47781624689  2.422380E-14
4891.31442700487  2.718020E-14
4894.15103776285  1.504958E-14
4896.98764852083  2.325762E-14
4899.82425927881  2.488071E-14
4902.66087003679  1.661503E-14
4905.49748079477  1.667164E-14
4908.33409155275  2.509984E-14
4911.17070231074  2.025697E-14
4914.00731306872  2.370743E-14
4916.8439238267  3.034797E-14
4919.68053458468  2.687267E-14
4922.51714534266  2.981583E-14
4925.35375610064  3.300024E-14
4928.19036685862  2.806367E-14
4931.0269776166  2.067923E-14
4933.86358837458  2.375782E-14
4936.70019913256  2.663361E-14
4939.53680989054  2.656694E-14
4942.37342064852  2.187882E-14
4945.21003140651  2.221278E-14
4948.04664216449  1.930370E-14
4950.88325292247  1.766066E-14
4953.71986368045  1.853715E-14
4956.55647443843  1.521142E-14
4959.39308519641  2.086688E-14
4962.22969595439  2.001494E-14
4965.06630671237  1.734582E-14
4967.90291747035  1.287342E-14
4970.73952822833  1.887226E-14
4973.57613898631  2.192133E-14
4976.41274974429  1.910348E-14
4979.24936050228  1.627036E-14
4982.08597126026  2.003513E-14
4984.92258201824  2.318121E-14
4987.75919277622  1.943419E-14
4990.5958035342  1.537469E-14
4993.43241429218  1.725426E-14
4996.26902505016  1.477559E-14
4999.10563580814  1.565519E-14
5001.94224656612  1.628325E-14
5004.7788573241  1.706112E-14
5007.61546808208  1.697114E-14
5010.45207884006  1.976906E-14
5013.28868959805  1.899847E-14
5016.12530035603  1.824058E-14
5018.96191111401  1.914127E-14
5021.79852187199  1.880558E-14
5024.63513262997  1.640645E-14
5027.47174338795  2.164623E-14
5030.30835414593  2.086171E-14
5033.14496490391  1.951731E-14
5035.98157566189  2.111283E-14
5038.81818641987  2.161612E-14
5041.65479717785  2.035957E-14
5044.49140793583  1.948916E-14
5047.32801869382  2.012221E-14
5050.1646294518  1.584422E-14
5053.00124020978  1.800245E-14
5055.83785096776  1.839799E-14
5058.67446172574  1.513019E-14
5061.51107248372  1.664124E-14
5064.3476832417  1.756983E-14
5067.18429399968  1.773779E-14
5070.02090475766  2.187824E-14
5072.85751551564  1.473173E-14
5075.69412627362  1.286278E-14
5078.53073703161  1.781207E-14
5081.36734778959  1.804215E-14
5084.20395854757  1.538902E-14
5087.04056930555  1.092949E-14
5089.87718006353  1.466388E-14
5092.71379082151  1.062635E-14
5095.55040157949  1.020328E-14
5098.38701233747  1.671069E-14
5101.22362309545  1.548940E-14
5104.06023385343  1.041425E-14
5106.89684461141  1.336659E-14
5109.73345536939  1.323074E-14
5112.57006612737  1.395018E-14
5115.40667688536  1.552633E-14
5118.24328764334  1.446562E-14
5121.07989840132  1.417187E-14
5123.9165091593  1.292526E-14
5126.75311991728  1.693339E-14
5129.58973067526  1.457241E-14
5132.42634143324  1.381157E-14
5135.26295219122  1.198285E-14
5138.0995629492  1.492494E-14
5140.93617370718  1.428376E-14
5143.77278446516  1.198410E-14
5146.60939522315  1.515880E-14
5149.44600598113  1.391035E-14
5152.28261673911  9.826835E-15
5155.11922749709  2.314859E-14
5157.95583825507  3.771783E-14
5160.79244901305  8.769612E-15
5163.62905977103  1.289637E-14
5166.46567052901  8.460603E-15
5169.30228128699  8.570988E-15
5172.13889204497  1.005494E-14
5174.97550280295  1.336097E-14
5177.81211356093  1.455255E-14
5180.64872431892  1.335024E-14
5183.4853350769  1.211055E-14
5186.32194583488  8.594178E-15
5189.15855659286  9.258786E-15
5191.99516735084  8.173098E-15
5194.83177810882  9.153827E-15
5197.6683888668  9.443631E-15
5200.50499962478  9.998329E-15
5203.34161038276  7.936213E-15
5206.17822114074  9.073030E-15
5209.01483189872  7.089121E-15
5211.8514426567  8.049189E-15
5214.68805341468  1.074525E-14
5217.52466417267  1.041767E-14
5220.36127493065  1.040968E-14
5223.19788568863  9.887041E-15
5226.03449644661  9.682382E-15
5228.87110720459  9.191540E-15
5231.70771796257  7.945118E-15
5234.54432872055  9.364371E-15
5237.38093947853  1.010646E-14
5240.21755023651  1.056513E-14
5243.05416099449  1.009335E-14
5245.89077175247  6.846351E-15
5248.72738251045  6.166657E-15
5251.56399326844  8.272423E-15
5254.40060402642  9.122120E-15
5257.2372147844  9.840146E-15
5260.07382554238  9.242430E-15
5262.91043630036  8.082601E-15
5265.74704705834  1.015110E-14
5268.58365781632  1.339711E-14
5271.4202685743  1.256728E-14
5274.25687933228  9.193875E-15
5277.09349009026  9.623898E-15
5279.93010084824  1.083985E-14
5282.76671160623  1.059774E-14
5285.60332236421  9.083079E-15
5288.43993312219  8.056636E-15
5291.27654388017  9.449315E-15
5294.11315463815  8.256980E-15
5296.94976539613  6.675083E-15
5299.78637615411  1.005529E-14
5302.62298691209  1.026725E-14
5305.45959767007  9.567263E-15
5308.29620842805  8.743386E-15
5311.13281918603  7.292921E-15
5313.96942994401  7.758988E-15
5316.806040702  6.769308E-15
5319.64265145998  6.639502E-15
5322.47926221796  9.140732E-15
5325.31587297594  1.017865E-14
5328.15248373392  9.833443E-15
5330.9890944919  6.207722E-15
5333.82570524988  4.828623E-15
5336.66231600786  6.041630E-15
5339.49892676584  6.753386E-15
5342.33553752382  1.027670E-14
5345.1721482818  8.900605E-15
5348.00875903978  7.462315E-15
5350.84536979776  7.526244E-15
5353.68198055575  8.417676E-15
5356.51859131373  8.160732E-15
5359.35520207171  7.687068E-15
5362.19181282969  8.145207E-15
5365.02842358767  7.241767E-15
5367.86503434565  6.450270E-15
5370.70164510363  6.450827E-15
5373.53825586161  8.986596E-15
5376.37486661959  7.019904E-15
5379.21147737757  7.208563E-15
5382.04808813555  8.062190E-15
5384.88469889354  6.910135E-15
5387.72130965152  1.180191E-14
5390.5579204095  8.425309E-15
5393.39453116748  6.290740E-15
5396.23114192546  7.743013E-15
5399.06775268344  3.579410E-15
5401.90436344142  7.841308E-15
5404.7409741994  3.553971E-15
5407.57758495738  6.870288E-14
5410.41419571536  4.305699E-14
5413.25080647334  5.062673E-15
5416.08741723132  1.168302E-14
5418.9240279893  9.168179E-15
5421.76063874729  9.886071E-15
5424.59724950527  6.903717E-15
5427.43386026325  7.293059E-15
5430.27047102123  6.250142E-15
5433.10708177921  6.483172E-15
5435.94369253719  9.721589E-15
5438.78030329517  8.669911E-15
5441.61691405315  7.686743E-15
5444.45352481113  7.326702E-15
5447.29013556911  7.604097E-15
5450.12674632709  8.114275E-15
5452.96335708507  6.145069E-15
5455.79996784306  5.235533E-15
5458.63657860104  6.717193E-15
5461.47318935902  7.849566E-15
5464.309800117  6.698750E-15
5467.14641087498  7.122118E-15
5469.98302163296  7.854930E-15
5472.81963239094  5.910469E-15
5475.65624314892  7.164401E-15
5478.4928539069  7.889466E-15
5481.32946466488  6.378325E-15
5484.16607542287  7.456612E-15
5487.00268618085  6.545716E-15
5489.83929693882  6.699986E-15
5492.67590769681  7.760650E-15
5495.51251845479  6.977621E-15
5498.34912921277  6.454096E-15
5501.18573997075  7.305442E-15
5504.02235072873  8.487451E-15
5506.85896148671  8.273061E-15
5509.69557224469  8.104070E-15
5512.53218300267  8.840216E-15
5515.36879376065  8.204713E-15
5518.20540451863  9.484497E-15
5521.04201527661  9.888773E-15
5523.8786260346  9.083454E-15
5526.71523679258  9.616976E-15
5529.55184755056  1.045811E-14
5532.38845830854  1.181971E-14
5535.22506906652  1.326747E-14
5538.0616798245  1.411808E-14
5540.89829058248  1.418199E-14
5543.73490134046  1.486286E-14
5546.57151209844  1.590495E-14
5549.40812285642  1.723698E-14
5552.2447336144  1.935018E-14
5555.08134437239  2.045435E-14
5557.91795513037  2.219240E-14
5560.75456588835  2.203161E-14
5563.59117664633  2.588486E-14
5566.42778740431  7.740437E-15
5569.26439816229  -1.848840E-14
5572.10100892027  -2.291966E-14
5574.93761967825  -3.077385E-14
5577.77423043623  -3.338587E-14
5580.61084119421  -3.393602E-14
5583.44745195219  -3.543133E-14
5586.28406271017  -3.841556E-14
5589.12067346815  -4.222811E-14
5591.95728422614  -3.116495E-14
5594.79389498412  -8.665889E-15
5597.6305057421  4.987267E-15
5600.46711650008  4.910379E-15
5603.30372725806  4.716199E-15
5606.14033801604  4.168110E-15
5608.97694877402  3.097446E-15
5611.813559532  3.657116E-15
5614.65017028998  3.646390E-15
5617.48678104796  4.362378E-15
5620.32339180594  4.552401E-15
5623.16000256393  4.209475E-15
5625.99661332191  4.817571E-15
5628.83322407989  4.794178E-15
5631.66983483787  4.505414E-15
5634.50644559585  4.199461E-15
5637.34305635383  3.944513E-15
5640.17966711181  4.417025E-15
5643.01627786979  4.120302E-15
5645.85288862777  3.537464E-15
5648.68949938575  4.526204E-15
5651.52611014373  3.583920E-15
5654.36272090171  3.904490E-15
5657.1993316597  3.659907E-15
5660.03594241768  2.976070E-15
5662.87255317566  2.427300E-15
5665.70916393364  2.148563E-15
5668.54577469162  3.235416E-15
5671.3823854496  3.965299E-15
5674.21899620758  4.163550E-15
5677.05560696556  3.907984E-15
5679.89221772354  4.679838E-15
5682.72882848152  3.656453E-15
5685.5654392395  3.741943E-15
5688.40204999748  4.330462E-15
5691.23866075546  2.864511E-15
5694.07527151345  3.764154E-15
5696.91188227143  3.250336E-15
5699.74849302941  3.518175E-15
5702.58510378739  3.181532E-15
5705.42171454537  3.370959E-15
5708.25832530335  3.219952E-15
5711.09493606133  2.513633E-15
5713.93154681931  4.251588E-15
5716.76815757729  4.486988E-15
5719.60476833527  3.455851E-15
5722.44137909326  2.636487E-15
5725.27798985123  3.836465E-15
5728.11460060922  3.487327E-15
5730.9512113672  3.356731E-15
5733.78782212518  2.743664E-15
5736.62443288316  3.479513E-15
5739.46104364114  2.282601E-15
5742.29765439912  3.665559E-15
5745.1342651571  4.294081E-15
5747.97087591508  4.471956E-15
5750.80748667306  3.518950E-15
5753.64409743104  4.061425E-15
5756.48070818902  3.404551E-15
5759.317318947  2.995502E-15
5762.15392970499  3.428205E-15
5764.99054046297  3.776631E-15
5767.82715122095  3.988886E-15
5770.66376197893  4.191592E-15
5773.50037273691  4.096902E-15
5776.33698349489  3.529062E-15
5779.17359425287  3.649411E-15
5782.01020501085  3.080120E-15
5784.84681576883  3.060842E-15
5787.68342652681  3.521084E-15
5790.52003728479  3.292598E-15
5793.35664804278  4.930875E-15
5796.19325880076  3.131858E-15
5799.02986955874  3.252954E-15
5801.86648031672  2.808806E-15
5804.7030910747  3.302408E-15
5807.53970183268  3.880869E-15
5810.37631259066  2.667403E-15
5813.21292334864  3.479359E-15
5816.04953410662  4.371013E-15
5818.8861448646  3.873113E-15
5821.72275562258  4.204510E-15
5824.55936638056  3.054690E-15
5827.39597713854  3.275471E-15
5830.23258789653  3.577055E-15
5833.06919865451  3.864124E-15
5835.90580941249  4.188167E-15
5838.74242017047  4.875708E-15
5841.57903092845  4.265380E-15
5844.41564168643  3.274215E-15
5847.25225244441  4.293194E-15
5850.08886320239  3.865710E-15
5852.92547396037  4.358498E-15
5855.76208471835  4.856293E-15
5858.59869547633  2.387500E-15
5861.43530623432  4.607380E-15
5864.2719169923  4.438729E-15
5867.10852775028  5.114210E-15
5869.94513850826  5.044078E-15
5872.78174926624  3.898351E-15
5875.61836002422  5.792758E-15
5878.4549707822  3.511962E-15
5881.29158154018  -4.508322E-16
5884.12819229816  -3.055835E-16
5886.96480305614  -3.666404E-15
5889.80141381412  -4.304988E-15
5892.6380245721  -4.237042E-15
5895.47463533009  -2.985761E-15
5898.31124608807  -3.217136E-15
5901.14785684605  -4.360254E-15
5903.98446760403  -2.214463E-15
5906.82107836201  1.238528E-14
5909.65768911999  2.336502E-14
5912.49429987797  2.233365E-15
5915.33091063595  7.870994E-16
5918.16752139393  3.852942E-16
5921.00413215191  3.155920E-16
5923.84074290989  5.857093E-16
5926.67735366787  8.865500E-16
5929.51396442585  1.547336E-15
5932.35057518384  1.511142E-15
5935.18718594182  2.042566E-15
5938.0237966998  1.374666E-15
5940.86040745778  1.269870E-15
5943.69701821576  1.165925E-15
5946.53362897374  3.163164E-16
5949.37023973172  1.221110E-15
5952.2068504897  1.392616E-15
5955.04346124768  2.073740E-15
5957.88007200566  1.843255E-15
5960.71668276364  1.320007E-15
5963.55329352163  1.398478E-15
5966.38990427961  2.258298E-15
5969.22651503759  2.428439E-15
5972.06312579557  1.518845E-15
5974.89973655355  1.526983E-15
5977.73634731153  1.698403E-15
5980.57295806951  1.469522E-15
5983.40956882749  1.665687E-15
5986.24617958547  1.836635E-15
5989.08279034345  1.823539E-15
5991.91940110143  2.162945E-15
5994.75601185941  1.975379E-15
5997.5926226174  1.842613E-15
6000.42923337538  2.186703E-15
6003.26584413336  1.791618E-15
6006.10245489134  1.714857E-15
6008.93906564932  1.828443E-15
6011.7756764073  2.114673E-15
6014.61228716528  2.245564E-15
6017.44889792326  2.135579E-15
6020.28550868124  2.138798E-15
6023.12211943922  1.777509E-15
6025.9587301972  2.227728E-15
6028.79534095518  2.290893E-15
6031.63195171317  1.360070E-15
6034.46856247115  1.398109E-15
6037.30517322913  1.928525E-15
6040.14178398711  1.667581E-15
6042.97839474509  1.982214E-15
6045.81500550307  1.954719E-15
6048.65161626105  2.053175E-15
6051.48822701903  1.948934E-15
6054.32483777701  1.797768E-15
6057.16144853499  2.042296E-15
6059.99805929297  2.029512E-15
6062.83467005095  2.061237E-15
6065.67128080894  2.298491E-15
6068.50789156692  2.474937E-15
6071.3445023249  2.499561E-15
6074.18111308288  2.062486E-15
6077.01772384086  1.860021E-15
6079.85433459884  1.702363E-15
6082.69094535682  1.524286E-15
6085.5275561148  1.773999E-15
6088.36416687278  1.825499E-15
6091.20077763076  1.995242E-15
6094.03738838874  2.074781E-15
6096.87399914672  1.642726E-15
6099.71060990471  1.969129E-15
6102.54722066269  2.434611E-15
6105.38383142067  2.220902E-15
6108.22044217865  1.856003E-15
6111.05705293663  1.943604E-15
6113.89366369461  1.951686E-15
6116.73027445259  1.549591E-15
6119.56688521057  1.839298E-15
6122.40349596855  2.232659E-15
6125.24010672653  1.977601E-15
6128.07671748451  1.780335E-15
6130.91332824249  2.190279E-15
6133.74993900048  2.493596E-15
6136.58654975846  2.151562E-15
6139.42316051644  2.066008E-15
6142.25977127442  2.214954E-15
6145.0963820324  2.298921E-15
6147.93299279038  2.342502E-15
6150.76960354836  2.104398E-15
6153.60621430634  2.153110E-15
6156.44282506432  2.236922E-15
6159.2794358223  2.187032E-15
6162.11604658028  2.170618E-15
6164.95265733826  1.972355E-15
6167.78926809624  1.928146E-15
6170.62587885423  1.793407E-15
6173.46248961221  1.784967E-15
6176.29910037019  2.047006E-15
6179.13571112817  2.201805E-15
6181.97232188615  2.399391E-15
6184.80893264413  2.083475E-15
6187.64554340211  1.689197E-15
6190.48215416009  2.094939E-15
6193.31876491807  2.406449E-15
6196.15537567605  2.367543E-15
6198.99198643403  2.127702E-15
6201.82859719202  2.126658E-15
6204.66520795  2.325881E-15
6207.50181870798  2.382182E-15
6210.33842946596  2.359660E-15
6213.17504022394  1.860476E-15
6216.01165098192  2.022813E-15
6218.8482617399  2.501531E-15
6221.68487249788  2.287409E-15
6224.52148325586  1.617934E-15
6227.35809401384  1.216261E-15
6230.19470477182  1.363075E-15
6233.03131552981  1.201889E-15
6235.86792628779  1.439935E-15
6238.70453704577  1.488732E-15
6241.54114780375  1.633926E-15
6244.37775856173  1.591327E-15
6247.21436931971  7.917194E-16
6250.05098007769  7.657323E-16
6252.88759083567  1.188016E-15
6255.72420159365  7.922300E-16
6258.56081235163  1.260764E-15
6261.39742310961  1.904165E-15
6264.23403386759  2.292043E-15
6267.07064462557  1.907361E-15
6269.90725538356  1.993737E-15
6272.74386614154  2.085528E-15
6275.58047689952  1.849359E-15
6278.4170876575  2.124949E-15
6281.25369841548  2.564891E-15
6284.09030917346  2.494429E-15
6286.92691993144  1.300672E-15
6289.76353068942  4.899266E-16
6292.6001414474  -6.164096E-16
6295.43675220538  -4.153903E-16
6298.27336296336  -4.785637E-16
6301.10997372134  -8.207048E-16
6303.94658447932  -1.121225E-15
6306.78319523731  -1.834663E-15
6309.61980599529  -1.890146E-15
6312.45641675327  -5.675847E-16
6315.29302751125  1.197906E-16
6318.12963826923  7.578559E-16
6320.96624902721  8.774131E-16
6323.80285978519  1.568733E-15
6326.63947054317  1.331176E-15
6329.47608130115  9.783523E-16
6332.31269205913  1.182839E-15
6335.14930281711  1.325000E-15
6337.9859135751  9.876743E-16
6340.82252433308  1.185862E-15
6343.65913509106  1.545399E-15
6346.49574584904  1.722404E-15
6349.33235660702  1.115047E-15
6352.168967365  1.215517E-15
6355.00557812298  7.656942E-16
6357.84218888096  9.923212E-16
6360.67879963894  7.729907E-16
6363.51541039692  8.566174E-16
6366.3520211549  4.761026E-16
6369.18863191288  7.663162E-16
6372.02524267087  9.908617E-16
6374.86185342885  1.105740E-15
6377.69846418683  8.674036E-16
6380.53507494481  1.130807E-15
6383.37168570279  1.424727E-15
6386.20829646077  1.662226E-15
6389.04490721875  1.413510E-15
6391.88151797673  1.083102E-15
6394.71812873471  8.710418E-16
6397.55473949269  1.157194E-15
6400.39135025067  1.415646E-15
6403.22796100865  1.194131E-15
6406.06457176663  1.444406E-15
6408.90118252462  1.156048E-15
6411.7377932826  1.056281E-15
6414.57440404058  1.544567E-15
6417.41101479856  1.396826E-15
6420.24762555654  1.462877E-15
6423.08423631452  1.387734E-15
6425.9208470725  1.182986E-15
6428.75745783048  1.400442E-15
6431.59406858846  1.757488E-15
6434.43067934644  1.392451E-15
6437.26729010443  1.501951E-15
6440.10390086241  1.827977E-15
6442.94051162039  1.640451E-15
6445.77712237837  1.538407E-15
6448.61373313635  1.528926E-15
6451.45034389433  1.609291E-15
6454.28695465231  1.477603E-15
6457.12356541029  1.187487E-15
6459.96017616827  1.142122E-15
6462.79678692625  1.341115E-15
6465.63339768423  1.157488E-15
6468.47000844221  1.301646E-15
6471.3066192002  1.001175E-15
6474.14322995818  1.066192E-15
6476.97984071616  1.332093E-15
6479.81645147414  1.426208E-15
6482.65306223212  1.246194E-15
6485.4896729901  1.105615E-15
6488.32628374808  1.539959E-15
6491.16289450606  1.503759E-15
6493.99950526404  9.946482E-16
6496.83611602202  8.520135E-16
6499.67272678  1.241316E-15
6502.50933753798  1.048637E-15
6505.34594829597  1.088722E-15
6508.18255905395  1.089295E-15
6511.01916981193  1.145605E-15
6513.85578056991  1.522862E-15
6516.69239132789  1.514780E-15
6519.52900208587  1.536317E-15
6522.36561284385  1.591117E-15
6525.20222360183  1.507185E-15
6528.03883435981  1.497452E-15
6530.87544511779  1.083898E-15
6533.71205587577  1.269795E-15
6536.54866663375  1.454075E-15
6539.38527739174  1.274057E-15
6542.22188814971  1.244325E-15
6545.0584989077  8.698404E-16
6547.89510966568  6.355279E-16
6550.73172042366  1.179343E-17
6553.56833118164  2.460832E-16
6556.40494193962  2.482875E-16
6559.2415526976  1.827699E-16
6562.07816345558  -4.791628E-17
6564.91477421356  -6.632492E-16
6567.75138497154  8.351345E-17
6570.58799572952  -3.299433E-16
6573.4246064875  -6.617522E-16
6576.26121724549  7.222737E-16
6579.09782800347  6.191263E-16
6581.93443876145  6.587512E-16
6584.77104951943  7.370682E-16
6587.60766027741  6.927448E-16
6590.44427103539  6.085850E-16
6593.28088179337  9.668339E-16
6596.11749255135  8.818585E-16
6598.95410330933  1.016919E-15
6601.79071406731  9.952669E-16
6604.62732482529  1.464780E-15
6607.46393558327  8.964375E-16
6610.30054634126  9.357025E-16
6613.13715709924  9.678058E-16
6615.97376785722  8.502552E-16
6618.8103786152  1.034232E-15
6621.64698937318  1.095635E-15
6624.48360013116  9.132531E-16
6627.32021088914  1.039143E-15
6630.15682164712  1.010495E-15
6632.9934324051  9.043175E-16
6635.83004316308  9.969450E-16
6638.66665392106  8.513069E-16
6641.50326467904  8.950736E-16
6644.33987543702  8.250169E-16
6647.17648619501  9.313233E-16
6650.01309695299  1.282360E-15
6652.84970771097  1.002516E-15
6655.68631846895  1.156836E-15
6658.52292922693  1.215464E-15
6661.35953998491  1.181822E-15
6664.19615074289  8.332264E-16
6667.03276150087  1.001544E-15
6669.86937225885  1.032807E-15
6672.70598301683  1.166714E-15
6675.54259377482  1.058383E-15
6678.37920453279  1.398102E-15
6681.21581529078  1.021185E-15
6684.05242604876  8.623888E-16
6686.88903680674  1.294117E-15
6689.72564756472  1.122238E-15
6692.5622583227  9.379556E-16
6695.39886908068  1.149732E-15
6698.23547983866  1.252769E-15
6701.07209059664  1.017273E-15
6703.90870135462  8.285273E-16
6706.7453121126  1.138334E-15
6709.58192287058  5.975042E-16
6712.41853362857  8.291754E-16
6715.25514438655  7.657462E-16
6718.09175514453  9.227622E-16
6720.92836590251  9.894255E-16
6723.76497666049  5.496126E-16
6726.60158741847  4.584737E-16
6729.43819817645  5.326957E-16
6732.27480893443  8.536569E-16
6735.11141969241  7.633221E-16
6737.94803045039  4.750395E-16
6740.78464120837  8.669449E-16
6743.62125196635  9.445506E-16
6746.45786272434  8.482133E-16
6749.29447348232  1.005174E-15
6752.1310842403  8.256335E-16
6754.96769499828  7.705865E-16
6757.80430575626  8.062671E-16
6760.64091651424  8.754724E-16
6763.47752727222  1.241372E-15
6766.3141380302  9.994941E-16
6769.15074878818  8.286529E-16
6771.98735954616  9.711651E-16
6774.82397030414  1.166717E-15
6777.66058106213  8.640598E-16
6780.49719182011  8.308139E-16
6783.33380257809  8.093224E-16
6786.17041333607  1.108843E-15
6789.00702409405  1.298648E-15
6791.84363485203  1.385060E-15
6794.68024561001  1.307794E-15
6797.51685636799  1.338740E-15
6800.35346712597  1.342389E-15
6803.19007788395  1.264618E-15
6806.02668864193  1.288659E-15
6808.86329939991  1.360783E-15
6811.69991015789  1.325878E-15
6814.53652091588  1.260574E-15
6817.37313167386  1.018871E-15
6820.20974243184  7.968732E-16
6823.04635318982  6.094119E-16
6825.8829639478  4.236964E-16
6828.71957470578  3.143561E-16
6831.55618546376  6.000772E-16
6834.39279622174  4.848938E-16
6837.22940697972  8.803855E-17
6840.0660177377  5.371856E-16
6842.90262849568  5.876083E-16
6845.73923925367  1.012318E-15
6848.57585001165  8.928315E-16
6851.41246076963  3.521974E-16
6854.24907152761  3.929297E-16
6857.08568228559  7.013784E-16
6859.92229304357  3.288148E-16
6862.75890380155  5.902164E-16
6865.59551455953  3.074054E-16
6868.43212531751  3.768787E-16
6871.26873607549  7.627765E-17
6874.10534683347  4.020933E-16
6876.94195759145  5.459108E-16
6879.77856834943  8.870181E-16
6882.61517910742  7.684577E-16
6885.4517898654  6.376249E-16
6888.28840062338  4.087088E-16
6891.12501138136  8.217938E-16
6893.96162213934  7.687881E-16
6896.79823289732  9.313775E-16
6899.6348436553  7.766943E-16
6902.47145441328  6.187811E-16
6905.30806517126  1.046969E-15
6908.14467592924  5.919598E-16
6910.98128668722  5.195426E-16
6913.8178974452  4.305098E-16
6916.65450820319  3.222452E-16
6919.49111896117  1.703344E-16
6922.32772971915  5.609015E-16
6925.16434047713  4.645206E-16
6928.00095123511  6.378005E-16
6930.83756199309  5.092708E-16
6933.67417275107  4.048380E-16
6936.51078350905  2.785384E-16
6939.34739426703  3.778493E-16
6942.18400502501  3.177654E-16
6945.02061578299  5.331508E-16
6947.85722654097  3.168356E-16
6950.69383729896  5.953128E-16
6953.53044805694  5.025316E-16
6956.36705881492  4.375456E-16
6959.2036695729  3.414572E-16
6962.04028033088  4.116935E-16
6964.87689108886  8.776839E-16
6967.71350184684  4.615528E-16
6970.55011260482  5.566845E-16
6973.3867233628  3.980578E-16
6976.22333412078  5.444406E-16
6979.05994487876  3.724003E-16
6981.89655563674  5.705983E-16
6984.73316639472  6.975951E-16
6987.56977715271  4.878152E-16
6990.40638791069  7.533948E-16
6993.24299866867  7.364139E-16
6996.07960942665  6.918957E-16
6998.91622018463  7.651900E-16
7001.75283094261  6.888157E-16
7004.58944170059  5.883580E-16
7007.42605245857  6.291001E-16
7010.26266321655  5.685513E-16
7013.09927397453  6.844081E-16
7015.93588473251  6.855428E-16
7018.7724954905  7.922987E-16
7021.60910624848  9.454354E-16
7024.44571700646  8.384634E-16
7027.28232776444  9.470174E-16
7030.11893852242  7.890458E-16
7032.9555492804  6.697369E-16
7035.79216003838  6.454548E-16
7038.62877079636  7.276660E-16
7041.46538155434  7.618966E-16
7044.30199231232  5.930258E-16
7047.1386030703  6.778703E-16
7049.97521382829  6.043886E-16
7052.81182458627  6.225219E-16
7055.64843534425  6.213653E-16
7058.48504610223  3.976253E-16
7061.32165686021  3.655249E-16
7064.15826761819  6.430144E-16
7066.99487837617  5.621188E-16
7069.83148913415  6.904382E-16
7072.66809989213  6.479119E-16
7075.50471065011  5.652683E-16
7078.34132140809  5.930783E-16
7081.17793216607  6.757832E-16
7084.01454292405  6.218915E-16
7086.85115368204  6.906780E-16
7089.68776444002  8.273845E-16
7092.524375198  7.468796E-16
7095.36098595598  7.000001E-16
7098.19759671396  7.176139E-16
7101.03420747194  8.948913E-16
7103.87081822992  9.558782E-16
7106.7074289879  8.446679E-16
7109.54403974588  7.459080E-16
7112.38065050386  6.653396E-16
7115.21726126185  6.935145E-16
7118.05387201982  7.093438E-16
7120.89048277781  6.830203E-16
7123.72709353579  7.466308E-16
7126.56370429377  7.985709E-16
7129.40031505175  7.449048E-16
7132.23692580973  8.194876E-16
7135.07353656771  8.488977E-16
7137.91014732569  8.671381E-16
7140.74675808367  7.254513E-16
7143.58336884165  7.432613E-16
7146.41997959963  5.313176E-16
7149.25659035761  7.942073E-16
7152.09320111559  7.175022E-16
7154.92981187358  7.111712E-16
7157.76642263156  6.682060E-16
7160.60303338954  6.797820E-16
7163.43964414752  7.415454E-16
7166.2762549055  6.432913E-16
7169.11286566348  6.304881E-16
7171.94947642146  6.717699E-16
7174.78608717944  8.479966E-16
7177.62269793742  9.023980E-16
7180.4593086954  8.322179E-16
7183.29591945338  8.272889E-16
7186.13253021136  7.914278E-16
7188.96914096935  7.853518E-16
7191.80575172733  9.440965E-16
7194.64236248531  9.061065E-16
7197.47897324329  8.510052E-16
7200.31558400127  9.378092E-16
7203.15219475925  1.002538E-15
7205.98880551723  1.011983E-15
7208.82541627521  1.138025E-15
7211.66202703319  1.361965E-15
7214.49863779117  1.265062E-15
7217.33524854915  1.255312E-15
7220.17185930713  1.425311E-15
7223.00847006512  1.353338E-15
7225.8450808231  7.766997E-16
7228.68169158108  2.467700E-16
7231.51830233906  -2.027300E-16
7234.35491309704  -1.229810E-16
7237.19152385502  -1.488483E-16
7240.028134613  -3.234200E-16
7242.86474537098  -4.382019E-16
7245.70135612896  -4.925941E-16
7248.53796688694  -3.146283E-16
7251.37457764492  3.074131E-16
7254.2111884029  6.935958E-16
7257.04779916088  1.103610E-15
7259.88440991887  6.700035E-16
7262.72102067685  2.313994E-16
7265.55763143483  -1.742332E-17
7268.39424219281  -2.997075E-17
7271.23085295079  1.968338E-17
7274.06746370877  -1.687487E-16
7276.90407446675  -3.586508E-16
7279.74068522473  -3.187983E-16
7282.57729598271  -3.082245E-16
7285.41390674069  -2.689529E-16
7288.25051749868  3.791746E-16
7291.08712825666  4.701832E-16
7293.92373901464  6.211236E-16
7296.76034977262  8.794449E-16
7299.5969605306  8.371917E-16
7302.43357128858  3.824963E-16
7305.27018204656  1.628013E-16
7308.10679280454  2.529820E-16
7310.94340356252  2.883914E-16
7313.7800143205  1.040884E-16
7316.61662507848  2.265241E-16
7319.45323583646  1.637485E-16
7322.28984659444  3.081108E-16
7325.12645735243  -4.255098E-16
7327.96306811041  6.574932E-17
7330.79967886839  -3.669335E-17
7333.63628962637  -4.789965E-17
7336.47290038435  1.075051E-17
7339.30951114233  1.598558E-16
7342.14612190031  -1.813144E-17
7344.98273265829  -1.256381E-16
7347.81934341627  -6.147479E-17
7350.65595417425  3.100024E-16
7353.49256493223  -1.075507E-16
7356.32917569022  1.055399E-16
7359.1657864482  -2.488403E-17
7362.00239720618  -7.280688E-17
7364.83900796416  -2.750206E-16
7367.67561872214  -3.187833E-17
7370.51222948012  2.556839E-16
7373.3488402381  2.537722E-16
7376.18545099608  2.045930E-16
7379.02206175406  5.431995E-16
7381.85867251204  6.839407E-16
7384.69528327002  6.666436E-16
7387.531894028  3.186852E-16
7390.36850478599  2.116042E-16
7393.20511554397  1.684261E-16
7396.04172630195  2.357157E-16
7398.87833705993  1.333616E-16
7401.71494781791  2.701466E-16
7404.55155857589  4.995563E-16
7407.38816933387  3.896174E-16
7410.22478009185  4.311802E-16
7413.06139084983  6.624714E-16
7415.89800160781  6.127911E-16
7418.73461236579  6.059316E-16
7421.57122312377  4.987297E-16
7424.40783388175  4.232453E-16
7427.24444463974  4.955372E-16
7430.08105539772  4.735973E-16
7432.9176661557  3.933733E-16
7435.75427691368  4.461837E-16
7438.59088767166  4.565283E-16
7441.42749842964  5.192652E-16
7444.26410918762  4.953938E-16
7447.1007199456  4.760226E-16
7449.93733070358  6.832260E-16
7452.77394146156  7.136544E-16
7455.61055221954  7.298523E-16
7458.44716297753  5.897999E-16
7461.28377373551  5.386165E-16
7464.12038449349  3.476410E-16
7466.95699525147  2.395050E-16
7469.79360600945  2.036496E-16
7472.63021676743  2.296428E-16
7475.46682752541  2.482851E-16
7478.30343828339  1.538309E-16
7481.14004904137  2.315925E-16
7483.97665979935  2.867520E-16
7486.81327055733  3.948748E-16
7489.64988131531  4.845716E-16
7492.4864920733  6.278114E-16
7495.32310283127  7.632744E-16
7498.15971358926  6.924238E-16
7500.99632434724  7.326263E-16
7503.83293510522  6.848005E-16
7506.6695458632  5.825661E-16
7509.50615662118  3.730410E-16
7512.34276737916  1.973393E-16
7515.17937813714  2.210219E-16
7518.01598889512  1.698716E-16
7520.8525996531  1.127948E-16
7523.68921041108  1.277597E-16
7526.52582116906  9.189282E-17
7529.36243192705  1.871293E-16
7532.19904268503  2.362231E-16
7535.03565344301  4.587606E-16
7537.87226420099  5.208588E-16
7540.70887495897  6.585265E-16
7543.54548571695  6.010493E-16
7546.38209647493  5.150263E-16
7549.21870723291  6.427681E-16
7552.05531799089  6.657788E-16
7554.89192874887  4.350533E-16
7557.72853950685  3.652007E-16
7560.56515026483  3.674658E-16
7563.40176102281  3.222943E-16
7566.2383717808  3.435496E-16
7569.07498253878  3.508479E-16
7571.91159329676  3.947063E-16
7574.74820405474  2.580722E-16
7577.58481481272  1.693034E-16
7580.4214255707  2.880267E-16
7583.25803632868  3.888265E-16
7586.09464708666  4.350615E-16
7588.93125784464  5.059887E-16
7591.76786860262  5.236142E-16
7594.6044793606  5.203512E-16
7597.44109011858  5.853036E-16
7600.27770087657  6.052248E-16
7603.11431163455  6.166446E-16
7605.95092239253  6.111658E-16
7608.78753315051  6.247704E-16
7611.62414390849  5.688829E-16
7614.46075466647  5.983188E-16
7617.29736542445  5.559575E-16
7620.13397618243  4.680729E-16
7622.97058694041  4.639091E-16
7625.80719769839  5.471804E-16
7628.64380845638  5.677276E-16
7631.48041921436  5.607157E-16
7634.31702997234  5.963043E-16
7637.15364073032  6.634259E-16
7639.9902514883  7.917043E-16
7642.82686224628  7.809087E-16
7645.66347300426  5.960836E-16
7648.50008376224  5.747290E-16
7651.33669452022  6.716368E-16
7654.1733052782  7.082580E-16
7657.00991603618  6.938484E-16
7659.84652679416  6.875548E-16
7662.68313755215  7.518883E-16
7665.51974831013  8.157337E-16
7668.35635906811  8.158757E-16
7671.19296982609  8.439093E-16
7674.02958058407  9.211400E-16
7676.86619134205  9.671522E-16
7679.70280210003  9.744518E-16
7682.53941285801  9.755858E-16
7685.37602361599  1.006821E-15
7688.21263437397  1.072157E-15
7691.04924513195  1.210530E-15
7693.88585588993  1.006803E-15
7696.72246664791  6.220887E-16
7699.5590774059  1.625742E-16
7702.39568816388  -5.362505E-17
7705.23229892186  -5.368531E-17
7708.06890967984  -1.280874E-16
7710.90552043782  -2.862952E-16
7713.7421311958  -3.174714E-16
7716.57874195378  -3.881198E-16
7719.41535271176  -1.831552E-16
7722.25196346974  8.339272E-17
7725.08857422772  4.017724E-16
7727.92518498571  7.774970E-16
7730.76179574369  6.958405E-16
7733.59840650167  3.679591E-16
7736.43501725965  3.468730E-16
7739.27162801763  2.930173E-16
7742.10823877561  1.888859E-18
7744.94484953359  -1.416608E-16
7747.78146029157  -1.056635E-16
7750.61807104955  -1.402574E-16
7753.45468180753  -2.189310E-16
7756.29129256551  -3.267099E-16
7759.12790332349  1.614023E-16
7761.96451408147  4.116240E-16
7764.80112483945  4.048855E-16
7767.63773559744  5.262810E-16
7770.47434635542  6.916901E-16
7773.3109571134  7.445234E-16
7776.14756787138  3.693049E-16
7778.98417862936  3.749498E-17
7781.82078938734  8.941501E-17
7784.65740014532  1.824987E-16
7787.4940109033  3.305134E-16
7790.33062166128  2.253696E-16
7793.16723241926  8.421763E-17
7796.00384317724  8.319217E-17
7798.84045393523  8.257168E-18
7801.67706469321  1.921182E-16
7804.51367545119  1.798894E-16
7807.35028620917  5.867912E-17
7810.18689696715  6.027870E-17
7813.02350772513  1.948503E-17
7815.86011848311  8.985608E-17
7818.69672924109  1.994250E-16
7821.53333999907  1.682443E-16
7824.36995075705  1.208350E-16
7827.20656151503  1.145880E-16
7830.04317227301  5.329521E-16
7832.87978303099  7.818431E-16
7835.71639378898  4.229729E-16
7838.55300454696  1.725395E-16
7841.38961530494  4.807672E-17
7844.22622606292  -3.125291E-17
7847.0628368209  -1.687253E-16
7849.89944757888  -1.149828E-16
7852.73605833686  -2.510956E-16
7855.57266909484  -3.687932E-16
7858.40927985282  -5.036084E-16
7861.2458906108  -1.559434E-16
7864.08250136878  9.239086E-17
7866.91911212676  1.260324E-16
7869.75572288475  1.830349E-16
7872.59233364273  4.918918E-17
7875.42894440071  -6.590385E-17
7878.26555515869  1.100989E-16
7881.10216591667  2.805510E-16
7883.93877667465  2.923385E-16
7886.77538743263  3.476389E-16
7889.61199819061  5.142962E-16
7892.44860894859  6.641731E-16
7895.28521970657  1.055512E-16
7898.12183046455  -8.847871E-18
7900.95844122253  1.106916E-16
7903.79505198052  -4.616951E-17
7906.6316627385  -2.418846E-16
7909.46827349648  -1.966050E-16
7912.30488425446  -3.788717E-16
7915.14149501244  -4.880496E-16
7917.97810577042  -5.359115E-16
7920.8147165284  -1.891598E-16
7923.65132728638  -1.536996E-17
7926.48793804436  1.126520E-16
7929.32454880234  3.214250E-16
7932.16115956032  3.553508E-16
7934.9977703183  2.449918E-16
7937.83438107629  3.929146E-16
7940.67099183427  5.074569E-16
7943.50760259225  7.140505E-16
7946.34421335023  3.709964E-16
7949.18082410821  1.792229E-16
7952.01743486619  2.333659E-16
7954.85404562417  8.602521E-17
7957.69065638215  2.490104E-16
7960.52726714013  1.787587E-16
7963.36387789811  5.884751E-17
7966.20048865609  3.640320E-17
7969.03709941408  -1.025519E-16
7971.87371017206  3.009486E-16
7974.71032093004  7.756082E-18
7977.54693168802  -8.367493E-17
7980.383542446  -6.356671E-17
7983.22015320398  -1.278123E-16
7986.05676396196  -1.357775E-16
7988.89337471994  8.144995E-18
7991.72998547792  1.410404E-16
7994.5665962359  -3.422273E-17
7997.40320699388  -1.530116E-16
8000.23981775187  8.239966E-17
8003.07642850984  3.507093E-16
8005.91303926783  3.764305E-16
8008.74965002581  2.322252E-17
8011.58626078379  -6.646298E-17
8014.42287154177  -2.737849E-17
8017.25948229975  -1.361376E-16
8020.09609305773  -4.268479E-17
8022.93270381571  -2.900494E-17
8025.76931457369  3.701520E-17
8028.60592533167  3.456205E-17
8031.44253608965  -3.150193E-18
8034.27914684763  1.377141E-16
8037.11575760561  2.861277E-16
8039.9523683636  3.412272E-16
8042.78897912158  2.291615E-16
8045.62558987956  1.746325E-16
8048.46220063754  1.658973E-16
8051.29881139552  1.611051E-16
8054.1354221535  2.036726E-16
8056.97203291148  1.661279E-16
8059.80864366946  2.093124E-16
8062.64525442744  2.043062E-16
8065.48186518542  1.833510E-16
8068.3184759434  2.420848E-16
8071.15508670139  2.296962E-16
8073.99169745937  3.843415E-16
8076.82830821735  3.662434E-16
8079.66491897533  4.025519E-16
8082.50152973331  3.041662E-16
8085.33814049129  3.007447E-16
8088.17475124927  3.472154E-16
8091.01136200725  2.499799E-16
8093.84797276523  3.236926E-16
8096.68458352321  2.775411E-16
8099.52119428119  3.028900E-16
8102.35780503917  3.122086E-16
8105.19441579716  3.851602E-16
8108.03102655514  3.065408E-16
8110.86763731312  3.336936E-16
8113.7042480711  3.956489E-16
8116.54085882908  3.586336E-16
8119.37746958706  2.817677E-16
8122.21408034504  3.399928E-16
8125.05069110302  3.602201E-16
8127.887301861  3.247045E-16
8130.72391261898  2.861465E-16
8133.56052337696  3.262038E-16
8136.39713413494  2.767566E-16
8139.23374489292  3.060923E-16
8142.0703556509  2.865015E-16
8144.90696640889  3.295796E-16
8147.74357716687  3.624100E-16
8150.58018792485  3.507523E-16
8153.41679868283  3.571600E-16
8156.25340944081  3.867150E-16
8159.09002019879  3.752096E-16
8161.92663095677  3.865167E-16
8164.76324171475  4.301326E-16
8167.59985247273  3.828652E-16
8170.43646323071  3.637671E-16
8173.27307398869  4.494687E-16
8176.10968474667  3.989327E-16
8178.94629550466  3.592527E-16
8181.78290626264  3.926478E-16
8184.61951702062  3.826990E-16
8187.4561277786  3.886032E-16
8190.29273853658  4.257611E-16
8193.12934929456  3.906243E-16
8195.96596005254  4.323523E-16
8198.80257081052  3.752205E-16
8201.6391815685  3.948097E-16
8204.47579232648  4.211379E-16
8207.31240308446  4.370798E-16
8210.14901384245  4.589439E-16
8212.98562460043  4.447304E-16
8215.82223535841  4.914943E-16
8218.65884611639  5.286336E-16
8221.49545687437  5.232354E-16
8224.33206763235  4.905321E-16
8227.16867839033  4.624767E-16
8230.00528914831  5.387387E-16
8232.84189990629  5.283063E-16
8235.67851066427  5.774227E-16
8238.51512142225  5.801461E-16
8241.35173218023  5.754279E-16
8244.18834293822  6.119786E-16
8247.0249536962  6.590866E-16
8249.86156445418  7.015406E-16
8252.69817521216  7.219899E-16
8255.53478597014  7.740022E-16
8258.37139672812  8.163840E-16
8261.2080074861  7.471684E-16
8264.04461824408  6.492812E-16
8266.88122900206  5.918064E-16
8269.71783976004  4.716922E-16
8272.55445051802  3.445635E-16
8275.39106127601  3.012374E-16
8278.22767203399  1.376087E-16
8281.06428279197  -1.900661E-16
8283.90089354995  -3.776645E-16
8286.73750430793  -4.104705E-16
8289.57411506591  -2.962599E-16
8292.41072582389  -2.390777E-16
8295.24733658187  -1.574913E-16
8298.08394733985  3.484822E-17
8300.92055809783  6.618518E-17
8303.75716885581  1.414238E-16
8306.59377961379  3.806203E-16
8309.43039037178  6.086416E-16
8312.26700112976  6.916462E-16
8315.10361188774  7.549232E-16
8317.94022264572  8.122097E-16
8320.7768334037  1.022957E-15
8323.61344416168  8.693333E-16
8326.45005491966  2.536790E-16
8329.28666567764  4.139844E-16
8332.12327643562  9.029431E-16
8334.9598871936  5.219361E-16
8337.79649795158  -1.047501E-16
8340.63310870956  -3.645221E-16
8343.46971946755  -5.602797E-16
8346.30633022553  -7.784476E-16
8349.14294098351  -7.211796E-16
8351.97955174149  -4.098114E-16
8354.81616249947  2.705874E-16
8357.65277325745  3.338899E-16
8360.48938401543  4.326294E-16
8363.32599477341  5.144108E-16
8366.16260553139  3.712224E-16
8368.99921628937  4.269358E-16
8371.83582704735  4.894988E-16
8374.67243780533  6.931705E-16
8377.50904856331  5.683981E-16
8380.3456593213  2.949682E-16
8383.18227007928  -3.085708E-16
8386.01888083726  -1.051748E-16
8388.85549159524  -5.933386E-17
8391.69210235322  2.750855E-16
8394.5287131112  1.018261E-16
8397.36532386918  -8.722745E-17
8400.20193462716  -3.480630E-17
8403.03854538514  -2.012949E-17
8405.87515614312  -7.006288E-17
8408.7117669011  5.629950E-16
8411.54837765908  1.631741E-16
8414.38498841707  -2.807139E-16
8417.22159917505  -2.513662E-16
8420.05820993303  -3.518891E-16
8422.89482069101  -2.728670E-16
8425.73143144899  -3.740191E-18
8428.56804220697  -7.291154E-17
8431.40465296495  -1.704293E-16
8434.24126372293  -3.295857E-16
8437.07787448091  -2.316319E-16
8439.91448523889  5.448059E-16
8442.75109599687  3.733939E-16
8445.58770675485  4.168597E-16
8448.42431751284  -6.926546E-17
8451.26092827082  -6.550842E-17
8454.0975390288  -1.711571E-16
8456.93414978678  -6.705074E-17
8459.77076054476  -1.604962E-16
8462.60737130274  -3.808252E-17
8465.44398206072  -1.738086E-17
8468.2805928187  -2.431027E-17
8471.11720357668  1.033846E-16
8473.95381433466  3.405038E-16
8476.79042509264  3.728684E-16
8479.62703585062  4.744734E-16
8482.46364660861  4.083002E-16
8485.30025736659  3.468392E-16
8488.13686812457  1.131530E-16
8490.97347888255  9.149305E-17
8493.81008964053  7.411551E-17
8496.64670039851  2.140254E-17
8499.48331115649  4.879628E-17
8502.31992191447  9.541854E-17
8505.15653267245  1.409332E-16
8507.99314343043  1.768088E-16
8510.82975418841  1.770667E-16
8513.66636494639  3.811872E-16
8516.50297570438  3.837732E-16
8519.33958646236  4.142190E-16
8522.17619722034  3.567658E-16
8525.01280797832  3.866926E-16
8527.8494187363  3.860230E-16
8530.68602949428  3.646622E-16
8533.52264025226  3.232087E-16
8536.35925101024  2.727485E-16
8539.19586176822  2.630988E-16
8542.0324725262  2.728130E-16
8544.86908328418  3.056203E-16
8547.70569404217  3.179879E-16
8550.54230480014  3.228489E-16
8553.37891555813  3.322000E-16
8556.21552631611  4.094481E-16
8559.05213707409  4.724884E-16
8561.88874783207  4.730785E-16
8564.72535859005  4.558797E-16
8567.56196934803  4.793675E-16
8570.39858010601  4.849271E-16
8573.23519086399  5.033525E-16
8576.07180162197  5.128467E-16
8578.90841237995  5.092771E-16
8581.74502313794  5.162114E-16
8584.58163389592  5.252764E-16
8587.4182446539  5.462608E-16
8590.25485541188  5.923820E-16
8593.09146616986  5.999613E-16
8595.92807692784  6.440307E-16
8598.76468768582  6.402688E-16
8601.6012984438  6.016704E-16
8604.43790920178  5.621415E-16
8607.27451995976  4.898849E-16
8610.11113071774  3.531713E-16
8612.94774147573  2.542518E-16
8615.78435223371  1.728253E-16
8618.62096299168  8.092479E-17
8621.45757374967  2.410619E-19
8624.29418450765  5.979482E-17
8627.13079526563  8.239117E-17
8629.96740602361  1.191290E-16
8632.80401678159  1.405342E-16
8635.64062753957  1.135748E-16
8638.47723829755  1.080163E-16
8641.31384905553  9.402075E-17
8644.15045981351  5.249164E-17
8646.98707057149  -2.205631E-17
8649.82368132948  1.559169E-17
8652.66029208746  -6.388025E-17
8655.49690284544  -1.509916E-16
8658.33351360342  -1.836955E-16
8661.1701243614  -1.791696E-16
8664.00673511938  -1.407397E-16
8666.84334587736  -1.219892E-16
8669.67995663534  -3.345534E-17
8672.51656739332  1.066020E-16
8675.3531781513  8.647575E-17
8678.18978890928  2.584499E-16
8681.02639966726  2.451641E-16
8683.86301042525  3.252740E-16
8686.69962118323  3.256905E-16
8689.53623194121  3.347363E-16
8692.37284269919  3.429689E-16
8695.20945345717  3.820841E-16
8698.04606421515  4.120349E-16
8700.88267497313  4.587898E-16
8703.71928573111  4.712330E-16
8706.55589648909  5.007190E-16
8709.39250724707  5.116065E-16
8712.22911800505  5.197144E-16
8715.06572876303  5.667602E-16
8717.90233952101  5.714133E-16
8720.738950279  6.168485E-16
8723.57556103698  6.394817E-16
8726.41217179496  6.682839E-16
8729.24878255294  7.233975E-16
8732.08539331092  8.061885E-16
8734.9220040689  8.455047E-16
8737.75861482688  8.277647E-16
8740.59522558486  8.197469E-16
8743.43183634284  6.870015E-16
8746.26844710082  5.214656E-16
8749.1050578588  3.311845E-16
8751.94166861678  2.553011E-16
8754.77827937477  1.436415E-16
8757.61489013275  -3.067768E-17
8760.45150089073  -2.759713E-16
8763.28811164871  -3.775820E-16
8766.12472240669  -4.727165E-16
8768.96133316467  -2.561962E-16
8771.79794392265  -2.654836E-16
8774.63455468063  -1.160451E-16
8777.47116543861  -6.343799E-17
8780.30777619659  -3.151514E-17
8783.14438695457  9.359430E-17
8785.98099771256  3.751846E-16
8788.81760847053  5.374877E-16
8791.65421922852  6.858377E-16
8794.4908299865  6.722116E-16
8797.32744074448  7.617248E-16
8800.16405150246  9.046752E-16
8803.00066226044  1.028379E-15
8805.83727301842  8.756244E-16
8808.6738837764  2.914072E-16
8811.51049453438  1.118463E-16
8814.34710529236  -7.435143E-18
8817.18371605034  -2.044675E-16
8820.02032680832  -3.652268E-16
8822.85693756631  -4.516338E-16
8825.69354832429  -5.662657E-16
8828.53015908227  -6.803271E-16
8831.36676984025  -8.715564E-16
8834.20338059823  -3.028738E-16
8837.03999135621  7.911602E-17
8839.87660211419  1.807513E-16
8842.71321287217  3.470577E-16
8845.54982363015  5.718806E-16
8848.38643438813  4.837653E-16
8851.22304514611  4.581540E-16
8854.0596559041  4.694488E-16
8856.89626666208  5.238784E-16
8859.73287742006  6.131559E-16
8862.56948817804  7.209805E-16
8865.40609893602  5.220186E-16
8868.242709694  1.629546E-16
8871.07932045198  3.270313E-17
8873.91593120996  9.237455E-17
8876.75254196794  1.428824E-16
8879.58915272592  1.968921E-16
8882.4257634839  8.890159E-17
8885.26237424189  -8.453964E-17
8888.09898499986  -1.308473E-16
8890.93559575784  -1.696519E-16
8893.77220651583  2.069236E-16
8896.60881727381  7.787986E-16
8899.44542803179  3.759594E-16
8902.28203878977  1.560246E-17
8905.11864954775  -2.140658E-16
8907.95526030573  -1.900790E-16
8910.79187106371  -7.075721E-17
8913.62848182169  -4.086155E-17
8916.46509257967  -6.790332E-17
8919.30170333766  1.799905E-17
8922.13831409564  -1.612989E-16
8924.97492485362  -1.049661E-16
8927.8115356116  6.722115E-18
8930.64814636958  4.941133E-16
8933.48475712756  4.686646E-16
8936.32136788554  4.807015E-16
8939.15797864352  2.715211E-16
8941.9945894015  1.209902E-17
8944.83120015948  2.030530E-17
8947.66781091746  -5.205773E-17
8950.50442167544  3.915387E-17
8953.34103243343  6.105534E-17
8956.1776431914  5.099824E-17
8959.01425394938  2.102465E-17
8961.85086470737  8.630781E-17
8964.68747546535  2.728515E-16
8967.52408622333  3.085970E-16
8970.36069698131  4.751957E-16
8973.19730773929  4.098945E-16
8976.03391849727  4.109621E-16
8978.87052925525  4.254663E-16
8981.70714001323  3.301988E-16
8984.54375077121  1.973046E-16
8987.38036152919  9.830433E-17
8990.21697228718  1.267592E-16
8993.05358304516  1.174851E-16
8995.89019380314  1.428294E-16
8998.72680456112  2.135935E-16
9001.5634153191  2.525574E-16
9004.40002607708  2.011847E-16
9007.23663683506  2.720947E-16
9010.07324759304  3.734648E-16
9012.90985835102  4.811967E-16
9015.746469109  4.862815E-16
9018.58307986698  4.962418E-16
9021.41969062496  4.638463E-16
9024.25630138295  4.367739E-16
9027.09291214092  4.291315E-16
9029.92952289891  3.615744E-16
9032.76613365689  3.042042E-16
9035.60274441487  3.349350E-16
9038.43935517285  2.845526E-16
9041.27596593083  2.581338E-16
9044.11257668881  2.887269E-16
9046.94918744679  3.247683E-16
9049.78579820477  3.365870E-16
9052.62240896275  3.449892E-16
9055.45901972073  3.229700E-16
9058.29563047871  3.997823E-16
9061.1322412367  4.401098E-16
9063.96885199468  4.188311E-16
9066.80546275266  4.264757E-16
9069.64207351064  4.358640E-16
9072.47868426862  4.678408E-16
9075.3152950266  4.575014E-16
9078.15190578458  4.575310E-16
9080.98851654256  4.497853E-16
9083.82512730054  4.214982E-16
9086.66173805852  3.881306E-16
9089.4983488165  4.557455E-16
9092.33495957448  4.525418E-16
9095.17157033246  3.370118E-16
9098.00818109045  4.058080E-16
9100.84479184843  4.230201E-16
9103.68140260641  4.443954E-16
9106.51801336439  4.558133E-16
9109.35462412237  4.379340E-16
9112.19123488035  4.444315E-16
9115.02784563833  4.717057E-16
9117.86445639631  4.471494E-16
9120.70106715429  4.838380E-16
9123.53767791228  4.861660E-16
9126.37428867025  4.947653E-16
9129.21089942824  5.181289E-16
9132.04751018622  5.128840E-16
9134.8841209442  4.758308E-16
9137.72073170218  4.709687E-16
9140.55734246016  4.820009E-16
9143.39395321814  4.818361E-16
9146.23056397612  4.716973E-16
9149.0671747341  5.320170E-16
9151.90378549208  5.237084E-16
9154.74039625006  4.815024E-16
9157.57700700804  5.237783E-16
9160.41361776602  5.463625E-16
9163.25022852401  5.614851E-16
9166.08683928199  6.034631E-16
9168.92345003997  6.210857E-16
9171.76006079795  6.149615E-16
9174.59667155593  6.439647E-16
9177.43328231391  6.614617E-16
9180.26989307189  6.906286E-16
9183.10650382987  7.064580E-16
9185.94311458785  7.231132E-16
9188.77972534583  7.376706E-16
9191.61633610382  7.668785E-16
9194.4529468618  7.974845E-16
9197.28955761978  7.945324E-16
9200.12616837776  7.962351E-16
9202.96277913574  8.216973E-16
9205.79938989372  8.320982E-16
9208.6360006517  8.331026E-16
9211.47261140968  8.495257E-16
9214.30922216766  8.372401E-16
9217.14583292564  8.961155E-16
9219.98244368362  9.582863E-16
9222.8190544416  9.594833E-16
9225.65566519958  9.912744E-16
9228.49227595756  9.934012E-16
9231.32888671555  1.080326E-15
9234.16549747353  1.135753E-15
9237.00210823151  1.146345E-15
9239.83871898949  1.196032E-15
9242.67532974747  1.222879E-15
9245.51194050545  1.309522E-15
9248.34855126343  1.358271E-15
9251.18516202141  1.390347E-15
9254.02177277939  1.484742E-15
9256.85838353737  1.539580E-15
9259.69499429536  1.591979E-15
9262.53160505334  1.715621E-15
9265.36821581132  1.796671E-15
9268.2048265693  1.912605E-15
9271.04143732728  2.015770E-15
9273.87804808526  2.100491E-15
9276.71465884324  2.272694E-15
9279.55126960122  2.153264E-15
9282.3878803592  2.325475E-15
9285.22449111718  2.608318E-15
9288.06110187516  2.558577E-15
9290.89771263314  2.505213E-15
9293.73432339112  2.413264E-15
9296.5709341491  2.243940E-15
9299.40754490709  2.280650E-15
9302.24415566507  2.307518E-15
9305.08076642305  2.605212E-15
9307.91737718103  3.006912E-15
9310.75398793901  2.201474E-15
9313.59059869699  1.622797E-15
9316.42720945497  2.037370E-15
9319.26382021295  2.096122E-15
9322.10043097093  2.698146E-15
9324.93704172891  2.909053E-15
9327.77365248689  3.162904E-15
9330.61026324488  3.697927E-15
9333.44687400285  4.384953E-15
9336.28348476084  4.740802E-15
9339.12009551882  5.026800E-15
9341.9567062768  4.968301E-15
9344.79331703478  4.887165E-15
9347.62992779276  4.864034E-15
9350.46653855074  4.771840E-15
9353.30314930872  4.693815E-15
9356.1397600667  4.283240E-15
9358.97637082468  3.385117E-15
9361.81298158266  3.286788E-15
9364.64959234064  3.099793E-15
9367.48620309863  3.017893E-15
9370.32281385661  2.922437E-15
9373.15942461459  2.959832E-15
9375.99603537257  2.876974E-15
9378.83264613055  2.758602E-15
9381.66925688853  2.730324E-15
9384.50586764651  3.169732E-15
9387.34247840449  3.474801E-15
9390.17908916247  3.558542E-15
9393.01569992045  3.661276E-15
9395.85231067843  3.856693E-15
9398.68892143641  3.963226E-15
9401.5255321944  4.000202E-15
9404.36214295238  4.088978E-15
9407.19875371036  4.217275E-15
9410.03536446834  4.434696E-15
9412.87197522632  4.573839E-15
9415.7085859843  4.721671E-15
9418.54519674228  4.737448E-15
9421.38180750026  4.827803E-15
9424.21841825824  5.225625E-15
9427.05502901622  5.304007E-15
9429.8916397742  5.694473E-15
9432.72825053218  6.181593E-15
9435.56486129017  6.697576E-15
9438.40147204815  7.255876E-15
9441.23808280613  8.058487E-15
9444.07469356411  9.254409E-15
9446.91130432209  1.122658E-14
9449.74791508007  1.420276E-14
9452.58452583805  1.956253E-14
9455.42113659603  2.933844E-14
9458.25774735401  3.185535E-14
9461.09435811199  1.760338E-14
9463.93096886997  9.679058E-15
9466.76757962796  1.453013E-14
9469.60419038594  1.024799E-14
9472.44080114391  -1.048500E-15
9475.2774119019  3.089106E-16
9478.11402265988  -6.319725E-17
9480.95063341786  2.989391E-18
9483.78724417584  -4.368193E-17
9486.62385493382  1.408045E-17
9489.4604656918  2.848047E-17
9492.29707644978  -2.178619E-17
9495.13368720776  -1.745812E-17
9497.97029796574  5.468441E-17
9500.80690872373  6.155225E-17
9503.64351948171  -3.726825E-17
9506.48013023969  -2.710316E-18
9509.31674099767  -3.084383E-17
9512.15335175565  1.153804E-17
9514.98996251363  5.375246E-17
9517.82657327161  8.550339E-18
9520.66318402959  6.029926E-17
9523.49979478757  6.269951E-17
9526.33640554555  6.635606E-17
9529.17301630354  -1.044191E-16
9532.00962706151  1.024847E-17
9534.8462378195  -6.371831E-18
9537.68284857748  -2.445181E-18
9540.51945933546  -1.129792E-17
9543.35607009344  8.590755E-18
9546.19268085142  -1.577634E-17
9549.0292916094  -2.219511E-17
9551.86590236738  3.129809E-17
9554.70251312536  -3.737347E-19
9557.53912388334  2.490426E-17
9560.37573464132  3.460491E-17
9563.2123453993  3.188665E-18
9566.04895615728  -5.251975E-18
9568.88556691527  -2.219197E-18
9571.72217767325  -1.488072E-17
9574.55878843123  1.390160E-17
9577.39539918921  1.608920E-17
9580.23200994719  -2.627085E-18
9583.06862070517  1.759606E-18
9585.90523146315  5.873541E-18
9588.74184222113  5.875164E-18
9591.57845297911  9.868837E-18
9594.41506373709  2.142589E-17
9597.25167449507  2.386802E-17
9600.08828525306  8.943301E-18
9602.92489601103  6.301966E-18
9605.76150676902  -1.228056E-17
9608.598117527  1.319236E-17
9611.43472828498  1.361443E-17
9614.27133904296  3.766647E-18
9617.10794980094  -1.749836E-17
9619.94456055892  1.104768E-17
9622.7811713169  3.108915E-17
9625.61778207488  -7.288681E-18
9628.45439283286  -1.807367E-17
9631.29100359084  -8.711069E-18
9634.12761434882  1.194710E-17
9636.96422510681  7.438531E-18
9639.80083586479  6.581595E-18
9642.63744662277  9.821257E-18
9645.47405738075  7.552712E-18
9648.31066813873  -2.155179E-18
9651.14727889671  1.963573E-17
9653.98388965469  2.600438E-17
9656.82050041267  6.812556E-18
9659.65711117065  -2.937748E-18
9662.49372192863  -7.036612E-18
9665.33033268661  6.360304E-18
9668.16694344459  1.898325E-17
9671.00355420257  2.007109E-17
9673.84016496056  3.598713E-17
9676.67677571854  1.864237E-17
9679.51338647652  1.462638E-16
9682.3499972345  3.484318E-16
9685.18660799248  2.916657E-17
9688.02321875046  -2.873010E-17
9690.85982950844  5.531176E-18
9693.69644026642  2.166511E-17
9696.5330510244  2.312699E-17
9699.36966178238  1.720718E-17
9702.20627254036  9.993344E-18
9705.04288329834  9.340289E-18
9707.87949405633  1.814892E-17
9710.71610481431  1.769983E-17
9713.55271557229  -1.013680E-17
9716.38932633027  1.589972E-17
9719.22593708825  2.314506E-17
9722.06254784623  1.162262E-17
9724.89915860421  8.973144E-18
9727.73576936219  -9.947254E-19
9730.57238012017  1.101318E-17
9733.40899087815  6.078929E-18
9736.24560163613  6.833880E-18
9739.08221239412  7.230264E-18
9741.91882315209  1.197518E-17
9744.75543391008  1.733532E-17
9747.59204466806  1.779592E-18
9750.42865542604  2.436249E-18
9753.26526618402  1.116249E-17
9756.101876942  -5.146715E-18
9758.93848769998  9.245285E-18
9761.77509845796  1.012961E-17
9764.61170921594  -6.124750E-18
9767.44831997392  7.633653E-18
9770.2849307319  1.010301E-17
9773.12154148989  1.173632E-19
9775.95815224787  -2.271260E-18
9778.79476300585  2.906372E-17
9781.63137376383  2.297959E-18
9784.46798452181  -1.315792E-17
9787.30459527979  -5.256415E-18
9790.14120603777  -1.417480E-17
9792.97781679575  1.753432E-17
9795.81442755373  6.965371E-18
9798.65103831171  -3.398972E-17
9801.48764906969  1.650394E-17
9804.32425982768  1.199060E-17
9807.16087058566  -1.860867E-17
9809.99748134363  -4.020447E-18
9812.83409210162  3.532663E-18
9815.6707028596  1.631127E-17
9818.50731361758  7.126607E-18
9821.34392437556  2.528910E-18
9824.18053513354  1.134840E-17
9827.01714589152  2.285584E-17
9829.8537566495  2.593987E-17
9832.69036740748  3.251038E-17
9835.52697816546  3.591068E-17
9838.36358892345  3.495580E-17
9841.20019968143  3.488494E-17
9844.03681043941  3.481590E-17
