4629.08293090116  5.761536E-19
4631.9224022259  7.752045E-19
4634.76187355064  8.226264E-19
4637.60134487538  -1.468642E-18
4640.44081620012  -2.328645E-18
4643.28028752486  2.967848E-19
4646.11975884959  -4.935624E-19
4648.95923017433  3.443191E-18
4651.79870149907  -1.490462E-19
4654.63817282381  9.883488E-19
4657.47764414854  -1.117830E-18
4660.31711547328  -2.628274E-18
4663.15658679802  -2.565072E-18
4665.99605812276  9.380873E-19
4668.8355294475  8.183158E-19
4671.67500077224  -9.530891E-19
4674.51447209697  -9.177825E-19
4677.35394342171  -5.419432E-20
4680.19341474645  -1.867926E-19
4683.03288607119  2.150238E-19
4685.87235739592  1.384676E-18
4688.71182872066  1.333675E-18
4691.5513000454  9.302744E-19
4694.39077137014  3.468224E-19
4697.23024269488  7.855963E-19
4700.06971401962  4.130749E-20
4702.90918534435  -8.874347E-19
4705.74865666909  -3.896900E-19
4708.58812799383  -3.207129E-20
4711.42759931857  7.077547E-20
4714.2670706433  1.260149E-18
4717.10654196804  1.887544E-18
4719.94601329278  7.783967E-20
4722.78548461752  2.960603E-19
4725.62495594226  1.221374E-18
4728.464427267  8.022259E-20
4731.30389859173  8.490516E-20
4734.14336991647  1.195061E-18
4736.98284124121  5.984845E-19
4739.82231256595  9.101896E-19
4742.66178389068  1.176603E-18
4745.50125521542  2.995264E-19
4748.34072654016  -6.885171E-19
4751.1801978649  -8.048810E-20
4754.01966918964  -5.508964E-19
4756.85914051437  -6.177354E-20
4759.69861183911  4.734432E-19
4762.53808316385  -4.675439E-19
4765.37755448859  -4.481420E-19
4768.21702581333  1.503880E-19
4771.05649713806  3.430486E-19
4773.8959684628  -6.574156E-20
4776.73543978754  -2.999858E-19
4779.57491111228  -1.249227E-18
4782.41438243702  4.170999E-19
4785.25385376175  -1.038022E-18
4788.09332508649  5.073489E-20
4790.93279641123  3.512111E-19
4793.77226773597  -1.720306E-19
4796.61173906071  8.927076E-19
4799.45121038544  9.911840E-19
4802.29068171018  8.459921E-19
4805.13015303492  9.914287E-19
4807.96962435966  -8.439070E-20
4810.8090956844  2.321274E-19
4813.64856700913  3.132967E-19
4816.48803833387  3.283288E-19
4819.32750965861  -1.015615E-19
4822.16698098335  -5.813279E-19
4825.00645230809  -2.723054E-20
4827.84592363282  6.664222E-19
4830.68539495756  1.652594E-19
4833.5248662823  2.368943E-19
4836.36433760704  8.168686E-19
4839.20380893178  4.805941E-19
4842.04328025651  5.239020E-19
4844.88275158125  6.231269E-19
4847.72222290599  -2.861830E-19
4850.56169423073  -5.082646E-19
4853.40116555547  -2.440964E-19
4856.24063688021  1.478499E-20
4859.08010820494  3.235945E-20
4861.91957952968  3.270740E-19
4864.75905085442  2.896099E-19
4867.59852217916  4.490934E-20
4870.43799350389  -7.020693E-19
4873.27746482863  -9.399036E-19
4876.11693615337  8.108871E-20
4878.95640747811  4.148568E-19
4881.79587880285  3.083327E-19
4884.63535012758  7.812475E-19
4887.47482145232  9.279482E-19
4890.31429277706  -5.525728E-19
4893.1537641018  1.307050E-19
4895.99323542654  1.312917E-18
4898.83270675127  3.894233E-19
4901.67217807601  1.882220E-18
4904.51164940075  8.501788E-20
4907.35112072549  1.043582E-20
4910.19059205023  4.845426E-19
4913.03006337496  1.480510E-18
4915.8695346997  5.050663E-19
4918.70900602444  4.351856E-19
4921.54847734918  -5.069399E-19
4924.38794867392  8.025676E-19
4927.22741999865  3.126687E-19
4930.06689132339  2.303650E-18
4932.90636264813  7.692762E-19
4935.74583397287  6.131020E-19
4938.58530529761  9.815698E-19
4941.42477662234  1.574751E-19
4944.26424794708  -3.529089E-20
4947.10371927182  7.008041E-19
4949.94319059656  -2.135554E-19
4952.7826619213  3.394428E-19
4955.62213324603  6.424391E-19
4958.46160457077  -1.138203E-19
4961.30107589551  7.762923E-19
4964.14054722025  1.215805E-18
4966.98001854499  1.245324E-19
4969.81948986973  2.506632E-19
4972.65896119446  4.946828E-19
4975.4984325192  8.570455E-19
4978.33790384394  6.230941E-19
4981.17737516868  6.325601E-19
4984.01684649341  2.841713E-19
4986.85631781815  4.347344E-19
4989.69578914289  7.622032E-19
4992.53526046763  1.129786E-18
4995.37473179237  6.091210E-19
4998.2142031171  4.314846E-19
5001.05367444184  2.871941E-19
5003.89314576658  5.199625E-19
5006.73261709132  4.226221E-19
5009.57208841606  2.059953E-19
5012.4115597408  -5.660104E-20
5015.25103106553  5.088086E-19
5018.09050239027  9.227135E-19
5020.92997371501  1.272232E-18
5023.76944503975  1.010015E-18
5026.60891636448  4.839275E-19
5029.44838768922  7.601114E-19
5032.28785901396  4.158152E-19
5035.1273303387  9.782231E-19
5037.96680166344  1.606495E-18
5040.80627298817  5.310820E-19
5043.64574431291  7.744522E-19
5046.48521563765  9.750182E-19
5049.32468696239  2.485022E-19
5052.16415828713  6.105172E-19
5055.00362961186  1.148529E-18
5057.8431009366  6.024729E-19
5060.68257226134  1.008916E-18
5063.52204358608  1.610561E-18
5066.36151491082  1.048318E-18
5069.20098623555  -1.160031E-19
5072.04045756029  5.826227E-19
5074.87992888503  6.357760E-19
5077.71940020977  1.594903E-18
5080.55887153451  1.045645E-18
5083.39834285924  1.592857E-18
5086.23781418398  -3.609362E-19
5089.07728550872  2.038447E-19
5091.91675683346  4.782680E-19
5094.7562281582  4.237697E-19
5097.59569948293  2.780372E-19
5100.43517080767  1.355180E-18
5103.27464213241  1.444626E-18
5106.11411345715  3.636498E-19
5108.95358478189  -1.365736E-19
5111.79305610663  3.872344E-19
5114.63252743136  3.604720E-19
5117.4719987561  8.008291E-19
5120.31147008084  8.039232E-19
5123.15094140558  6.425694E-19
5125.99041273031  4.754546E-19
5128.82988405505  -1.110275E-18
5131.66935537979  2.814042E-19
5134.50882670453  1.652192E-18
5137.34829802927  1.119709E-18
5140.187769354  9.771197E-19
5143.02724067874  8.880847E-19
5145.86671200348  1.329115E-18
5148.70618332822  1.187915E-17
5151.54565465296  5.018422E-17
5154.38512597769  5.103071E-17
5157.22459730243  1.135509E-17
5160.06406862717  -7.747893E-19
5162.90353995191  1.959188E-19
5165.74301127665  -4.311774E-20
5168.58248260139  4.072938E-19
5171.42195392612  -3.595885E-19
5174.26142525086  5.470809E-19
5177.1008965756  3.480843E-19
5179.94036790034  -1.019034E-18
5182.77983922508  3.824565E-19
5185.61931054981  9.353587E-19
5188.45878187455  5.377952E-19
5191.29825319929  -3.900683E-19
5194.13772452403  3.735346E-19
5196.97719584876  2.438310E-19
5199.8166671735  5.371744E-19
5202.65613849824  9.565538E-19
5205.49560982298  3.237121E-19
5208.33508114772  2.982353E-19
5211.17455247245  7.867563E-19
5214.01402379719  1.329973E-18
5216.85349512193  1.450652E-18
5219.69296644667  8.254513E-19
5222.53243777141  8.765079E-20
5225.37190909614  1.370974E-19
5228.21138042088  1.083641E-18
5231.05085174562  9.310310E-19
5233.89032307036  1.550443E-18
5236.7297943951  1.030040E-18
5239.56926571984  1.191114E-18
5242.40873704457  1.634306E-18
5245.24820836931  -6.820610E-20
5248.08767969405  3.524864E-19
5250.92715101879  3.042167E-19
5253.76662234352  1.048813E-18
5256.60609366826  1.051044E-18
5259.445564993  -2.969306E-20
5262.28503631774  -1.370933E-19
5265.12450764248  8.218587E-19
5267.96397896721  4.384073E-19
5270.80345029195  6.478506E-19
5273.64292161669  3.938616E-19
5276.48239294143  -1.022022E-19
5279.32186426617  -3.543948E-19
5282.1613355909  1.164155E-18
5285.00080691564  5.712984E-19
5287.84027824038  2.640588E-19
5290.67974956512  1.030140E-18
5293.51922088986  9.799124E-19
5296.35869221459  1.428174E-18
5299.19816353933  9.000910E-19
5302.03763486407  1.041415E-18
5304.87710618881  5.948623E-19
5307.71657751355  2.972829E-19
5310.55604883828  8.843556E-19
5313.39552016302  1.315436E-18
5316.23499148776  8.664764E-19
5319.0744628125  8.814228E-19
5321.91393413724  1.959183E-19
5324.75340546197  2.146029E-18
5327.59287678671  9.011727E-19
5330.43234811145  5.076656E-19
5333.27181943619  8.496615E-19
5336.11129076093  8.191393E-19
5338.95076208566  2.543728E-19
5341.7902334104  7.412667E-19
5344.62970473514  1.664757E-18
5347.46917605988  2.110371E-18
5350.30864738462  8.665479E-19
5353.14811870935  6.190768E-21
5355.98759003409  -2.591339E-19
5358.82706135883  9.628710E-19
5361.66653268357  8.015815E-19
5364.50600400831  9.331854E-19
5367.34547533304  6.727806E-19
5370.18494665778  -7.871754E-21
5373.02441798252  9.960762E-19
5375.86388930726  1.252102E-18
5378.703360632  1.510283E-19
5381.54283195673  1.056005E-18
5384.38230328147  3.432963E-20
5387.22177460621  5.880714E-19
5390.06124593095  3.611973E-19
5392.90071725569  1.673719E-18
5395.74018858042  7.450307E-19
5398.57965990516  6.664987E-19
5401.4191312299  7.555935E-19
5404.25860255464  -2.311286E-19
5407.09807387938  2.282935E-20
5409.93754520411  4.160700E-19
5412.77701652885  1.178526E-18
5415.61648785359  1.297107E-18
5418.45595917833  2.125148E-19
5421.29543050307  -2.840375E-19
5424.1349018278  4.792418E-19
5426.97437315254  5.370251E-19
5429.81384447728  9.918137E-19
5432.65331580202  1.072578E-18
5435.49278712676  8.413016E-19
5438.33225845149  5.720280E-19
5441.17172977623  6.718037E-19
5444.01120110097  7.385049E-19
5446.85067242571  2.361801E-19
5449.69014375045  9.801482E-19
5452.52961507518  1.240256E-18
5455.36908639992  9.635627E-19
5458.20855772466  1.295729E-18
5461.0480290494  1.121961E-18
5463.88750037414  5.702450E-19
5466.72697169887  2.577359E-19
5469.56644302361  8.495022E-19
5472.40591434835  1.617400E-18
5475.24538567309  2.413531E-18
5478.08485699783  1.437674E-18
5480.92432832256  1.448240E-19
5483.7637996473  3.364668E-19
5486.60327097204  4.033825E-19
5489.44274229678  3.297292E-19
5492.28221362152  1.134205E-18
5495.12168494625  1.622615E-18
5497.96115627099  1.185892E-18
5500.80062759573  9.720786E-19
5503.64009892047  1.373715E-18
5506.47957024521  1.005433E-18
5509.31904156994  7.550673E-19
5512.15851289468  4.134581E-19
5514.99798421942  5.921575E-20
5517.83745554416  1.158604E-18
5520.6769268689  1.910849E-18
5523.51639819363  7.624862E-19
5526.35586951837  5.548030E-19
5529.19534084311  7.163014E-19
5532.03481216785  8.455574E-19
5534.87428349259  6.242145E-19
5537.71375481732  5.439909E-19
5540.55322614206  1.075897E-18
5543.3926974668  3.723422E-19
5546.23216879154  2.234337E-19
5549.07164011628  -5.833776E-19
5551.91111144101  -9.290866E-19
5554.75058276575  5.597536E-19
5557.59005409049  4.218795E-19
5560.42952541523  1.268699E-18
5563.26899673996  -5.925269E-18
5566.1084680647  5.366189E-18
5568.94793938944  -5.760118E-19
5571.78741071418  -3.044490E-18
5574.62688203892  -9.215782E-19
5577.46635336365  -3.609790E-18
5580.30582468839  1.381518E-18
5583.14529601313  8.395224E-19
5585.98476733787  4.230933E-19
5588.82423866261  3.735885E-18
5591.66370998735  1.106680E-17
5594.50318131208  -9.189436E-18
5597.34265263682  2.844292E-18
5600.18212396156  8.284697E-19
5603.0215952863  2.245305E-18
5605.86106661104  5.612139E-19
5608.70053793577  5.391241E-19
5611.54000926051  1.387486E-18
5614.37948058525  9.676686E-19
5617.21895190999  7.671497E-19
5620.05842323473  7.755165E-19
5622.89789455946  1.181066E-18
5625.7373658842  1.509983E-18
5628.57683720894  8.581817E-19
5631.41630853368  1.675600E-18
5634.25577985842  1.661863E-18
5637.09525118315  1.710751E-18
5639.93472250789  1.053950E-19
5642.77419383263  4.356673E-19
5645.61366515737  1.111766E-18
5648.45313648211  6.546842E-19
5651.29260780684  2.589742E-19
5654.13207913158  1.360825E-18
5656.97155045632  7.376945E-19
5659.81102178106  6.462349E-19
5662.6504931058  1.002695E-18
5665.48996443053  1.894409E-18
5668.32943575527  1.545896E-18
5671.16890708001  3.434479E-19
5674.00837840475  7.325180E-19
5676.84784972949  1.257199E-18
5679.68732105422  9.030496E-19
5682.52679237896  1.194574E-18
5685.3662637037  4.888717E-19
5688.20573502844  5.009497E-19
5691.04520635318  7.222671E-19
5693.88467767791  1.957845E-17
5696.72414900265  2.176182E-17
5699.56362032739  -9.377105E-19
5702.40309165213  2.003514E-18
5705.24256297687  9.711550E-19
5708.0820343016  2.268277E-18
5710.92150562634  1.267765E-18
5713.76097695108  1.772030E-18
5716.60044827582  2.467354E-18
5719.43991960056  1.749528E-18
5722.27939092529  1.887495E-18
5725.11886225003  1.087633E-18
5727.95833357477  5.857795E-19
5730.79780489951  1.242878E-18
5733.63727622425  7.085902E-19
5736.47674754898  9.917948E-19
5739.31621887372  1.943952E-18
5742.15569019846  7.710344E-19
5744.9951615232  9.179394E-19
5747.83463284794  1.815948E-18
5750.67410417267  1.002110E-18
5753.51357549741  1.474712E-18
5756.35304682215  2.011944E-18
5759.19251814689  7.522890E-19
5762.03198947163  9.929192E-19
5764.87146079636  1.347551E-18
5767.7109321211  1.944094E-19
5770.55040344584  2.612608E-19
5773.38987477058  1.480933E-18
5776.22934609531  1.057519E-18
5779.06881742005  4.871758E-19
5781.90828874479  5.178831E-19
5784.74776006953  1.255112E-18
5787.58723139427  1.197534E-18
5790.42670271901  1.010492E-18
5793.26617404374  1.098454E-18
5796.10564536848  1.600140E-18
5798.94511669322  1.352495E-18
5801.78458801796  1.303555E-18
5804.6240593427  8.922508E-19
5807.46353066743  6.397897E-19
5810.30300199217  1.740743E-18
5813.14247331691  1.599090E-18
5815.98194464165  1.171657E-18
5818.82141596638  1.883881E-18
5821.66088729112  1.800433E-18
5824.50035861586  2.029396E-18
5827.3398299406  2.653079E-18
5830.17930126534  2.454731E-18
5833.01877259007  1.944945E-18
5835.85824391481  1.384797E-18
5838.69771523955  1.533020E-18
5841.53718656429  1.603098E-18
5844.37665788903  1.127154E-18
5847.21612921377  1.508622E-18
5850.0556005385  1.174419E-18
5852.89507186324  1.829217E-18
5855.73454318798  1.605620E-18
5858.57401451272  8.945389E-19
5861.41348583746  9.493855E-19
5864.25295716219  7.202719E-19
5867.09242848693  8.804369E-19
5869.93189981167  9.363132E-19
5872.77137113641  6.295176E-19
5875.61084246114  2.105813E-18
5878.45031378588  9.675610E-19
5881.28978511062  -1.251448E-18
5884.12925643536  -1.151285E-19
5886.9687277601  -1.327749E-18
5889.80819908483  -1.496762E-18
5892.64767040957  3.926421E-19
5895.48714173431  9.521179E-19
5898.32661305905  1.679292E-18
5901.16608438379  5.967759E-19
5904.00555570853  1.309947E-18
5906.84502703326  2.745405E-18
5909.684498358  2.968314E-18
5912.52396968274  2.131223E-18
5915.36344100748  1.024503E-18
5918.20291233222  1.211066E-18
5921.04238365695  2.169981E-18
5923.88185498169  1.040847E-18
5926.72132630643  9.154425E-19
5929.56079763117  5.975438E-19
5932.40026895591  7.998911E-19
5935.23974028064  1.125726E-18
5938.07921160538  8.810556E-19
5940.91868293012  1.431902E-18
5943.75815425486  8.252598E-19
5946.59762557959  7.912080E-19
5949.43709690433  2.490300E-18
5952.27656822907  2.303243E-18
5955.11603955381  5.272768E-19
5957.95551087855  9.794510E-19
5960.79498220328  1.366408E-18
5963.63445352802  1.146567E-18
5966.47392485276  1.869871E-18
5969.3133961775  1.650561E-18
5972.15286750224  9.169243E-19
5974.99233882697  8.419496E-19
5977.83181015171  1.034966E-18
5980.67128147645  1.196797E-18
5983.51075280119  1.550078E-18
5986.35022412593  1.492381E-18
5989.18969545066  5.338653E-19
5992.0291667754  3.954378E-19
5994.86863810014  1.260626E-18
5997.70810942488  9.751291E-19
6000.54758074962  1.037229E-18
6003.38705207435  1.503085E-18
6006.22652339909  8.072041E-19
6009.06599472383  1.065766E-18
6011.90546604857  1.451261E-18
6014.74493737331  1.353954E-18
6017.58440869804  1.877810E-18
6020.42388002278  1.219955E-18
6023.26335134752  1.372956E-18
6026.10282267226  7.951938E-19
6028.942293997  1.908524E-18
6031.78176532173  1.515163E-18
6034.62123664647  4.217952E-19
6037.46070797121  1.116388E-18
6040.30017929595  1.118627E-18
6043.13965062069  6.362119E-19
6045.97912194542  1.989880E-18
6048.81859327016  1.347303E-18
6051.6580645949  1.581359E-18
6054.49753591964  1.935505E-18
6057.33700724438  1.520045E-18
6060.17647856911  1.034243E-18
6063.01594989385  1.485990E-18
6065.85542121859  1.972989E-18
6068.69489254333  1.122680E-18
6071.53436386807  2.099847E-18
6074.3738351928  2.639610E-18
6077.21330651754  1.833251E-18
6080.05277784228  2.570932E-18
6082.89224916702  4.932782E-19
6085.73172049176  1.892642E-18
6088.57119181649  1.220790E-18
6091.41066314123  1.318550E-18
6094.25013446597  9.336808E-19
6097.08960579071  1.055491E-18
6099.92907711545  9.801165E-19
6102.76854844018  1.597360E-18
6105.60801976492  1.461016E-18
6108.44749108966  1.206639E-18
6111.2869624144  1.987371E-18
6114.12643373914  1.289669E-18
6116.96590506387  2.039742E-18
6119.80537638861  2.049428E-18
6122.64484771335  7.112869E-19
6125.48431903809  9.044651E-19
6128.32379036283  8.996432E-19
6131.16326168756  1.653994E-18
6134.0027330123  2.462335E-18
6136.84220433704  1.455304E-18
6139.68167566178  1.498011E-18
6142.52114698652  1.518465E-18
6145.36061831125  2.142315E-18
6148.20008963599  1.280748E-18
6151.03956096073  1.177712E-18
6153.87903228547  1.817903E-18
6156.71850361021  9.444315E-19
6159.55797493494  2.944435E-19
6162.39744625968  8.641248E-19
6165.23691758442  2.148378E-18
6168.07638890916  2.385008E-18
6170.9158602339  1.986363E-18
6173.75533155863  1.082287E-18
6176.59480288337  2.810153E-18
6179.43427420811  2.377224E-18
6182.27374553285  1.494191E-18
6185.11321685759  1.944648E-18
6187.95268818232  6.985272E-19
6190.79215950706  1.333055E-18
6193.6316308318  1.525814E-18
6196.47110215654  1.703840E-18
6199.31057348128  1.978737E-18
6202.15004480601  1.581114E-18
6204.98951613075  1.523756E-18
6207.82898745549  1.312562E-18
6210.66845878023  1.869360E-18
6213.50793010497  1.178628E-18
6216.3474014297  1.517901E-18
6219.18687275444  2.098155E-18
6222.02634407918  1.278145E-18
6224.86581540392  5.200192E-19
6227.70528672866  3.656025E-19
6230.54475805339  7.123417E-19
6233.38422937813  1.182148E-18
6236.22370070287  7.315229E-19
6239.06317202761  1.146499E-18
6241.90264335235  2.250704E-18
6244.74211467708  1.415204E-18
6247.58158600182  7.544395E-19
6250.42105732656  2.343161E-18
6253.2605286513  2.034615E-18
6256.09999997604  2.090842E-18
6258.93947130077  1.023231E-18
6261.77894262551  4.252325E-19
6264.61841395025  1.204933E-18
6267.45788527499  2.606465E-18
6270.29735659973  2.584333E-18
6273.13682792446  2.211456E-18
6275.9762992492  1.111273E-18
6278.81577057394  1.570849E-18
6281.65524189868  1.259509E-18
6284.49471322342  2.772671E-18
6287.33418454815  2.824877E-20
6290.17365587289  -1.387412E-18
6293.01312719763  1.412985E-18
6295.85259852237  1.212753E-18
6298.69206984711  2.365222E-18
6301.53154117184  2.399889E-18
6304.37101249658  9.272577E-19
6307.21048382132  9.560992E-19
6310.04995514606  1.596437E-18
6312.8894264708  3.536141E-18
6315.72889779553  2.384628E-18
6318.56836912027  -2.536729E-19
6321.40784044501  1.211717E-18
6324.24731176975  5.330649E-19
6327.08678309448  1.061365E-18
6329.92625441922  1.989859E-18
6332.76572574396  1.262854E-18
6335.6051970687  1.330553E-18
6338.44466839344  1.312491E-18
6341.28413971818  1.316877E-18
6344.12361104291  1.447458E-18
6346.96308236765  1.425853E-18
6349.80255369239  1.305555E-18
6352.64202501713  9.851599E-19
6355.48149634187  1.000224E-18
6358.3209676666  5.104338E-19
6361.16043899134  1.546913E-18
6363.99991031608  2.169733E-18
6366.83938164082  1.349946E-18
6369.67885296556  1.663105E-18
6372.51832429029  1.196823E-18
6375.35779561503  9.472476E-19
6378.19726693977  1.818436E-18
6381.03673826451  1.833050E-18
6383.87620958925  1.481648E-18
6386.71568091398  1.562573E-18
6389.55515223872  2.047364E-18
6392.39462356346  1.292997E-18
6395.2340948882  1.557070E-18
6398.07356621294  1.683136E-18
6400.91303753767  1.783451E-18
6403.75250886241  1.767733E-18
6406.59198018715  1.637442E-18
6409.43145151189  2.102109E-18
6412.27092283663  1.708303E-18
6415.11039416136  8.097838E-19
6417.9498654861  1.018699E-18
6420.78933681084  1.084013E-18
6423.62880813558  1.642040E-18
6426.46827946032  2.096374E-18
6429.30775078505  1.657720E-18
6432.14722210979  1.244743E-18
6434.98669343453  1.530391E-18
6437.82616475927  1.159093E-18
6440.66563608401  1.429603E-18
6443.50510740875  1.938588E-18
6446.34457873348  1.567715E-18
6449.18405005822  1.447424E-18
6452.02352138296  1.657024E-18
6454.8629927077  1.610279E-18
6457.70246403243  8.230704E-19
6460.54193535717  1.513546E-18
6463.38140668191  2.237532E-18
6466.22087800665  1.715093E-18
6469.06034933138  2.174096E-18
6471.89982065612  2.172028E-18
6474.73929198086  1.749695E-18
6477.5787633056  1.710643E-18
6480.41823463034  1.692004E-18
6483.25770595507  9.590691E-19
6486.09717727981  1.052296E-18
6488.93664860455  1.794439E-18
6491.77611992929  8.523788E-19
6494.61559125403  1.213914E-18
6497.45506257877  1.151716E-18
6500.2945339035  1.235933E-18
6503.13400522824  2.124335E-18
6505.97347655298  2.031915E-18
6508.81294787772  1.406357E-18
6511.65241920246  9.883168E-19
6514.49189052719  1.935157E-18
6517.33136185193  1.509505E-18
6520.17083317667  1.230559E-18
6523.01030450141  1.024793E-18
6525.84977582614  1.264769E-18
6528.68924715088  1.878012E-18
6531.52871847562  1.924199E-18
6534.36818980036  1.697439E-18
6537.2076611251  1.333029E-18
6540.04713244983  1.300106E-18
6542.88660377457  1.914451E-18
6545.72607509931  1.253337E-18
6548.56554642405  -3.602580E-19
6551.40501774879  -9.253438E-19
6554.24448907353  -1.358668E-19
6557.08396039826  1.434994E-19
6559.923431723  1.522775E-18
6562.76290304774  1.226637E-18
6565.60237437248  1.465035E-18
6568.44184569722  1.485797E-18
6571.28131702195  -3.337974E-19
6574.12078834669  7.213853E-19
6576.96025967143  1.772522E-18
6579.79973099617  1.533513E-18
6582.6392023209  1.169113E-18
6585.47867364564  8.625903E-19
6588.31814497038  1.636360E-18
6591.15761629512  1.065635E-18
6593.99708761986  1.802969E-18
6596.83655894459  2.160518E-18
6599.67603026933  1.788072E-18
6602.51550159407  1.487824E-18
6605.35497291881  8.055342E-19
6608.19444424355  1.683172E-18
6611.03391556829  1.473124E-18
6613.87338689302  1.309966E-18
6616.71285821776  1.309738E-18
6619.5523295425  1.583291E-18
6622.39180086724  1.358862E-18
6625.23127219198  1.942743E-18
6628.07074351671  2.020917E-18
6630.91021484145  1.442073E-18
6633.74968616619  1.033350E-18
6636.58915749093  1.912519E-18
6639.42862881567  2.406047E-18
6642.2681001404  1.911300E-18
6645.10757146514  1.407943E-18
6647.94704278988  2.052306E-18
6650.78651411462  2.603842E-18
6653.62598543936  1.756194E-18
6656.46545676409  1.843969E-18
6659.30492808883  2.528907E-18
6662.14439941357  2.383722E-18
6664.98387073831  1.815198E-18
6667.82334206305  2.290859E-18
6670.66281338778  2.090922E-18
6673.50228471252  1.853119E-18
6676.34175603726  1.789993E-18
6679.181227362  2.444806E-18
6682.02069868674  2.681155E-18
6684.86017001147  2.037953E-18
6687.69964133621  1.270917E-18
6690.53911266095  1.610382E-18
6693.37858398569  1.823694E-18
6696.21805531043  1.240730E-18
6699.05752663516  1.279337E-18
6701.8969979599  1.780826E-18
6704.73646928464  1.554026E-18
6707.57594060938  1.151608E-18
6710.41541193411  1.317634E-18
6713.25488325885  1.508411E-18
6716.09435458359  1.931141E-18
6718.93382590833  1.909540E-18
6721.77329723307  2.123586E-18
6724.61276855781  1.679637E-18
6727.45223988254  2.056425E-18
6730.29171120728  2.221877E-18
6733.13118253202  1.995663E-18
6735.97065385676  2.485821E-18
6738.8101251815  1.585263E-18
6741.64959650623  1.481218E-18
6744.48906783097  2.075561E-18
6747.32853915571  1.896569E-18
6750.16801048045  1.845108E-18
6753.00748180518  1.664325E-18
6755.84695312992  1.531368E-18
6758.68642445466  2.148378E-18
6761.5258957794  1.578885E-18
6764.36536710414  1.570615E-18
6767.20483842887  1.948978E-18
6770.04430975361  2.290844E-18
6772.88378107835  2.206550E-18
6775.72325240309  1.627404E-18
6778.56272372783  1.787398E-18
6781.40219505256  2.451605E-18
6784.2416663773  2.278005E-18
6787.08113770204  1.826846E-18
6789.92060902678  2.258407E-18
6792.76008035152  2.208114E-18
6795.59955167626  1.830670E-18
6798.43902300099  1.842224E-18
6801.27849432573  2.665030E-18
6804.11796565047  2.225239E-18
6806.95743697521  1.832995E-18
6809.79690829994  1.693493E-18
6812.63637962468  1.472853E-18
6815.47585094942  1.028585E-18
6818.31532227416  2.544445E-18
6821.1547935989  1.454267E-18
6823.99426492363  1.943090E-18
6826.83373624837  2.235604E-18
6829.67320757311  2.709934E-18
6832.51267889785  6.699143E-19
6835.35215022259  6.859821E-19
6838.19162154732  2.746857E-18
6841.03109287206  3.148031E-18
6843.8705641968  2.216516E-18
6846.71003552154  1.727280E-18
6849.54950684628  1.512849E-18
6852.38897817101  1.750006E-18
6855.22844949575  2.115977E-18
6858.06792082049  1.603354E-18
6860.90739214523  2.237791E-18
6863.74686346997  1.946952E-18
6866.5863347947  1.132828E-18
6869.42580611944  1.580675E-18
6872.26527744418  2.206552E-18
6875.10474876892  8.121937E-19
6877.94422009366  1.559668E-18
6880.78369141839  2.427125E-18
6883.62316274313  1.969402E-18
6886.46263406787  9.564385E-19
6889.30210539261  2.001395E-18
6892.14157671735  2.293657E-18
6894.98104804208  1.772339E-18
6897.82051936682  2.465476E-18
6900.65999069156  1.647858E-18
6903.4994620163  2.520476E-18
6906.33893334104  4.639029E-19
6909.17840466578  2.239674E-18
6912.01787599051  2.354173E-18
6914.85734731525  2.513991E-18
6917.69681863999  1.176205E-18
6920.53628996473  2.002925E-18
6923.37576128947  2.607032E-18
6926.2152326142  2.623544E-18
6929.05470393894  2.211773E-18
6931.89417526368  8.724211E-19
6934.73364658842  1.064971E-18
6937.57311791316  1.879087E-18
6940.41258923789  1.129692E-18
6943.25206056263  1.966554E-18
6946.09153188737  2.887198E-18
6948.93100321211  3.370185E-18
6951.77047453684  3.143384E-18
6954.60994586158  2.584935E-18
6957.44941718632  1.494536E-18
6960.28888851106  8.130151E-19
6963.1283598358  2.490481E-18
6965.96783116054  1.348737E-18
6968.80730248527  2.559896E-18
6971.64677381001  2.832834E-18
6974.48624513475  2.365363E-18
6977.32571645949  2.520195E-18
6980.16518778423  2.115864E-18
6983.00465910896  2.295953E-18
6985.8441304337  2.956165E-18
6988.68360175844  2.575672E-18
6991.52307308318  2.708709E-18
6994.36254440792  1.648679E-18
6997.20201573265  2.852869E-18
7000.04148705739  2.369557E-18
7002.88095838213  2.166140E-18
7005.72042970687  2.055198E-18
7008.5599010316  1.693233E-18
7011.39937235634  1.144359E-18
7014.23884368108  1.737565E-18
7017.07831500582  2.593687E-18
7019.91778633056  2.612436E-18
7022.75725765529  2.128800E-18
7025.59672898003  1.333296E-18
7028.43620030477  1.501087E-18
7031.27567162951  2.788688E-18
7034.11514295425  2.572712E-18
7036.95461427899  2.326595E-18
7039.79408560372  2.267209E-18
7042.63355692846  2.653463E-18
7045.4730282532  1.570342E-18
7048.31249957794  2.961039E-18
7051.15197090268  1.964138E-18
7053.99144222741  2.308090E-18
7056.83091355215  2.506995E-18
7059.67038487689  2.290617E-18
7062.50985620162  1.790809E-18
7065.34932752636  1.455077E-18
7068.1887988511  2.230304E-18
7071.02827017584  2.906200E-18
7073.86774150058  2.778984E-18
7076.70721282532  2.326474E-18
7079.54668415005  2.362556E-18
7082.38615547479  1.901930E-18
7085.22562679953  1.863099E-18
7088.06509812427  2.631330E-18
7090.90456944901  2.499967E-18
7093.74404077374  1.824832E-18
7096.58351209848  1.566533E-18
7099.42298342322  2.007582E-18
7102.26245474796  2.516508E-18
7105.1019260727  1.738764E-18
7107.94139739743  2.802776E-18
7110.78086872217  2.025859E-18
7113.62034004691  2.336851E-18
7116.45981137165  2.312660E-18
7119.29928269639  2.726446E-18
7122.13875402112  3.311804E-18
7124.97822534586  2.730400E-18
7127.8176966706  2.645167E-18
7130.65716799534  3.279176E-18
7133.49663932008  2.550441E-18
7136.33611064481  2.908002E-18
7139.17558196955  2.485303E-18
7142.01505329429  1.948614E-18
7144.85452461903  2.363459E-18
7147.69399594377  2.608637E-18
7150.5334672685  2.039969E-18
7153.37293859324  2.254122E-18
7156.21240991798  9.417331E-18
7159.05188124272  3.166909E-17
7161.89135256746  4.515131E-18
7164.73082389219  2.168170E-18
7167.57029521693  2.366536E-18
7170.40976654167  2.479240E-18
7173.24923786641  3.199058E-18
7176.08870919115  2.514383E-18
7178.92818051588  2.017380E-18
7181.76765184062  2.364862E-18
7184.60712316536  2.345300E-18
7187.4465944901  1.686581E-18
7190.28606581484  1.624977E-18
7193.12553713957  2.041622E-18
7195.96500846431  2.195022E-18
7198.80447978905  2.106489E-18
7201.64395111379  1.432491E-18
7204.48342243853  2.147350E-18
7207.32289376327  2.273797E-18
7210.162365088  2.275835E-18
7213.00183641274  2.961112E-18
7215.84130773748  3.230515E-18
7218.68077906222  3.036577E-18
7221.52025038695  2.398749E-18
7224.35972171169  3.736676E-19
7227.19919303643  9.776467E-19
7230.03866436117  3.788711E-19
7232.87813568591  1.382512E-18
7235.71760701064  2.526124E-18
7238.55707833538  3.058646E-18
7241.39654966012  2.142662E-18
7244.23602098486  2.419266E-18
7247.0754923096  2.106488E-18
7249.91496363433  4.187804E-18
7252.75443495907  2.754784E-18
7255.59390628381  4.990597E-18
7258.43337760855  1.669851E-18
7261.27284893329  -5.934371E-19
7264.11232025803  2.581500E-18
7266.95179158276  2.083632E-18
7269.7912629075  1.123825E-18
7272.63073423224  2.726351E-18
7275.47020555698  3.235297E-18
7278.30967688171  2.083731E-18
7281.14914820645  7.258091E-19
7283.98861953119  8.123536E-19
7286.82809085593  4.318706E-18
7289.66756218067  2.431762E-18
7292.5070335054  1.628450E-18
7295.34650483014  4.747987E-18
7298.18597615488  3.237753E-18
7301.02544747962  -3.149438E-21
7303.86491880436  2.616665E-18
7306.70439012909  2.753181E-18
7309.54386145383  2.707240E-18
7312.38333277857  1.520873E-18
7315.22280410331  2.695320E-18
7318.06227542805  2.628459E-18
7320.90174675278  4.015119E-18
7323.74121807752  1.440374E-18
7326.58068940226  5.098266E-18
7329.420160727  2.976045E-18
7332.25963205174  3.464442E-18
7335.09910337647  2.014408E-18
7337.93857470121  1.690206E-18
7340.77804602595  2.831702E-18
7343.61751735069  2.017934E-18
7346.45698867543  2.007415E-18
7349.29646000016  2.867902E-18
7352.1359313249  4.238048E-18
7354.97540264964  2.028789E-18
7357.81487397438  1.604662E-18
7360.65434529912  3.005834E-18
7363.49381662385  2.558090E-18
7366.33328794859  1.773975E-18
7369.17275927333  3.702289E-18
7372.01223059807  3.381482E-18
7374.8517019228  2.165470E-18
7377.69117324754  1.017510E-18
7380.53064457228  4.124457E-18
7383.37011589702  3.726390E-18
7386.20958722176  1.713183E-18
7389.0490585465  2.441451E-18
7391.88852987123  2.332463E-18
7394.72800119597  2.241495E-18
7397.56747252071  2.942226E-18
7400.40694384545  2.667201E-17
7403.24641517019  5.742850E-17
7406.08588649492  3.239440E-17
7408.92535781966  2.672546E-18
7411.7648291444  3.402051E-18
7414.60430046914  2.382545E-18
7417.44377179388  2.483124E-18
7420.28324311861  3.174905E-18
7423.12271444335  2.854239E-18
7425.96218576809  2.467445E-18
7428.80165709283  2.553930E-18
7431.64112841756  3.028546E-18
7434.4805997423  2.636716E-18
7437.32007106704  3.176809E-18
7440.15954239178  3.321581E-18
7442.99901371652  2.202629E-18
7445.83848504126  2.586719E-18
7448.67795636599  3.419046E-18
7451.51742769073  2.643460E-18
7454.35689901547  3.276559E-18
7457.19637034021  3.292767E-18
7460.03584166495  2.447547E-18
7462.87531298968  2.581368E-18
7465.71478431442  2.439687E-18
7468.55425563916  2.184280E-18
7471.3937269639  1.549664E-18
7474.23319828864  2.256080E-18
7477.07266961337  2.610155E-18
7479.91214093811  2.361465E-18
7482.75161226285  3.663045E-18
7485.59108358759  3.372970E-18
7488.43055491232  2.334155E-18
7491.27002623706  2.766097E-18
7494.1094975618  3.107513E-18
7496.94896888654  2.585641E-18
7499.78844021128  2.096354E-18
7502.62791153602  2.731261E-18
7505.46738286075  3.093411E-18
7508.30685418549  2.103091E-18
7511.14632551023  2.436031E-18
7513.98579683497  3.523680E-18
7516.82526815971  3.670849E-18
7519.66473948444  2.342850E-18
7522.50421080918  3.052733E-18
7525.34368213392  3.678325E-18
7528.18315345866  2.808869E-18
7531.0226247834  2.977671E-18
7533.86209610813  2.759400E-18
7536.70156743287  3.407033E-18
7539.54103875761  3.454798E-18
7542.38051008235  3.362989E-18
7545.21998140708  2.570408E-18
7548.05945273182  2.174944E-18
7550.89892405656  2.918492E-18
7553.7383953813  2.785524E-18
7556.57786670604  1.150021E-18
7559.41733803078  1.946311E-18
7562.25680935551  2.232771E-18
7565.09628068025  2.982707E-18
7567.93575200499  3.220969E-18
7570.77522332973  1.966961E-18
7573.61469465447  2.728823E-18
7576.4541659792  2.559738E-18
7579.29363730394  2.066438E-18
7582.13310862868  2.306077E-18
7584.97257995342  1.600265E-18
7587.81205127815  1.494979E-18
7590.65152260289  8.969364E-19
7593.49099392763  2.468131E-19
7596.33046525237  4.076225E-19
7599.16993657711  1.136812E-18
7602.00940790184  1.305213E-18
7604.84887922658  8.952036E-19
7607.68835055132  1.668399E-18
7610.52782187606  2.478998E-18
7613.3672932008  1.442979E-18
7616.20676452554  2.228836E-18
7619.04623585027  2.586703E-18
7621.88570717501  2.323131E-18
7624.72517849975  2.338632E-18
7627.56464982449  1.559822E-18
7630.40412114923  2.450787E-18
7633.24359247396  2.078715E-18
7636.0830637987  2.320469E-18
7638.92253512344  1.351429E-18
7641.76200644818  1.642053E-18
7644.60147777291  3.027979E-18
7647.44094909765  1.609714E-18
7650.28042042239  2.141874E-18
7653.11989174713  2.685350E-18
7655.95936307187  2.469966E-18
7658.7988343966  2.548405E-18
7661.63830572134  2.498940E-18
7664.47777704608  3.075782E-18
7667.31724837082  3.296595E-18
7670.15671969556  2.926890E-18
7672.99619102029  2.900189E-18
7675.83566234503  2.303225E-18
7678.67513366977  2.190334E-18
7681.51460499451  2.269565E-18
7684.35407631925  2.837434E-18
7687.19354764399  2.894916E-18
7690.03301896872  3.065284E-18
7692.87249029346  -1.919088E-19
7695.7119616182  5.335885E-18
7698.55143294294  2.788170E-18
7701.39090426767  5.165229E-18
7704.23037559241  5.272605E-18
7707.06984691715  3.912650E-18
7709.90931824189  3.255572E-18
7712.74878956663  2.924156E-18
7715.58826089136  4.013250E-18
7718.4277322161  5.382395E-18
7721.26720354084  2.018437E-18
7724.10667486558  5.379726E-18
7726.94614619032  -1.355244E-18
7729.78561751505  6.632443E-19
7732.62508883979  4.077605E-18
7735.46456016453  3.765600E-18
7738.30403148927  2.772382E-18
7741.14350281401  -8.271940E-19
7743.98297413875  4.600639E-18
7746.82244546348  2.790966E-18
7749.66191678822  3.417966E-18
7752.50138811296  2.240655E-18
7755.3408594377  3.436206E-18
7758.18033076243  6.652937E-18
7761.01980208717  -6.720812E-18
7763.85927341191  6.277280E-18
7766.69874473665  3.346702E-18
7769.53821606139  7.913100E-19
7772.37768738612  2.734438E-18
7775.21715871086  -1.121700E-18
7778.0566300356  7.381924E-18
7780.89610136034  3.281311E-18
7783.73557268508  1.884743E-18
7786.57504400981  4.391784E-18
7789.41451533455  5.448307E-19
7792.25398665929  4.724571E-18
7795.09345798403  2.782874E-18
7797.93292930877  6.118744E-18
7800.7724006335  5.374938E-18
7803.61187195824  -1.929140E-18
7806.45134328298  3.683806E-18
7809.29081460772  2.306265E-18
7812.13028593246  2.301597E-18
7814.96975725719  3.729157E-18
7817.80922858193  2.361129E-18
7820.64869990667  3.283711E-18
7823.48817123141  2.779410E-18
7826.32764255615  1.523742E-18
7829.16711388088  6.075221E-18
7832.00658520562  -8.977299E-19
7834.84605653036  -1.164819E-18
7837.6855278551  4.552001E-18
7840.52499917984  -1.280193E-18
7843.36447050457  1.819169E-18
7846.20394182931  2.935123E-18
7849.04341315405  4.091862E-18
7851.88288447879  8.229130E-19
7854.72235580353  2.123853E-18
7857.56182712826  1.817772E-18
7860.401298453  5.896623E-18
7863.24076977774  -1.599990E-18
7866.08024110248  4.747915E-18
7868.91971242722  3.817099E-18
7871.75918375195  1.480078E-18
7874.59865507669  2.874132E-18
7877.43812640143  3.332642E-18
7880.27759772617  1.776042E-18
7883.11706905091  2.062172E-18
7885.95654037564  2.932328E-18
7888.79601170038  2.169337E-18
7891.63548302512  2.094933E-18
7894.47495434986  -2.125887E-18
7897.3144256746  6.948587E-18
7900.15389699933  2.284582E-18
7902.99336832407  3.029388E-18
7905.83283964881  4.161104E-18
7908.67231097355  2.159214E-18
7911.51178229829  2.101272E-18
7914.35125362302  3.470808E-18
7917.19072494776  2.619324E-18
7920.0301962725  4.171613E-18
7922.86966759724  5.537129E-18
7925.70913892198  2.500183E-18
7928.54861024672  4.238538E-18
7931.38808157145  2.558504E-18
7934.22755289619  2.987917E-18
7937.06702422093  2.197077E-18
7939.90649554567  3.433539E-18
7942.74596687041  3.314073E-18
7945.58543819514  2.059673E-18
7948.42490951988  4.758723E-18
7951.26438084462  2.859124E-18
7954.10385216936  2.329164E-18
7956.9433234941  4.318397E-18
7959.78279481883  3.847117E-18
7962.62226614357  3.414716E-18
7965.46173746831  2.818580E-18
7968.30120879305  1.682679E-18
7971.14068011778  1.292467E-18
7973.98015144252  4.498915E-18
7976.81962276726  2.439027E-18
7979.659094092  1.067126E-19
7982.49856541674  3.064352E-19
7985.33803674147  1.349581E-18
7988.17750806621  3.052901E-18
7991.01697939095  2.587089E-18
7993.85645071569  3.433253E-18
7996.69592204043  9.056876E-19
7999.53539336517  -5.389123E-19
8002.3748646899  5.188341E-18
8005.21433601464  4.638938E-18
8008.05380733938  1.286518E-18
8010.89327866412  1.921285E-18
8013.73274998885  2.281756E-18
8016.57222131359  1.674934E-18
8019.41169263833  2.047363E-18
8022.25116396307  3.545532E-18
8025.09063528781  2.624433E-18
8027.93010661254  1.668111E-18
8030.76957793728  2.073299E-18
8033.60904926202  2.254334E-18
8036.44852058676  4.125825E-18
8039.2879919115  4.144942E-18
8042.12746323623  4.353689E-18
8044.96693456097  2.804769E-18
8047.80640588571  3.734987E-18
8050.64587721045  3.084814E-18
8053.48534853519  2.903843E-18
8056.32481985992  2.883499E-18
8059.16429118466  2.953864E-18
8062.0037625094  3.353124E-18
8064.84323383414  2.174589E-18
8067.68270515888  3.165782E-18
8070.52217648361  3.745383E-18
8073.36164780835  3.197974E-18
8076.20111913309  2.807183E-18
8079.04059045783  3.827783E-18
8081.88006178257  3.500059E-18
8084.7195331073  2.232339E-18
8087.55900443204  2.556648E-18
8090.39847575678  2.603574E-18
8093.23794708152  3.068691E-18
8096.07741840626  2.988779E-18
8098.91688973099  3.927513E-18
8101.75636105573  2.942111E-18
8104.59583238047  3.014346E-18
8107.43530370521  2.837362E-18
8110.27477502995  3.267786E-18
8113.11424635468  4.139412E-18
8115.95371767942  3.609344E-18
8118.79318900416  3.899553E-18
8121.6326603289  2.776610E-18
8124.47213165364  4.511401E-18
8127.31160297837  2.612615E-18
8130.15107430311  2.385081E-18
8132.99054562785  2.734444E-18
8135.83001695259  3.150291E-18
8138.66948827733  2.873020E-18
8141.50895960206  4.052812E-18
8144.3484309268  3.271949E-18
8147.18790225154  4.488830E-18
8150.02737357628  -2.767175E-18
8152.86684490102  4.943315E-17
8155.70631622575  1.913098E-17
8158.54578755049  2.146940E-18
8161.38525887523  4.249812E-18
8164.22473019997  2.406548E-18
8167.06420152471  2.178049E-18
8169.90367284944  2.989901E-18
8172.74314417418  3.022207E-18
8175.58261549892  2.597610E-18
8178.42208682366  3.818420E-18
8181.2615581484  3.187745E-18
8184.10102947313  3.622106E-18
8186.94050079787  4.536115E-18
8189.77997212261  2.910420E-18
8192.61944344735  2.977894E-18
8195.45891477209  2.343379E-18
8198.29838609682  1.792346E-17
8201.13785742156  2.546107E-17
8203.9773287463  5.993273E-18
8206.81680007104  2.633464E-18
8209.65627139578  4.149304E-18
8212.49574272052  3.310621E-18
8215.33521404525  3.348018E-18
8218.17468536999  3.229105E-18
8221.01415669473  3.692696E-18
8223.85362801947  3.877702E-18
8226.69309934421  3.241495E-18
8229.53257066894  4.579631E-18
8232.37204199368  3.116439E-18
8235.21151331842  3.536555E-18
8238.05098464316  3.503398E-18
8240.8904559679  2.395850E-18
8243.72992729263  3.501111E-18
8246.56939861737  4.028521E-18
8249.40886994211  3.574235E-18
8252.24834126685  3.854285E-18
8255.08781259158  4.097082E-18
8257.92728391632  3.050227E-18
8260.76675524106  2.673783E-18
8263.6062265658  4.480078E-18
8266.44569789054  2.136022E-18
8269.28516921527  2.483153E-18
8272.12464054001  1.373445E-18
8274.96411186475  1.783991E-18
8277.80358318949  1.249617E-18
8280.64305451423  4.167415E-18
8283.48252583896  2.649940E-18
8286.3219971637  1.641171E-18
8289.16146848844  4.544390E-18
8292.00093981318  5.277085E-18
8294.84041113792  5.101828E-18
8297.67988246265  3.938944E-18
8300.51935378739  4.017235E-18
8303.35882511213  2.438222E-18
8306.19829643687  5.618198E-18
8309.03776776161  4.079163E-18
8311.87723908634  2.944621E-18
8314.71671041108  3.198466E-18
8317.55618173582  4.142219E-18
8320.39565306056  2.981254E-18
8323.2351243853  7.367319E-18
8326.07459571004  7.152771E-19
8328.91406703477  -7.543979E-19
8331.75353835951  2.908695E-18
8334.59300968425  -4.897995E-19
8337.43248100899  1.492955E-18
8340.27195233372  4.347377E-18
8343.11142365846  4.328562E-18
8345.9508949832  4.581984E-18
8348.79036630794  1.892461E-18
8351.62983763268  7.923790E-18
8354.46930895741  4.888876E-18
8357.30878028215  2.740266E-19
8360.14825160689  6.312184E-18
8362.98772293163  3.200990E-18
8365.82719425637  1.176765E-18
8368.6666655811  3.509083E-18
8371.50613690584  4.376321E-18
8374.34560823058  3.695542E-18
8377.18507955532  7.484098E-18
8380.02455088006  8.989055E-19
8382.86402220479  4.148114E-19
8385.70349352953  2.276776E-18
8388.54296485427  9.619372E-19
8391.38243617901  3.054674E-18
8394.22190750375  7.003925E-18
8397.06137882848  1.808475E-18
8399.90085015322  1.867433E-18
8402.74032147796  6.988119E-18
8405.5797928027  -2.390230E-19
8408.41926412744  8.908676E-18
8411.25873545217  9.978434E-19
8414.09820677691  3.793769E-20
8416.93767810165  2.429211E-18
8419.77714942639  4.978300E-19
8422.61662075112  1.798183E-18
8425.45609207586  1.699324E-18
8428.2955634006  9.596534E-19
8431.13503472534  1.069649E-18
8433.97450605008  3.080986E-18
8436.81397737482  -3.684755E-18
8439.65344869955  3.613693E-18
8442.49292002429  1.116340E-18
8445.33239134903  6.839746E-18
8448.17186267377  2.841291E-18
8451.01133399851  1.837292E-18
8453.85080532324  3.958201E-18
8456.69027664798  5.729292E-18
8459.52974797272  3.180006E-18
8462.36921929746  3.687029E-18
8465.2086906222  4.421170E-18
8468.04816194693  4.824986E-18
8470.88763327167  2.131689E-18
8473.72710459641  3.859375E-18
8476.56657592115  1.560317E-18
8479.40604724588  3.927464E-18
8482.24551857062  3.029232E-19
8485.08498989536  3.741219E-18
8487.9244612201  4.292457E-18
8490.76393254484  3.631503E-18
8493.60340386957  3.440966E-18
8496.44287519431  4.274550E-18
8499.28234651905  4.449761E-18
8502.12181784379  2.204588E-18
8504.96128916853  2.538171E-18
8507.80076049327  3.104193E-18
8510.640231818  3.404036E-18
8513.47970314274  4.286762E-18
8516.31917446748  1.904613E-18
8519.15864579222  3.670243E-18
8521.99811711696  2.857747E-18
8524.83758844169  3.125330E-18
8527.67705976643  2.277792E-18
8530.51653109117  2.183163E-18
8533.35600241591  5.684906E-18
8536.19547374064  4.040234E-18
8539.03494506538  2.592383E-18
8541.87441639012  3.436650E-18
8544.71388771486  4.484320E-18
8547.5533590396  4.814441E-18
8550.39283036433  3.592275E-18
8553.23230168907  3.563102E-18
8556.07177301381  3.812545E-18
8558.91124433855  3.601151E-18
8561.75071566329  4.676576E-18
8564.59018698802  4.453890E-18
8567.42965831277  3.814208E-18
8570.2691296375  2.927638E-18
8573.10860096224  3.528569E-18
8575.94807228698  3.531916E-18
8578.78754361172  3.071346E-18
8581.62701493645  4.380057E-18
8584.46648626119  4.880148E-18
8587.30595758593  4.084672E-18
8590.14542891067  3.873373E-18
8592.9849002354  4.523708E-18
8595.82437156014  5.120446E-18
8598.66384288488  4.904650E-18
8601.50331420962  3.650949E-18
8604.34278553436  3.438090E-18
8607.18225685909  2.721686E-18
8610.02172818383  1.746925E-18
8612.86119950857  2.558183E-18
8615.70067083331  4.142801E-18
8618.54014215805  2.551271E-18
8621.37961348278  2.421108E-18
8624.21908480752  4.394086E-18
8627.05855613226  4.138804E-18
8629.898027457  1.379090E-18
8632.73749878174  2.548185E-18
8635.57697010647  1.589464E-18
8638.41644143121  1.839522E-18
8641.25591275595  3.626164E-18
8644.09538408069  1.761240E-18
8646.93485540543  4.296298E-18
8649.77432673016  4.275340E-18
8652.6137980549  3.781195E-18
8655.45326937964  7.898255E-19
8658.29274070438  3.449639E-18
8661.13221202912  6.497294E-18
8663.97168335385  2.194912E-18
8666.81115467859  4.264465E-18
8669.65062600333  4.744914E-18
8672.49009732807  3.614266E-18
8675.32956865281  4.187305E-18
8678.16903997754  1.905508E-18
8681.00851130228  1.712776E-18
8683.84798262702  1.094947E-18
8686.68745395176  3.790168E-18
8689.5269252765  3.775728E-18
8692.36639660123  4.617064E-18
8695.20586792597  5.002022E-18
8698.04533925071  1.232990E-17
8700.88481057545  1.155771E-17
8703.72428190019  2.444460E-18
8706.56375322492  2.807570E-18
8709.40322454966  3.820174E-18
8712.2426958744  3.827810E-18
8715.08216719914  2.634958E-18
8717.92163852388  2.876119E-18
8720.76110984861  3.292737E-18
8723.60058117335  2.431610E-18
8726.44005249809  3.354112E-18
8729.27952382283  3.937788E-18
8732.11899514757  3.649786E-18
8734.9584664723  3.833727E-18
8737.79793779704  3.386232E-18
8740.63740912178  2.354793E-18
8743.47688044652  5.657325E-18
8746.31635177126  1.179682E-18
8749.155823096  2.658780E-19
8751.99529442073  4.284890E-18
8754.83476574547  2.355226E-18
8757.67423707021  -1.955394E-20
8760.51370839495  5.328501E-18
8763.35317971969  1.194406E-17
8766.19265104442  2.769144E-17
8769.03212236916  2.378041E-17
8771.8715936939  -1.608156E-18
8774.71106501864  9.438955E-18
8777.55053634338  2.936413E-18
8780.39000766811  1.505786E-18
8783.22947899285  1.920553E-18
8786.06895031759  6.919000E-18
8788.90842164232  1.503979E-18
8791.74789296706  1.884374E-18
8794.5873642918  2.824113E-18
8797.42683561654  1.923152E-18
8800.26630694128  4.021018E-18
8803.10577826602  7.196514E-18
8805.94524959075  1.435810E-17
8808.78472091549  -5.459863E-18
8811.62419224023  6.934165E-18
8814.46366356497  7.110791E-18
8817.30313488971  4.657350E-18
8820.14260621444  6.296250E-18
8822.98207753918  4.822322E-18
8825.82154886392  4.212105E-18
8828.66102018866  4.402002E-18
8831.5004915134  -3.217205E-19
8834.33996283813  8.561841E-19
8837.17943416287  1.097005E-17
8840.01890548761  3.735273E-18
8842.85837681235  2.104497E-19
8845.69784813709  6.496720E-18
8848.53731946182  4.290538E-18
8851.37679078656  3.859552E-19
8854.2162621113  2.438169E-18
8857.05573343604  1.057732E-18
8859.89520476078  3.558942E-18
8862.73467608551  3.929836E-18
8865.57414741025  6.059357E-18
8868.41361873499  7.097661E-19
8871.25309005973  -8.423053E-19
8874.09256138447  -1.342320E-18
8876.9320327092  -5.175083E-19
8879.77150403394  4.726260E-19
8882.61097535868  -2.910509E-18
8885.45044668342  2.713418E-18
8888.28991800816  -1.015946E-18
8891.1293893329  9.935014E-18
8893.96886065763  -1.373672E-17
8896.80833198237  -7.862984E-19
8899.64780330711  -5.736515E-19
8902.48727463185  1.128110E-17
8905.32674595658  3.886503E-18
8908.16621728132  6.936336E-18
8911.00568860606  -3.029137E-18
8913.8451599308  3.633128E-18
8916.68463125554  4.563459E-18
8919.52410258027  3.789504E-18
8922.36357390501  -1.165942E-18
8925.20304522975  1.598687E-17
8928.04251655449  -7.353467E-18
8930.88198787923  2.546156E-18
8933.72145920396  1.566625E-18
8936.5609305287  -4.943848E-20
8939.40040185344  5.105262E-18
8942.23987317818  8.124294E-18
8945.07934450292  5.914837E-18
8947.91881582765  1.069094E-18
8950.75828715239  5.445409E-18
8953.59775847713  3.865942E-18
8956.43722980187  3.422744E-18
8959.27670112661  1.996228E-18
8962.11617245134  -1.597622E-18
8964.95564377608  8.687011E-18
8967.79511510082  2.483270E-18
8970.63458642556  2.360466E-18
8973.4740577503  4.976044E-18
8976.31352907503  3.457170E-18
8979.15300039977  7.042021E-18
8981.99247172451  9.386761E-19
8984.83194304925  -4.559350E-19
8987.67141437399  -6.849427E-19
8990.51088569873  -1.090547E-18
8993.35035702346  -3.093996E-18
8996.1898283482  1.908520E-18
8999.02929967294  2.996430E-18
9001.86877099767  1.781646E-18
9004.70824232241  1.160517E-18
9007.54771364715  -3.520925E-18
9010.38718497189  5.123186E-18
9013.22665629663  4.039234E-18
9016.06612762137  3.159888E-18
9018.9055989461  3.633772E-18
9021.74507027084  8.405801E-19
9024.58454159558  2.084571E-18
9027.42401292032  2.432093E-18
9030.26348424506  1.652500E-18
9033.10295556979  1.931184E-19
9035.94242689453  1.195948E-18
9038.78189821927  2.911147E-18
9041.62136954401  3.178887E-18
9044.46084086875  2.276156E-18
9047.30031219348  3.367225E-18
9050.13978351822  2.686925E-18
9052.97925484296  1.788381E-18
9055.8187261677  2.054973E-19
9058.65819749244  1.730489E-18
9061.49766881717  2.740404E-18
9064.33714014191  2.383880E-18
9067.17661146665  1.751992E-18
9070.01608279139  2.215803E-18
9072.85555411613  1.706805E-18
9075.69502544086  2.944626E-18
9078.5344967656  4.510187E-18
9081.37396809034  1.865435E-18
9084.21343941508  4.071566E-18
9087.05291073982  1.031268E-18
9089.89238206455  3.431182E-18
9092.73185338929  3.197950E-18
9095.57132471403  2.061676E-18
9098.41079603877  2.631711E-18
9101.25026736351  3.083726E-18
9104.08973868825  3.082605E-18
9106.92921001298  3.072123E-18
9109.76868133772  4.134415E-18
9112.60815266246  3.759457E-18
9115.4476239872  3.094866E-18
9118.28709531193  2.456600E-18
9121.12656663667  2.200116E-18
9123.96603796141  2.201882E-18
9126.80550928615  1.984238E-18
9129.64498061089  2.333389E-18
9132.48445193562  2.361014E-18
9135.32392326036  2.829212E-18
9138.1633945851  3.478384E-18
9141.00286590984  3.009668E-18
9143.84233723458  2.964114E-18
9146.68180855931  3.422299E-18
9149.52127988405  2.187923E-18
9152.36075120879  2.549665E-18
9155.20022253353  2.833064E-18
9158.03969385827  1.440536E-18
9160.879165183  2.592693E-18
9163.71863650774  3.465536E-18
9166.55810783248  3.173719E-18
9169.39757915722  4.381903E-18
9172.23705048196  3.611977E-18
9175.07652180669  2.438800E-18
9177.91599313143  2.432444E-18
9180.75546445617  3.477071E-18
9183.59493578091  3.075805E-18
9186.43440710565  2.745106E-18
9189.27387843038  3.560920E-18
9192.11334975512  3.011354E-18
9194.95282107986  1.873167E-18
9197.7922924046  1.307021E-18
9200.63176372934  2.869215E-18
9203.47123505407  2.826822E-18
9206.31070637881  2.526988E-18
9209.15017770355  2.469272E-18
9211.98964902829  3.793608E-18
9214.82912035303  4.439009E-18
9217.66859167776  4.233551E-18
9220.5080630025  3.051843E-18
9223.34753432724  1.840413E-18
9226.18700565198  2.262602E-18
9229.02647697672  4.426056E-18
9231.86594830145  3.656122E-18
9234.70541962619  2.023789E-18
9237.54489095093  1.975916E-18
9240.38436227567  2.419808E-18
9243.22383360041  2.741233E-18
9246.06330492514  3.469646E-18
9248.90277624988  4.673159E-18
9251.74224757462  3.952129E-18
9254.58171889936  3.199564E-18
9257.4211902241  2.452079E-18
9260.26066154883  2.656802E-18
9263.10013287357  3.608262E-18
9265.93960419831  4.504373E-18
9268.77907552305  3.685784E-18
9271.61854684779  3.484465E-18
9274.45801817253  -8.528788E-19
9277.29748949726  1.641892E-17
9280.136960822  8.537278E-17
9282.97643214674  9.949079E-17
9285.81590347148  3.610879E-17
9288.65537479621  -2.428005E-18
9291.49484612095  1.917924E-17
9294.33431744569  1.136720E-18
9297.17378877043  -5.190050E-18
9300.01326009517  3.356487E-18
9302.8527314199  9.184195E-18
9305.69220274464  -7.479752E-18
9308.53167406938  -1.966156E-18
9311.37114539412  -2.849676E-18
9314.21061671886  -7.498899E-18
9317.05008804359  7.107007E-18
9319.88955936833  -9.633064E-18
9322.72903069307  3.682734E-19
9325.56850201781  -1.407600E-18
9328.40797334255  -3.521017E-18
9331.24744466728  6.896098E-19
9334.08691599202  3.320451E-18
9336.92638731676  1.881667E-18
9339.7658586415  -2.169383E-18
9342.60532996624  1.653060E-18
9345.44480129097  2.494931E-18
9348.28427261571  -6.800252E-21
9351.12374394045  1.214133E-18
9353.96321526519  -1.465261E-17
9356.80268658993  -4.136114E-18
9359.64215791466  1.257550E-17
9362.4816292394  -1.115880E-17
9365.32110056414  -8.384002E-18
9368.16057188888  -3.003837E-18
9371.00004321361  -3.631232E-18
9373.83951453835  -8.435370E-18
9376.67898586309  -4.707689E-18
9379.51845718783  -9.103533E-18
9382.35792851257  -4.959648E-19
9385.1973998373  3.596731E-18
9388.03687116204  -3.742900E-18
9390.87634248678  3.135909E-18
9393.71581381152  2.058152E-18
9396.55528513626  2.803328E-18
9399.394756461  3.135089E-18
9402.23422778573  1.000995E-18
9405.07369911047  2.462444E-18
9407.91317043521  1.330299E-18
9410.75264175995  4.174443E-18
9413.59211308469  1.692375E-18
9416.43158440942  4.907837E-18
9419.27105573416  8.310189E-18
9422.1105270589  -3.914447E-18
9424.94999838364  1.587394E-18
9427.78946970838  4.768806E-18
9430.62894103311  5.587786E-18
9433.46841235785  4.828471E-18
9436.30788368259  5.540956E-18
9439.14735500733  4.469942E-19
9441.98682633206  1.492112E-18
9444.8262976568  2.118188E-18
9447.66576898154  -1.479086E-18
9450.50524030628  2.102223E-18
9453.34471163102  -9.660380E-19
9456.18418295576  -3.077211E-18
9459.02365428049  5.906233E-18
9461.86312560523  3.372674E-18
9464.70259692997  3.375706E-18
9467.54206825471  3.665448E-19
9470.38153957945  1.391980E-18
9473.22101090418  4.860897E-18
9476.06048222892  2.867181E-18
9478.89995355366  1.073952E-18
9481.7394248784  1.952707E-18
9484.57889620314  7.268203E-18
9487.41836752787  -2.613176E-18
9490.25783885261  2.635811E-18
9493.09731017735  2.166979E-18
9495.93678150209  3.494235E-18
9498.77625282683  1.971336E-18
9501.61572415156  -5.801048E-19
9504.4551954763  2.103253E-18
9507.29466680104  -9.077493E-19
9510.13413812578  1.688404E-18
9512.97360945052  5.466639E-19
9515.81308077526  4.782765E-19
9518.65255209999  1.076148E-18
9521.49202342473  2.059024E-19
9524.33149474947  -2.493832E-18
9527.17096607421  5.125791E-19
9530.01043739895  3.235298E-18
9532.84990872368  1.922144E-18
9535.68938004842  2.332952E-19
9538.52885137316  1.939555E-18
9541.36832269789  1.611220E-18
9544.20779402263  1.374623E-18
9547.04726534737  1.265458E-18
9549.88673667211  2.197761E-18
9552.72620799685  1.315193E-18
9555.56567932158  3.147398E-19
9558.40515064632  1.529701E-18
9561.24462197106  -1.626045E-18
9564.0840932958  1.444194E-18
9566.92356462053  1.575715E-18
9569.76303594528  5.422885E-19
9572.60250727001  2.285528E-18
9575.44197859475  -1.308231E-18
9578.28144991949  -1.972083E-19
9581.12092124423  1.258422E-18
9583.96039256897  7.549133E-19
9586.7998638937  4.056370E-19
9589.63933521844  1.691253E-18
9592.47880654318  2.878388E-18
9595.31827786792  2.237191E-18
9598.15774919266  2.526150E-18
9600.99722051739  6.843060E-19
9603.83669184213  1.362660E-18
9606.67616316687  1.016567E-18
9609.51563449161  1.431287E-18
9612.35510581635  1.739048E-18
9615.19457714108  1.762034E-18
9618.03404846582  1.587010E-18
9620.87351979056  8.122561E-19
9623.7129911153  9.682694E-19
9626.55246244004  1.261384E-18
9629.39193376477  1.838404E-18
9632.23140508951  9.000382E-19
9635.07087641425  6.347030E-19
9637.91034773899  1.477689E-18
9640.74981906373  1.939121E-18
9643.58929038846  1.215770E-18
9646.4287617132  7.790766E-19
9649.26823303794  1.296991E-18
9652.10770436268  6.250965E-19
9654.94717568742  4.076032E-19
9657.78664701215  1.917650E-18
9660.62611833689  1.357419E-18
9663.46558966163  7.034526E-19
9666.30506098637  9.756927E-19
9669.14453231111  1.775861E-18
9671.98400363584  4.524043E-19
9674.82347496058  3.305562E-18
9677.66294628532  -2.150861E-19
9680.50241761006  1.869051E-18
9683.34188893479  1.486868E-18
9686.18136025953  -5.882659E-19
9689.02083158427  2.700342E-18
9691.86030290901  -3.930118E-19
9694.69977423375  7.705571E-19
9697.53924555848  2.310750E-18
9700.37871688322  1.908643E-19
9703.21818820796  -1.708979E-18
9706.0576595327  1.173179E-18
9708.89713085744  2.363197E-18
9711.73660218218  2.206001E-18
9714.57607350691  -9.302792E-20
9717.41554483165  3.657219E-19
9720.25501615639  8.094203E-19
9723.09448748113  -4.500527E-20
9725.93395880587  1.564016E-19
9728.7734301306  1.749896E-18
9731.61290145534  1.223533E-18
9734.45237278008  6.677363E-20
9737.29184410482  6.838728E-19
9740.13131542955  4.648217E-19
9742.97078675429  6.333998E-19
9745.81025807903  -1.338218E-20
9748.64972940377  1.512686E-18
9751.48920072851  1.347867E-18
9754.32867205324  3.690064E-19
9757.16814337798  1.344983E-18
9760.00761470272  1.261439E-18
9762.84708602746  1.048142E-18
9765.6865573522  5.950678E-19
9768.52602867693  4.205210E-20
9771.36550000167  -3.777049E-18
9774.20497132641  3.880104E-18
9777.04444265115  -2.914421E-20
9779.88391397589  -4.161179E-20
9782.72338530063  1.363189E-18
9785.56285662536  -4.891236E-19
9788.4023279501  -4.143277E-21
9791.24179927484  6.335704E-19
9794.08127059958  1.116330E-18
9796.92074192431  1.758249E-18
9799.76021324905  4.018148E-18
9802.59968457379  2.132752E-18
9805.43915589853  1.861020E-18
9808.27862722327  2.820429E-18
9811.118098548  1.900528E-18
9813.95756987274  1.164418E-18
9816.79704119748  1.725081E-18
9819.63651252222  2.103655E-18
9822.47598384696  1.708786E-18
9825.31545517169  8.774418E-19
9828.15492649643  4.887745E-19
9830.99439782117  -8.405250E-20
9833.83386914591  3.070116E-19
9836.67334047065  6.681768E-19
9839.51281179538  4.784486E-19
9842.35228312012  7.838397E-19
9845.19175444486  2.479418E-19
9848.0312257696  9.311491E-21
9850.87069709434  -1.654834E-18
9853.71016841907  2.138851E-18
9856.54963974381  6.235770E-19
9859.38911106855  1.050182E-18
9862.22858239329  -5.983521E-19
9865.06805371803  -3.275347E-20
9867.90752504276  1.595151E-19
9870.7469963675  -2.775845E-19
9873.58646769224  -1.144718E-18
9876.42593901698  -2.908190E-18
9879.26541034172  -1.020844E-18
9882.10488166645  1.805458E-19
