4672.77880859375  2.093842E-18
4675.6153485775  1.715297E-18
4678.45188856125  1.859254E-18
4681.288428545  -5.088450E-18
4684.12496852875  2.434014E-17
4686.9615085125  1.398053E-16
4689.79804849625  6.112624E-17
4692.63458848  5.622327E-19
4695.47112846375  6.286690E-19
4698.3076684475  6.424365E-19
4701.14420843125  2.255997E-18
4703.980748415  2.752812E-18
4706.81728839875  8.600238E-20
4709.6538283825  1.351252E-18
4712.49036836625  1.846736E-18
4715.32690835  1.259957E-18
4718.16344833374  4.268038E-18
4720.99998831749  2.213450E-18
4723.83652830124  1.562962E-18
4726.67306828499  6.331270E-18
4729.50960826874  4.385486E-18
4732.34614825249  4.810332E-18
4735.18268823624  5.751051E-18
4738.01922821999  5.172432E-18
4740.85576820374  3.277937E-18
4743.69230818749  1.304417E-18
4746.52884817124  2.272071E-18
4749.36538815499  4.747118E-18
4752.20192813874  1.735773E-18
4755.03846812249  4.866134E-18
4757.87500810624  5.557937E-18
4760.71154808999  2.504840E-18
4763.54808807374  9.623093E-19
4766.38462805748  1.216179E-18
4769.22116804123  2.388100E-18
4772.05770802498  1.054449E-18
4774.89424800873  2.836472E-18
4777.73078799248  5.739524E-18
4780.56732797623  3.737450E-18
4783.40386795998  6.389843E-18
4786.24040794373  3.038989E-18
4789.07694792748  2.394985E-20
4791.91348791123  2.598517E-18
4794.75002789498  1.717246E-18
4797.58656787873  1.518860E-18
4800.42310786248  3.359938E-18
4803.25964784623  2.461669E-18
4806.09618782998  1.161195E-18
4808.93272781372  5.077421E-18
4811.76926779747  3.243250E-18
4814.60580778122  1.611035E-18
4817.44234776497  1.386611E-18
4820.27888774872  2.014986E-18
4823.11542773247  1.749223E-18
4825.95196771622  5.407740E-18
4828.78850769997  3.782027E-18
4831.62504768372  2.662439E-18
4834.46158766747  5.560902E-18
4837.29812765122  3.898730E-18
4840.13466763497  2.981783E-18
4842.97120761872  3.743538E-18
4845.80774760247  2.538915E-18
4848.64428758622  4.674362E-18
4851.48082756997  5.712441E-18
4854.31736755372  1.968545E-18
4857.15390753746  2.569839E-19
4859.99044752121  2.915277E-18
4862.82698750496  4.878037E-18
4865.66352748871  1.926857E-18
4868.50006747246  1.994790E-18
4871.33660745621  2.843676E-18
4874.17314743996  3.638202E-18
4877.00968742371  6.136254E-19
4879.84622740746  7.941203E-19
4882.68276739121  1.633513E-18
4885.51930737496  2.295186E-18
4888.35584735871  5.340075E-18
4891.19238734246  5.555063E-18
4894.02892732621  2.344205E-18
4896.86546730996  4.496304E-18
4899.70200729371  6.564995E-18
4902.53854727746  5.430513E-18
4905.3750872612  2.703743E-18
4908.21162724495  4.856316E-18
4911.0481672287  6.310353E-18
4913.88470721245  4.511106E-18
4916.7212471962  3.093738E-18
4919.55778717995  2.303401E-18
4922.3943271637  4.259471E-18
4925.23086714745  2.977173E-18
4928.0674071312  4.817949E-18
4930.90394711495  4.377190E-18
4933.7404870987  2.817959E-18
4936.57702708245  2.857496E-18
4939.4135670662  4.852799E-18
4942.25010704995  3.318278E-18
4945.0866470337  2.053750E-18
4947.92318701745  3.961665E-18
4950.75972700119  2.377317E-18
4953.59626698494  3.181610E-18
4956.43280696869  4.155904E-18
4959.26934695244  2.969210E-18
4962.10588693619  4.258845E-18
4964.94242691994  5.239202E-18
4967.77896690369  5.408394E-18
4970.61550688744  3.327752E-18
4973.45204687119  2.190779E-18
4976.28858685494  3.658573E-18
4979.12512683869  3.209541E-18
4981.96166682244  4.210620E-18
4984.79820680619  3.692647E-18
4987.63474678994  3.767207E-18
4990.47128677369  2.546996E-18
4993.30782675744  4.590251E-19
4996.14436674119  2.507415E-18
4998.98090672494  1.634182E-18
5001.81744670868  4.898718E-18
5004.65398669243  2.481021E-18
5007.49052667618  1.105541E-18
5010.32706665993  5.506277E-18
5013.16360664368  2.626345E-18
5016.00014662743  2.842337E-19
5018.83668661118  4.741824E-18
5021.67322659493  4.419295E-18
5024.50976657868  2.594452E-18
5027.34630656243  8.812170E-19
5030.18284654618  8.260750E-19
5033.01938652993  3.242881E-18
5035.85592651368  8.327341E-18
5038.69246649743  4.291690E-19
5041.52900648118  5.779510E-17
5044.36554646493  2.494008E-17
5047.20208644868  -1.643646E-18
5050.03862643242  3.754407E-18
5052.87516641617  3.008532E-18
5055.71170639992  3.540691E-18
5058.54824638367  5.824852E-18
5061.38478636742  4.027257E-18
5064.22132635117  5.794948E-18
5067.05786633492  7.048576E-18
5069.89440631867  2.100374E-17
5072.73094630242  5.048976E-17
5075.56748628617  3.011422E-17
5078.40402626992  2.499250E-18
5081.24056625367  5.569101E-18
5084.07710623742  2.113000E-18
5086.91364622117  3.203414E-18
5089.75018620492  4.561388E-18
5092.58672618867  4.181882E-18
5095.42326617241  3.601850E-18
5098.25980615616  3.487509E-18
5101.09634613991  3.686312E-18
5103.93288612366  1.725553E-18
5106.76942610741  4.005838E-18
5109.60596609116  2.959430E-18
5112.44250607491  2.332780E-18
5115.27904605866  3.469665E-18
5118.11558604241  4.115409E-18
5120.95212602616  4.475472E-18
5123.78866600991  3.086254E-18
5126.62520599366  2.725011E-18
5129.46174597741  2.691443E-18
5132.29828596116  3.235273E-18
5135.13482594491  3.798175E-18
5137.97136592866  4.900727E-18
5140.80790591241  3.788771E-18
5143.64444589616  3.536210E-18
5146.4809858799  3.598843E-18
5149.31752586365  4.396889E-18
5152.1540658474  4.838597E-18
5154.99060583115  4.641502E-18
5157.8271458149  3.807962E-18
5160.66368579865  4.517998E-18
5163.5002257824  3.532018E-18
5166.33676576615  4.855579E-18
5169.1733057499  5.045532E-18
5172.00984573365  3.444450E-18
5174.8463857174  3.643389E-18
5177.68292570115  1.546991E-18
5180.5194656849  5.560872E-18
5183.35600566865  4.595668E-18
5186.1925456524  4.065546E-18
5189.02908563615  4.252160E-18
5191.86562561989  6.644327E-18
5194.70216560364  7.900591E-18
5197.53870558739  3.638804E-18
5200.37524557114  1.696658E-18
5203.21178555489  4.156826E-18
5206.04832553864  2.818749E-18
5208.88486552239  4.769239E-18
5211.72140550614  6.647229E-18
5214.55794548989  5.801785E-18
5217.39448547364  7.597141E-18
5220.23102545739  5.020460E-18
5223.06756544114  2.055459E-18
5225.90410542489  2.491326E-18
5228.74064540864  4.490407E-18
5231.57718539239  6.184528E-18
5234.41372537614  5.134832E-18
5237.25026535988  1.581293E-18
5240.08680534363  6.296750E-18
5242.92334532738  3.024597E-18
5245.75988531113  3.438207E-18
5248.59642529488  5.299698E-18
5251.43296527863  5.383026E-18
5254.26950526238  8.040570E-18
5257.10604524613  4.508939E-18
5259.94258522988  5.770340E-18
5262.77912521363  3.924581E-18
5265.61566519738  2.914463E-18
5268.45220518113  4.315214E-18
5271.28874516488  4.571810E-18
5274.12528514863  4.021743E-18
5276.96182513238  3.997269E-18
5279.79836511612  4.046075E-18
5282.63490509987  4.112431E-18
5285.47144508363  4.177133E-18
5288.30798506737  3.560187E-18
5291.14452505112  4.868516E-18
5293.98106503487  2.597491E-18
5296.81760501862  2.105389E-18
5299.65414500237  1.078740E-18
5302.49068498612  1.792170E-18
5305.32722496987  4.559170E-18
5308.16376495362  8.243948E-18
5311.00030493737  5.092638E-18
5313.83684492112  3.910216E-18
5316.67338490487  6.441320E-18
5319.50992488862  5.937235E-18
5322.34646487237  4.882752E-18
5325.18300485611  5.273818E-18
5328.01954483987  7.303577E-18
5330.85608482361  3.517025E-18
5333.69262480736  2.641885E-17
5336.52916479111  6.270327E-17
5339.36570477486  3.889318E-17
5342.20224475861  8.201215E-18
5345.03878474236  1.242034E-17
5347.87532472611  4.298969E-17
5350.71186470986  4.730408E-17
5353.54840469361  1.434989E-17
5356.38494467736  2.344026E-18
5359.22148466111  5.295516E-18
5362.05802464486  4.371011E-18
5364.89456462861  4.416018E-18
5367.73110461236  4.629763E-18
5370.56764459611  4.595243E-18
5373.40418457986  3.572772E-18
5376.2407245636  3.452161E-18
5379.07726454735  5.193169E-18
5381.9138045311  3.304790E-18
5384.75034451485  5.331809E-18
5387.5868844986  6.950999E-18
5390.42342448235  4.781970E-18
5393.2599644661  4.757802E-18
5396.09650444985  5.214702E-18
5398.9330444336  5.500953E-18
5401.76958441735  4.474176E-18
5404.6061244011  3.403468E-18
5407.44266438485  3.964573E-18
5410.2792043686  2.950720E-18
5413.11574435235  3.540934E-18
5415.9522843361  3.583779E-18
5418.78882431985  5.100333E-18
5421.62536430359  4.649203E-18
5424.46190428734  4.045922E-18
5427.29844427109  4.267822E-18
5430.13498425484  7.951813E-18
5432.97152423859  6.196525E-18
5435.80806422234  4.978065E-18
5438.64460420609  6.100021E-18
5441.48114418984  6.720793E-18
5444.31768417359  6.261937E-18
5447.15422415734  7.303930E-18
5449.99076414109  4.733112E-18
5452.82730412484  6.928555E-18
5455.66384410859  3.930364E-18
5458.50038409234  3.736834E-18
5461.33692407609  5.926946E-18
5464.17346405984  6.558367E-18
5467.01000404358  5.411526E-18
5469.84654402734  6.160986E-18
5472.68308401108  7.541795E-18
5475.51962399483  6.418841E-18
5478.35616397858  5.957153E-18
5481.19270396233  4.142450E-18
5484.02924394608  3.213886E-18
5486.86578392983  5.377699E-18
5489.70232391358  7.673611E-18
5492.53886389733  4.668728E-18
5495.37540388108  5.347433E-18
5498.21194386483  7.611485E-18
5501.04848384858  7.117383E-18
5503.88502383233  5.706483E-18
5506.72156381608  4.893509E-18
5509.55810379983  7.256665E-18
5512.39464378358  5.529863E-18
5515.23118376733  4.561465E-18
5518.06772375107  7.042470E-18
5520.90426373482  3.961927E-18
5523.74080371857  5.064339E-18
5526.57734370232  7.091677E-18
5529.41388368607  6.027647E-18
5532.25042366982  5.413283E-18
5535.08696365357  6.743822E-18
5537.92350363732  7.377699E-18
5540.76004362107  2.491271E-17
5543.59658360482  5.349782E-17
5546.43312358857  3.953349E-17
5549.26966357232  8.209719E-18
5552.10620355607  6.320548E-18
5554.94274353982  5.042390E-18
5557.77928352357  5.847613E-18
5560.61582350732  7.131648E-18
5563.45236349107  -5.734486E-18
5566.28890347481  -5.097725E-17
5569.12544345856  -1.188495E-17
5571.96198344231  1.478290E-17
5574.79852342606  4.461400E-18
5577.63506340981  8.343571E-18
5580.47160339356  8.035903E-18
5583.30814337731  4.608456E-18
5586.14468336106  7.998044E-18
5588.98122334481  6.717822E-18
5591.81776332856  5.847316E-17
5594.65430331231  2.643383E-17
5597.49084329606  1.891410E-18
5600.32738327981  6.085298E-18
5603.16392326356  5.058034E-18
5606.00046324731  6.754592E-18
5608.83700323106  6.015898E-18
5611.67354321481  5.130749E-18
5614.51008319856  5.677039E-18
5617.3466231823  5.033733E-18
5620.18316316605  5.876308E-18
5623.0197031498  6.298214E-18
5625.85624313355  5.185610E-18
5628.6927831173  4.899258E-18
5631.52932310105  6.141380E-18
5634.3658630848  4.167166E-18
5637.20240306855  5.193254E-18
5640.0389430523  6.870821E-18
5642.87548303605  6.871609E-18
5645.7120230198  5.651900E-18
5648.54856300355  6.234408E-18
5651.3851029873  6.803975E-18
5654.22164297105  6.309088E-18
5657.0581829548  4.520413E-18
5659.89472293854  3.590724E-18
5662.73126292229  5.523805E-18
5665.56780290604  5.040465E-18
5668.40434288979  4.224547E-18
5671.24088287354  5.239048E-18
5674.07742285729  5.082594E-18
5676.91396284104  4.820869E-18
5679.75050282479  4.724811E-18
5682.58704280854  4.788810E-18
5685.42358279229  4.531188E-18
5688.26012277604  4.304475E-18
5691.09666275979  4.716297E-18
5693.93320274354  5.157647E-18
5696.76974272729  4.115802E-18
5699.60628271104  4.406584E-18
5702.44282269478  6.031572E-18
5705.27936267854  2.946488E-18
5708.11590266228  2.173060E-18
5710.95244264603  5.021678E-18
5713.78898262978  6.321653E-18
5716.62552261353  6.128589E-18
5719.46206259728  5.367948E-18
5722.29860258103  4.419300E-18
5725.13514256478  4.820641E-18
5727.97168254853  4.748223E-18
5730.80822253228  5.692346E-18
5733.64476251603  4.732070E-18
5736.48130249978  4.554507E-18
5739.31784248353  4.478082E-18
5742.15438246728  5.437047E-18
5744.99092245103  6.104019E-18
5747.82746243478  5.974933E-18
5750.66400241852  5.802049E-18
5753.50054240227  5.995295E-18
5756.33708238602  6.260103E-18
5759.17362236977  4.855758E-18
5762.01016235352  5.065885E-18
5764.84670233727  5.335559E-18
5767.68324232102  5.445619E-18
5770.51978230477  5.195861E-18
5773.35632228852  4.249988E-18
5776.19286227227  6.983907E-18
5779.02940225602  7.536094E-18
5781.86594223977  5.488184E-18
5784.70248222352  5.708129E-18
5787.53902220727  5.967357E-18
5790.37556219102  3.777549E-18
5793.21210217477  6.633329E-18
5796.04864215852  7.558317E-18
5798.88518214226  6.141444E-18
5801.72172212601  4.329274E-18
5804.55826210976  5.613018E-18
5807.39480209351  7.350047E-18
5810.23134207726  7.285780E-18
5813.06788206101  6.143897E-18
5815.90442204476  7.958052E-18
5818.74096202851  8.643174E-18
5821.57750201226  7.830671E-18
5824.41404199601  6.743597E-18
5827.25058197976  6.341600E-18
5830.08712196351  7.075303E-18
5832.92366194726  7.150047E-18
5835.76020193101  6.647070E-18
5838.59674191475  6.694570E-18
5841.43328189851  7.506868E-18
5844.26982188225  6.606280E-18
5847.106361866  6.296577E-18
5849.94290184975  8.482249E-18
5852.7794418335  5.882069E-18
5855.61598181725  5.553715E-18
5858.452521801  6.043005E-18
5861.28906178475  8.119972E-18
5864.1256017685  8.809554E-18
5866.96214175225  7.096551E-18
5869.798681736  6.459147E-18
5872.63522171975  7.697471E-18
5875.4717617035  3.010575E-18
5878.30830168725  1.084049E-18
5881.144841671  5.680034E-18
5883.98138165475  1.984240E-18
5886.8179216385  1.544249E-17
5889.65446162225  4.170468E-17
5892.49100160599  5.716411E-18
5895.32754158974  5.485657E-18
5898.16408157349  7.605477E-18
5901.00062155724  1.162618E-17
5903.83716154099  1.991352E-17
5906.67370152474  4.398248E-18
5909.51024150849  1.778275E-17
5912.34678149224  3.839407E-18
5915.18332147599  8.127097E-18
5918.01986145974  4.869449E-18
5920.85640144349  6.580819E-18
5923.69294142724  8.088694E-18
5926.52948141099  7.045954E-18
5929.36602139474  8.298906E-18
5932.20256137849  4.327653E-18
5935.03910136223  6.853846E-18
5937.87564134598  7.731780E-18
5940.71218132973  4.447380E-17
5943.54872131348  8.638613E-18
5946.38526129723  6.131018E-18
5949.22180128098  5.066947E-18
5952.05834126473  6.239821E-18
5954.89488124848  6.588881E-18
5957.73142123223  5.685319E-18
5960.56796121598  7.779510E-18
5963.40450119973  7.151726E-18
5966.24104118348  5.620030E-18
5969.07758116723  7.993019E-18
5971.91412115098  6.047077E-18
5974.75066113473  5.953955E-18
5977.58720111848  6.549432E-18
5980.42374110222  3.792432E-18
5983.26028108598  4.995260E-18
5986.09682106972  6.424958E-18
5988.93336105347  6.998989E-18
5991.76990103722  6.112436E-18
5994.60644102097  6.029480E-18
5997.44298100472  7.501183E-18
6000.27952098847  5.268363E-18
6003.11606097222  4.492307E-18
6005.95260095597  5.464958E-18
6008.78914093972  5.940796E-18
6011.62568092347  7.223289E-18
6014.46222090722  8.120732E-18
6017.29876089097  8.429942E-18
6020.13530087472  6.818898E-18
6022.97184085847  5.922449E-18
6025.80838084222  6.765600E-18
6028.64492082597  4.908947E-18
6031.48146080971  5.259065E-18
6034.31800079346  5.807826E-18
6037.15454077721  6.235855E-18
6039.99108076096  6.802660E-18
6042.82762074471  6.032285E-18
6045.66416072846  2.221494E-17
6048.50070071221  2.533953E-17
6051.33724069596  4.274017E-18
6054.17378067971  7.980183E-18
6057.01032066346  5.511885E-18
6059.84686064721  5.272240E-18
6062.68340063096  5.502941E-18
6065.51994061471  7.398686E-18
6068.35648059846  8.000433E-18
6071.19302058221  6.606976E-18
6074.02956056595  6.903059E-18
6076.8661005497  6.955632E-18
6079.70264053345  6.798889E-18
6082.5391805172  5.721473E-18
6085.37572050095  6.123413E-18
6088.2122604847  6.000281E-18
6091.04880046845  1.025469E-17
6093.8853404522  3.523309E-17
6096.72188043595  4.231115E-17
6099.5584204197  1.346213E-17
6102.39496040345  3.863628E-18
6105.2315003872  6.921874E-18
6108.06804037095  5.689252E-18
6110.9045803547  6.295498E-18
6113.74112033845  6.002018E-18
6116.5776603222  5.093286E-18
6119.41420030595  5.756887E-18
6122.2507402897  6.852112E-18
6125.08728027345  7.573880E-18
6127.9238202572  7.939892E-18
6130.76036024094  7.192577E-18
6133.59690022469  6.323426E-18
6136.43344020844  6.165174E-18
6139.26998019219  7.404406E-18
6142.10652017594  6.533676E-18
6144.94306015969  4.987938E-18
6147.77960014344  5.445557E-18
6150.61614012719  6.716448E-18
6153.45268011094  7.542367E-18
6156.28922009469  4.919077E-18
6159.12576007844  4.788753E-18
6161.96230006219  5.867429E-18
6164.79884004594  6.588991E-18
6167.63538002969  6.958402E-18
6170.47192001344  6.156676E-18
6173.30845999718  4.741784E-18
6176.14499998093  5.079614E-18
6178.98153996468  5.800950E-18
6181.81807994843  6.870455E-18
6184.65461993218  7.298358E-18
6187.49115991593  6.145752E-18
6190.32769989968  5.658724E-18
6193.16423988343  6.412953E-18
6196.00077986718  4.761504E-18
6198.83731985093  4.826909E-18
6201.67385983468  5.751653E-18
6204.51039981843  6.194373E-18
6207.34693980218  7.515263E-18
6210.18347978593  6.128034E-18
6213.02001976968  6.776048E-18
6215.85655975343  7.246450E-18
6218.69309973718  5.703129E-18
6221.52963972092  6.082644E-18
6224.36617970467  6.902597E-18
6227.20271968842  6.027709E-18
6230.03925967217  5.896510E-18
6232.87579965592  6.781893E-18
6235.71233963967  6.693748E-18
6238.54887962342  5.990072E-18
6241.38541960717  6.337282E-18
6244.22195959092  5.713599E-18
6247.05849957467  4.902753E-18
6249.89503955842  8.432671E-18
6252.73157954217  7.945251E-18
6255.56811952592  6.298660E-18
6258.40465950967  6.399422E-18
6261.24119949342  7.606935E-18
6264.07773947716  7.278829E-18
6266.91427946091  6.524508E-18
6269.75081944466  8.048066E-18
6272.58735942841  7.447009E-18
6275.42389941216  3.906566E-18
6278.26043939591  5.406981E-18
6281.09697937966  6.351695E-18
6283.93351936341  7.153898E-18
6286.77005934716  1.092076E-18
6289.60659933091  -5.583512E-19
6292.44313931466  4.897951E-18
6295.27967929841  7.981961E-18
6298.11621928216  8.723381E-18
6300.95275926591  7.119745E-18
6303.78929924966  5.436655E-18
6306.62583923341  6.020210E-18
6309.46237921716  6.270587E-18
6312.29891920091  1.262128E-17
6315.13545918465  1.087820E-17
6317.9719991684  4.133862E-18
6320.80853915215  7.295804E-18
6323.6450791359  7.030808E-18
6326.48161911965  7.246112E-18
6329.3181591034  1.397009E-17
6332.15469908715  2.714702E-17
6334.9912390709  2.951689E-17
6337.82777905465  2.839925E-17
6340.6643190384  4.721075E-17
6343.50085902215  6.863697E-17
6346.3373990059  3.700229E-17
6349.17393898965  7.541597E-18
6352.0104789734  8.062876E-18
6354.84701895715  8.860561E-18
6357.6835589409  9.256261E-18
6360.52009892464  9.173861E-18
6363.35663890839  9.958477E-18
6366.19317889214  8.475197E-18
6369.02971887589  9.330374E-18
6371.86625885964  9.978420E-18
6374.70279884339  7.159778E-18
6377.53933882714  8.926247E-18
6380.37587881089  1.012154E-17
6383.21241879464  1.121795E-17
6386.04895877839  1.017197E-17
6388.88549876214  9.432317E-18
6391.72203874589  1.040803E-17
6394.55857872964  1.112931E-17
6397.39511871339  1.126120E-17
6400.23165869714  1.116213E-17
6403.06819868089  1.088010E-17
6405.90473866463  1.839297E-17
6408.74127864838  4.263957E-17
6411.57781863213  8.714680E-17
6414.41435861588  9.415391E-17
6417.25089859963  4.467449E-17
6420.08743858338  1.438236E-17
6422.92397856713  1.123905E-17
6425.76051855088  1.274160E-17
6428.59705853463  1.318962E-17
6431.43359851838  1.131409E-17
6434.27013850213  1.217577E-17
6437.10667848588  1.240607E-17
6439.94321846963  1.251103E-17
6442.77975845338  1.080154E-17
6445.61629843713  1.071039E-17
6448.45283842088  1.212099E-17
6451.28937840462  1.054470E-17
6454.12591838837  9.781345E-18
6456.96245837212  1.084613E-17
6459.79899835587  1.182873E-17
6462.63553833962  1.243893E-17
6465.47207832337  1.192539E-17
6468.30861830712  1.072383E-17
6471.14515829087  1.270316E-17
6473.98169827462  1.286139E-17
6476.81823825837  1.175803E-17
6479.65477824212  1.330452E-17
6482.49131822587  1.185541E-17
6485.32785820962  1.002097E-17
6488.16439819337  1.109937E-17
6491.00093817712  1.090301E-17
6493.83747816086  1.107929E-17
6496.67401814462  1.315392E-17
6499.51055812836  1.198914E-17
6502.34709811211  1.105855E-17
6505.18363809586  1.224665E-17
6508.02017807961  1.538245E-17
6510.85671806336  1.485050E-17
6513.69325804711  1.433115E-17
6516.52979803086  1.343076E-17
6519.36633801461  1.174885E-17
6522.20287799836  1.215367E-17
6525.03941798211  1.248884E-17
6527.87595796586  1.337139E-17
6530.71249794961  1.339378E-17
6533.54903793336  1.307021E-17
6536.38557791711  1.126142E-17
6539.22211790086  1.081841E-17
6542.05865788461  1.360988E-17
6544.89519786836  1.203594E-17
6547.7317378521  1.314848E-17
6550.56827783585  1.201322E-17
6553.4048178196  1.460804E-17
6556.24135780335  1.537917E-17
6559.0778977871  1.553074E-17
6561.91443777085  1.421614E-17
6564.7509777546  1.214198E-17
6567.58751773835  1.471136E-17
6570.4240577221  1.573558E-17
6573.26059770585  1.632722E-17
6576.0971376896  1.617904E-17
6578.93367767335  1.325939E-17
6581.7702176571  1.330906E-17
6584.60675764085  1.120742E-17
6587.4432976246  1.204166E-17
6590.27983760834  1.326180E-17
6593.11637759209  1.453970E-17
6595.95291757584  1.334501E-17
6598.78945755959  1.155255E-17
6601.62599754334  1.326366E-17
6604.46253752709  1.261759E-17
6607.29907751084  1.259729E-17
6610.13561749459  1.161921E-17
6612.97215747834  1.138069E-17
6615.80869746209  1.142816E-17
6618.64523744584  1.184406E-17
6621.48177742959  1.386482E-17
6624.31831741334  1.198458E-17
6627.15485739709  1.190840E-17
6629.99139738084  1.085094E-17
6632.82793736459  1.192151E-17
6635.66447734833  1.222472E-17
6638.50101733209  1.088849E-17
6641.33755731583  1.296887E-17
6644.17409729958  1.193559E-17
6647.01063728333  1.201068E-17
6649.84717726708  1.298601E-17
6652.68371725083  1.281959E-17
6655.52025723458  1.307264E-17
6658.35679721833  1.372844E-17
6661.19333720208  1.147249E-17
6664.02987718583  3.337965E-17
6666.86641716958  1.685516E-17
6669.70295715333  1.332285E-17
6672.53949713708  1.229307E-17
6675.37603712083  1.171900E-17
6678.21257710458  1.013272E-17
6681.04911708833  1.119680E-17
6683.88565707208  1.046223E-17
6686.72219705582  1.237289E-17
6689.55873703957  1.065982E-17
6692.39527702332  1.071976E-17
6695.23181700707  1.181835E-17
6698.06835699082  1.102241E-17
6700.90489697457  1.005791E-17
6703.74143695832  1.043978E-17
6706.57797694207  9.551728E-18
6709.41451692582  1.192238E-17
6712.25105690957  1.208930E-17
6715.08759689332  9.059523E-18
6717.92413687707  1.188334E-17
6720.76067686082  9.689528E-18
6723.59721684457  9.212848E-18
6726.43375682832  1.168390E-17
6729.27029681207  1.065350E-17
6732.10683679582  1.040495E-17
6734.94337677956  1.023298E-17
6737.77991676331  9.770347E-18
6740.61645674706  1.140463E-17
6743.45299673081  1.281114E-17
6746.28953671456  1.119581E-17
6749.12607669831  1.051890E-17
6751.96261668206  1.235623E-17
6754.79915666581  1.056268E-17
6757.63569664956  8.385941E-18
6760.47223663331  9.715262E-18
6763.30877661706  1.073866E-17
6766.14531660081  1.017505E-17
6768.98185658456  9.896443E-18
6771.81839656831  9.407870E-18
6774.65493655206  8.347645E-18
6777.49147653581  9.217372E-18
6780.32801651956  9.163587E-18
6783.1645565033  9.587671E-18
6786.00109648705  7.684717E-18
6788.8376364708  1.020272E-17
6791.67417645455  1.036338E-17
6794.5107164383  9.069539E-18
6797.34725642205  8.923172E-18
6800.1837964058  7.925760E-18
6803.02033638955  7.735055E-18
6805.8568763733  9.299178E-18
6808.69341635705  8.484928E-18
6811.5299563408  1.021859E-17
6814.36649632455  7.633579E-18
6817.2030363083  5.260913E-18
6820.03957629205  5.477752E-18
6822.8761162758  9.440557E-18
6825.71265625955  1.844955E-17
6828.54919624329  8.415495E-18
6831.38573622704  9.109437E-18
6834.22227621079  7.975870E-18
6837.05881619454  8.717292E-18
6839.89535617829  9.363706E-18
6842.73189616204  5.499024E-18
6845.56843614579  1.423042E-17
6848.40497612954  8.152001E-19
6851.24151611329  9.879461E-18
6854.07805609704  6.221601E-18
6856.91459608079  8.289203E-18
6859.75113606454  7.374901E-18
6862.58767604829  7.043790E-18
6865.42421603204  6.240380E-18
6868.26075601579  7.317445E-18
6871.09729599954  6.694089E-18
6873.93383598329  9.007427E-18
6876.77037596703  7.936906E-18
6879.60691595078  9.336381E-18
6882.44345593453  8.802371E-18
6885.27999591828  5.304976E-18
6888.11653590203  6.745125E-18
6890.95307588578  7.457539E-18
6893.78961586953  7.745460E-18
6896.62615585328  7.460273E-18
6899.46269583703  9.541997E-18
6902.29923582078  6.703173E-18
6905.13577580453  1.095760E-17
6907.97231578828  3.442445E-18
6910.80885577203  1.029784E-17
6913.64539575578  1.086086E-17
6916.48193573953  1.004522E-17
6919.31847572328  9.477838E-18
6922.15501570702  1.110956E-17
6924.99155569077  8.725267E-18
6927.82809567452  9.482525E-18
6930.66463565827  1.030771E-17
6933.50117564202  8.490572E-18
6936.33771562577  1.138990E-17
6939.17425560952  9.650567E-18
6942.01079559327  1.053504E-17
6944.84733557702  8.807688E-18
6947.68387556077  8.056771E-18
6950.52041554452  1.106326E-17
6953.35695552827  9.006256E-18
6956.19349551202  1.039155E-17
6959.03003549577  1.204573E-17
6961.86657547952  9.690086E-18
6964.70311546326  1.107414E-17
6967.53965544702  8.456320E-18
6970.37619543076  1.117771E-17
6973.21273541451  1.060723E-17
6976.04927539826  9.265091E-18
6978.88581538201  1.130986E-17
6981.72235536576  1.094892E-17
6984.55889534951  1.146496E-17
6987.39543533326  1.172678E-17
6990.23197531701  1.352496E-17
6993.06851530076  1.116312E-17
6995.90505528451  1.123199E-17
6998.74159526826  1.080470E-17
7001.57813525201  8.364128E-18
7004.41467523576  9.816319E-18
7007.25121521951  1.052176E-17
7010.08775520326  9.633288E-18
7012.92429518701  9.869176E-18
7015.76083517076  9.058797E-18
7018.5973751545  1.332088E-17
7021.43391513825  1.086873E-17
7024.270455122  1.097819E-17
7027.10699510575  1.122489E-17
7029.9435350895  1.110269E-17
7032.78007507325  1.162396E-17
7035.616615057  9.708160E-18
7038.45315504075  1.055469E-17
7041.2896950245  1.154334E-17
7044.12623500825  9.050036E-18
7046.962774992  1.039661E-17
7049.79931497575  1.149638E-17
7052.6358549595  1.051115E-17
7055.47239494325  1.033698E-17
7058.308934927  1.023504E-17
7061.14547491074  9.885197E-18
7063.98201489449  1.149625E-17
7066.81855487824  1.024514E-17
7069.65509486199  1.062430E-17
7072.49163484574  8.886377E-18
7075.32817482949  8.620362E-18
7078.16471481324  1.035799E-17
7081.00125479699  1.202825E-17
7083.83779478074  1.040896E-17
7086.67433476449  9.682303E-18
7089.51087474824  1.186773E-17
7092.34741473199  1.147870E-17
7095.18395471574  1.047488E-17
7098.02049469949  1.151179E-17
7100.85703468324  1.106378E-17
7103.69357466699  9.596206E-18
7106.53011465073  8.261657E-18
7109.36665463449  1.031085E-17
7112.20319461823  1.038924E-17
7115.03973460198  1.036457E-17
7117.87627458573  1.198922E-17
7120.71281456948  1.057614E-17
7123.54935455323  1.028589E-17
7126.38589453698  9.793246E-18
7129.22243452073  1.049077E-17
7132.05897450448  1.046246E-17
7134.89551448823  1.070743E-17
7137.73205447198  1.114185E-17
7140.56859445573  1.141143E-17
7143.40513443948  1.111283E-17
7146.24167442323  9.873276E-18
7149.07821440698  1.127951E-17
7151.91475439073  1.136321E-17
7154.75129437448  1.080766E-17
7157.58783435822  1.097978E-17
7160.42437434197  9.879068E-18
7163.26091432572  1.024129E-17
7166.09745430947  1.138275E-17
7168.93399429322  1.146864E-17
7171.77053427697  1.174500E-17
7174.60707426072  1.281881E-17
7177.44361424447  1.093420E-17
7180.28015422822  1.042103E-17
7183.11669421197  1.113092E-17
7185.95323419572  1.173251E-17
7188.78977417947  1.050725E-17
7191.62631416322  1.116178E-17
7194.46285414697  1.114039E-17
7197.29939413072  1.145922E-17
7200.13593411447  1.187503E-17
7202.97247409821  1.140548E-17
7205.80901408196  1.222249E-17
7208.64555406571  1.294546E-17
7211.48209404946  1.085837E-17
7214.31863403321  1.134053E-17
7217.15517401696  1.219482E-17
7219.99171400071  1.224159E-17
7222.82825398446  1.178973E-17
7225.66479396821  6.810174E-18
7228.50133395196  1.211555E-17
7231.33787393571  3.043713E-17
7234.17441391946  3.062207E-17
7237.01095390321  9.498771E-18
7239.84749388696  1.339691E-17
7242.68403387071  1.330868E-17
7245.52057385446  1.264297E-17
7248.3571138382  1.306353E-17
7251.19365382196  1.589670E-17
7254.0301938057  1.169443E-17
7256.86673378945  1.711885E-17
7259.7032737732  2.019049E-17
7262.53981375695  3.183980E-17
7265.3763537407  2.911766E-17
7268.21289372445  1.812932E-17
7271.0494337082  1.176434E-17
7273.88597369195  1.154803E-17
7276.7225136757  1.183049E-17
7279.55905365945  1.140860E-17
7282.3955936432  1.497747E-17
7285.23213362695  1.462541E-17
7288.0686736107  1.742566E-17
7290.90521359445  9.850138E-18
7293.7417535782  1.344243E-17
7296.57829356195  1.420076E-17
7299.41483354569  1.229860E-17
7302.25137352944  1.067292E-17
7305.08791351319  1.264473E-17
7307.92445349694  1.584175E-17
7310.76099348069  2.427249E-17
7313.59753346444  3.461379E-17
7316.43407344819  3.416034E-17
7319.27061343194  2.393229E-17
7322.10715341569  1.412462E-17
7324.94369339944  6.166237E-18
7327.78023338319  2.081481E-17
7330.61677336694  7.515748E-18
7333.45331335069  1.205497E-17
7336.28985333444  1.111750E-17
7339.12639331819  1.365492E-17
7341.96293330193  1.095233E-17
7344.79947328569  1.300142E-17
7347.63601326943  1.290225E-17
7350.47255325318  1.154193E-17
7353.30909323693  9.528231E-18
7356.14563322068  1.456047E-17
7358.98217320443  1.045152E-17
7361.81871318818  1.154587E-17
7364.65525317193  1.166736E-17
7367.49179315568  1.227445E-17
7370.32833313943  1.420269E-17
7373.16487312318  1.308965E-17
7376.00141310693  1.145862E-17
7378.83795309068  1.136469E-17
7381.67449307443  1.137608E-17
7384.51103305818  9.890127E-18
7387.34757304193  8.694031E-18
7390.18411302567  1.116911E-17
7393.02065300943  1.045520E-17
7395.85719299317  1.185583E-17
7398.69373297692  1.013519E-17
7401.53027296067  1.005201E-17
7404.36681294442  1.177746E-17
7407.20335292817  8.550269E-18
7410.03989291192  9.031606E-18
7412.87643289567  1.292256E-17
7415.71297287942  1.012142E-17
7418.54951286317  1.196760E-17
7421.38605284692  1.043071E-17
7424.22259283067  8.608455E-18
7427.05913281442  1.133589E-17
7429.89567279817  1.148028E-17
7432.73221278191  1.017805E-17
7435.56875276566  9.696416E-18
7438.40529274941  1.049355E-17
7441.24183273316  1.337886E-17
7444.07837271691  2.686969E-17
7446.91491270066  3.578644E-17
7449.75145268441  1.879296E-17
7452.58799266816  8.950395E-18
7455.42453265191  9.107973E-18
7458.26107263566  8.782402E-18
7461.09761261941  1.097142E-17
7463.93415260316  8.730555E-18
7466.77069258691  8.851134E-18
7469.60723257066  8.280542E-18
7472.44377255441  8.912987E-18
7475.28031253816  9.457040E-18
7478.1168525219  1.038176E-17
7480.95339250566  1.048753E-17
7483.7899324894  1.060033E-17
7486.62647247315  8.743123E-18
7489.4630124569  8.721856E-18
7492.29955244065  1.080670E-17
7495.1360924244  1.068267E-17
7497.97263240815  9.126127E-18
7500.8091723919  8.427697E-18
7503.64571237565  1.084708E-17
7506.4822523594  8.355798E-18
7509.31879234315  7.348581E-18
7512.1553323269  9.115477E-18
7514.99187231065  8.533917E-18
7517.8284122944  9.333969E-18
7520.66495227815  9.604818E-18
7523.5014922619  9.965272E-18
7526.33803224565  8.409394E-18
7529.17457222939  7.159092E-18
7532.01111221314  9.112442E-18
7534.84765219689  1.246580E-17
7537.68419218064  8.069657E-18
7540.52073216439  8.891952E-18
7543.35727214814  8.637279E-18
7546.19381213189  8.285937E-18
7549.03035211564  7.941848E-18
7551.86689209939  1.045453E-17
7554.70343208314  7.768789E-18
7557.53997206689  6.507706E-18
7560.37651205064  8.918007E-18
7563.21305203439  9.218510E-18
7566.04959201814  1.048871E-17
7568.88613200189  1.032359E-17
7571.72267198564  9.741522E-18
7574.55921196938  1.168014E-17
7577.39575195313  9.601742E-18
7580.23229193688  7.991705E-18
7583.06883192063  9.281633E-18
7585.90537190438  8.906108E-18
7588.74191188813  9.400883E-18
7591.57845187188  6.583890E-18
7594.41499185563  5.068340E-18
7597.25153183938  5.457647E-18
7600.08807182313  4.274819E-18
7602.92461180688  4.836883E-18
7605.76115179063  5.288746E-18
7608.59769177438  7.664664E-18
7611.43423175813  6.904334E-18
7614.27077174188  6.652073E-18
7617.10731172563  6.893259E-18
7619.94385170937  5.968090E-18
7622.78039169313  6.681767E-18
7625.61693167687  6.081570E-18
7628.45347166062  5.264190E-18
7631.29001164437  5.995871E-18
7634.12655162812  6.064498E-18
7636.96309161187  6.953587E-18
7639.79963159562  7.384006E-18
7642.63617157937  7.753664E-18
7645.47271156312  8.070713E-18
7648.30925154687  7.027338E-18
7651.14579153062  8.000994E-18
7653.98233151437  9.923601E-18
7656.81887149812  9.387178E-18
7659.65541148187  6.392994E-18
7662.49195146562  7.192637E-18
7665.32849144937  1.022734E-17
7668.16503143312  1.023770E-17
7671.00157141686  9.390273E-18
7673.83811140061  1.062265E-17
7676.67465138436  9.683608E-18
7679.51119136811  8.743348E-18
7682.34773135186  8.670216E-18
7685.18427133561  9.566623E-18
7688.02081131936  9.811619E-18
7690.85735130311  1.094677E-17
7693.69389128686  8.705906E-18
7696.53043127061  1.236155E-17
7699.36697125436  8.553682E-18
7702.20351123811  5.827899E-18
7705.04005122186  1.030701E-17
7707.87659120561  1.126514E-17
7710.71313118936  8.018134E-18
7713.54967117311  7.008779E-18
7716.38621115685  9.382790E-18
7719.2227511406  4.932297E-18
7722.05929112435  6.900427E-18
7724.8958311081  1.157319E-17
7727.73237109185  6.908683E-18
7730.5689110756  1.502783E-17
7733.40545105935  1.225340E-17
7736.2419910431  6.870909E-18
7739.07853102685  1.212742E-17
7741.9150710106  8.646434E-18
7744.75161099435  8.251130E-18
7747.5881509781  9.193261E-18
7750.42469096185  6.431546E-18
7753.2612309456  1.140347E-17
7756.09777092935  8.180249E-18
7758.9343109131  1.130773E-17
7761.77085089684  1.216787E-17
7764.6073908806  1.404704E-17
7767.44393086434  1.184885E-17
7770.28047084809  7.331031E-18
7773.11701083184  1.435278E-17
7775.95355081559  1.059144E-17
7778.79009079934  7.525900E-18
7781.62663078309  9.140370E-18
7784.46317076684  9.914585E-18
7787.29971075059  8.843682E-18
7790.13625073434  7.757113E-18
7792.97279071809  7.289842E-18
7795.80933070184  8.036142E-18
7798.64587068559  1.035174E-17
7801.48241066934  1.117442E-17
7804.31895065309  8.988689E-18
7807.15549063684  1.037243E-17
7809.99203062059  1.119102E-17
7812.82857060433  1.009458E-17
7815.66511058808  9.245705E-18
7818.50165057183  9.510930E-18
7821.33819055558  6.728079E-18
7824.17473053933  2.182007E-17
7827.01127052308  2.534627E-17
7829.84781050683  7.334748E-18
7832.68435049058  7.082039E-18
7835.52089047433  1.298933E-17
7838.35743045808  1.412754E-17
7841.19397044183  1.373539E-17
7844.03051042558  1.357156E-17
7846.86705040933  7.951159E-18
7849.70359039308  1.203353E-17
7852.54013037683  1.186177E-17
7855.37667036057  1.544877E-17
7858.21321034432  1.382365E-17
7861.04975032807  1.437811E-17
7863.88629031182  8.126748E-19
7866.72283029557  1.314466E-17
7869.55937027932  7.042848E-18
7872.39591026307  1.182139E-17
7875.23245024682  1.378303E-17
7878.06899023057  8.923646E-18
7880.90553021432  7.088529E-18
7883.74207019807  8.392715E-18
7886.57861018182  9.991812E-18
7889.41515016557  1.029597E-17
7892.25169014932  5.390049E-18
7895.08823013307  5.757507E-18
7897.92477011682  2.616665E-17
7900.76131010057  2.020249E-18
7903.59785008431  1.134792E-17
7906.43439006807  8.789974E-18
7909.27093005181  1.050739E-17
7912.10747003556  1.178516E-17
7914.94401001931  1.755314E-17
7917.78055000306  1.364348E-17
7920.61708998681  1.703401E-17
7923.45362997056  -5.002620E-18
7926.29016995431  1.029065E-17
7929.12670993806  1.064419E-17
7931.96324992181  7.780916E-18
7934.79978990556  1.148776E-17
7937.63632988931  9.615665E-18
7940.47286987306  8.520575E-18
7943.30940985681  8.179480E-18
7946.14594984056  3.906640E-18
7948.9824898243  1.929364E-17
7951.81902980806  1.057111E-17
7954.6555697918  1.043398E-17
7957.49210977555  8.716441E-18
7960.3286497593  7.944397E-18
7963.16518974305  1.723519E-17
7966.0017297268  1.130426E-17
7968.83826971055  1.367480E-17
7971.6748096943  1.302964E-17
7974.51134967805  -6.885381E-18
7977.3478896618  1.859881E-17
7980.18442964555  7.876779E-18
7983.0209696293  1.264673E-17
7985.85750961305  9.731862E-18
7988.6940495968  9.182269E-18
7991.53058958055  1.083376E-17
7994.3671295643  9.584979E-18
7997.20366954805  1.084929E-17
8000.04020953179  1.130866E-17
8002.87674951554  9.701900E-18
8005.71328949929  1.325166E-17
8008.54982948304  1.163855E-17
8011.38636946679  1.198120E-17
8014.22290945054  1.365461E-17
8017.05944943429  9.744523E-18
8019.89598941804  8.415751E-18
8022.73252940179  1.449823E-17
8025.56906938554  1.139357E-17
8028.40560936929  1.114516E-17
8031.24214935304  7.318464E-18
8034.07868933679  1.481576E-17
8036.91522932054  6.051636E-18
8039.75176930429  9.980540E-18
8042.58830928804  1.037879E-17
8045.42484927178  1.219214E-17
8048.26138925553  1.059632E-17
8051.09792923928  9.574876E-18
8053.93446922303  8.513518E-18
8056.77100920678  7.725960E-18
8059.60754919053  1.057675E-17
8062.44408917428  1.155309E-17
8065.28062915803  1.073565E-17
8068.11716914178  9.597972E-18
8070.95370912553  1.189265E-17
8073.79024910928  8.569257E-18
8076.62678909303  9.765297E-18
8079.46332907678  1.130311E-17
8082.29986906053  1.173972E-17
8085.13640904428  1.024817E-17
8087.97294902803  1.877233E-17
8090.80948901177  2.813292E-17
8093.64602899553  1.941869E-17
8096.48256897927  1.070120E-17
8099.31910896302  1.058257E-17
8102.15564894677  1.137831E-17
8104.99218893052  1.001858E-17
8107.82872891427  9.769529E-18
8110.66526889802  9.988217E-18
8113.50180888177  1.054656E-17
8116.33834886552  1.155028E-17
8119.17488884927  1.092834E-17
8122.01142883302  1.094628E-17
8124.84796881677  1.035528E-17
8127.68450880052  8.958366E-18
8130.52104878427  8.524541E-18
8133.35758876802  1.107238E-17
8136.19412875177  2.133137E-17
8139.03066873552  2.147808E-17
8141.86720871926  4.247339E-17
8144.70374870301  4.172343E-17
8147.54028868676  1.442627E-17
8150.37682867051  1.070741E-17
8153.21336865426  9.568943E-18
8156.04990863801  1.060682E-17
8158.88644862176  1.058341E-17
8161.72298860551  1.160315E-17
8164.55952858926  1.112135E-17
8167.39606857301  8.883684E-18
8170.23260855676  9.119531E-18
8173.06914854051  9.921658E-18
8175.90568852426  1.078304E-17
8178.74222850801  9.260239E-18
8181.57876849176  9.164702E-18
8184.41530847551  1.067651E-17
8187.25184845925  9.613238E-18
8190.088388443  8.961058E-18
8192.92492842675  1.188713E-17
8195.7614684105  1.096070E-17
8198.59800839425  8.910653E-18
8201.434548378  8.130016E-18
8204.27108836175  9.781379E-18
8207.1076283455  9.167365E-18
8209.94416832925  9.801118E-18
8212.780708313  1.059242E-17
8215.61724829675  1.076358E-17
8218.4537882805  1.036276E-17
8221.29032826425  9.415679E-18
8224.126868248  1.030587E-17
8226.96340823175  9.380251E-18
8229.7999482155  9.261684E-18
8232.63648819924  9.697998E-18
8235.473028183  1.039872E-17
8238.30956816675  9.867403E-18
8241.14610815049  9.950633E-18
8243.98264813424  9.337681E-18
8246.81918811799  9.949701E-18
8249.65572810174  9.702946E-18
8252.49226808549  9.810582E-18
8255.32880806924  8.727293E-18
8258.16534805299  1.026995E-17
8261.00188803674  1.097391E-17
8263.83842802049  1.282717E-17
8266.67496800424  8.474489E-18
8269.51150798799  2.111434E-17
8272.34804797174  1.228187E-17
8275.18458795548  7.698369E-18
8278.02112793924  4.514097E-18
8280.85766792298  1.930409E-17
8283.69420790673  1.068242E-17
8286.53074789049  1.151900E-17
8289.36728787423  -2.990426E-19
8292.20382785798  1.614931E-17
8295.04036784173  1.123757E-17
8297.87690782548  4.641418E-18
8300.71344780923  1.510527E-17
8303.54998779298  1.521911E-17
8306.38652777673  -4.500681E-19
8309.22306776048  1.080150E-17
8312.05960774423  1.047431E-17
8314.89614772798  1.339443E-17
8317.73268771173  7.273991E-18
8320.56922769548  1.344735E-17
8323.40576767923  -1.470879E-17
8326.24230766297  5.355910E-17
8329.07884764672  1.580898E-17
8331.91538763047  -1.879888E-19
8334.75192761422  2.459516E-17
8337.58846759797  1.424773E-17
8340.42500758172  1.664267E-17
8343.26154756547  7.959656E-18
8346.09808754922  1.110719E-17
8348.93462753297  1.844846E-17
8351.77116751672  3.357077E-18
8354.60770750047  3.846061E-18
8357.44424748422  1.633913E-17
8360.28078746797  1.012505E-17
8363.11732745172  1.214203E-17
8365.95386743547  1.333002E-17
8368.79040741922  1.522161E-17
8371.62694740296  1.319988E-17
8374.46348738671  1.438985E-17
8377.30002737046  1.191349E-17
8380.13656735421  2.400482E-17
8382.97310733796  1.836166E-17
8385.80964732171  1.882233E-17
8388.64618730546  2.290690E-17
8391.48272728921  1.452002E-17
8394.31926727296  1.409280E-17
8397.15580725671  2.806646E-17
8399.99234724046  1.941344E-17
8402.82888722421  1.282260E-17
8405.66542720796  2.407654E-17
8408.50196719171  1.714669E-17
8411.33850717546  1.006407E-17
8414.17504715921  2.384186E-18
8417.01158714296  7.602061E-18
8419.8481271267  6.917644E-18
8422.68466711045  1.311189E-17
8425.5212070942  1.463483E-17
8428.35774707795  9.685206E-18
8431.1942870617  8.890091E-18
8434.03082704545  -4.486148E-18
8436.8673670292  1.277414E-17
8439.70390701295  1.650596E-17
8442.5404469967  2.024667E-17
8445.37698698045  1.699502E-17
8448.2135269642  1.387505E-17
8451.05006694795  1.877853E-17
8453.8866069317  1.692307E-17
8456.72314691545  1.181339E-17
8459.5596868992  1.582936E-17
8462.39622688295  2.044154E-17
8465.2327668667  1.753271E-17
8468.06930685044  1.825200E-17
8470.90584683419  1.079791E-17
8473.74238681794  4.337128E-17
8476.57892680169  4.841448E-17
8479.41546678544  2.076958E-17
8482.25200676919  2.243393E-17
8485.08854675294  2.261120E-17
8487.92508673669  1.554009E-17
8490.76162672044  1.818501E-17
8493.59816670419  1.683231E-17
8496.43470668794  1.706086E-17
8499.27124667169  1.581221E-17
8502.10778665544  2.089152E-17
8504.94432663919  2.138461E-17
8507.78086662294  2.016858E-17
8510.61740660669  1.044517E-17
8513.45394659044  2.395289E-17
8516.29048657418  2.355546E-17
8519.12702655793  2.090201E-17
8521.96356654168  2.185120E-17
8524.80010652543  2.285569E-17
8527.63664650918  2.525792E-17
8530.47318649293  2.128407E-17
8533.30972647668  2.047135E-17
8536.14626646043  1.966763E-17
8538.98280644418  1.983193E-17
8541.81934642793  2.155292E-17
8544.65588641168  1.983382E-17
8547.49242639543  2.342354E-17
8550.32896637918  2.280133E-17
8553.16550636293  2.340517E-17
8556.00204634668  2.239122E-17
8558.83858633042  2.466299E-17
8561.67512631417  2.336201E-17
8564.51166629792  2.249613E-17
8567.34820628167  2.456808E-17
8570.18474626542  2.364273E-17
8573.02128624917  2.262691E-17
8575.85782623292  2.655920E-17
8578.69436621667  2.461416E-17
8581.53090620042  2.522397E-17
8584.36744618417  2.626380E-17
8587.20398616792  2.475699E-17
8590.04052615167  2.412911E-17
8592.87706613542  2.628655E-17
8595.71360611917  2.520866E-17
8598.55014610292  2.444418E-17
8601.38668608667  2.737264E-17
8604.22322607041  2.255341E-17
8607.05976605417  2.353470E-17
8609.89630603791  2.378545E-17
8612.73284602166  2.500258E-17
8615.56938600541  2.611574E-17
8618.40592598916  2.623123E-17
8621.24246597291  2.569326E-17
8624.07900595666  2.172013E-17
8626.91554594041  2.079195E-17
8629.75208592416  2.243569E-17
8632.58862590791  2.070339E-17
8635.42516589166  2.197799E-17
8638.26170587541  1.885644E-17
8641.09824585916  2.320271E-17
8643.93478584291  2.760984E-17
8646.77132582666  2.592519E-17
8649.60786581041  2.977911E-17
8652.44440579416  2.262585E-17
8655.2809457779  2.634099E-17
8658.11748576165  2.600924E-17
8660.9540257454  2.683918E-17
8663.79056572915  2.605356E-17
8666.6271057129  2.012876E-17
8669.46364569665  2.274332E-17
8672.3001856804  2.364036E-17
8675.13672566415  2.641047E-17
8677.9732656479  2.709474E-17
8680.80980563165  2.131373E-17
8683.6463456154  2.227741E-17
8686.48288559915  2.061057E-17
8689.3194255829  2.455807E-17
8692.15596556665  2.470480E-17
8694.9925055504  2.464984E-17
8697.82904553415  2.228507E-17
8700.66558551789  2.240436E-17
8703.50212550164  2.310746E-17
8706.33866548539  2.521762E-17
8709.17520546914  2.525801E-17
8712.01174545289  2.729477E-17
8714.84828543664  2.914179E-17
8717.68482542039  2.751565E-17
8720.52136540414  2.689701E-17
8723.35790538789  2.750277E-17
8726.19444537164  2.699844E-17
8729.03098535539  2.565275E-17
8731.86752533914  2.424960E-17
8734.70406532289  2.182125E-17
8737.54060530664  2.495825E-17
8740.37714529039  2.864841E-17
8743.21368527414  2.114344E-17
8746.05022525788  3.437186E-17
8748.88676524164  2.297273E-17
8751.72330522538  1.225730E-17
8754.55984520913  2.071396E-17
8757.39638519288  2.233771E-17
8760.23292517663  1.325736E-17
8763.06946516038  1.576089E-17
8765.90600514413  1.026420E-17
8768.74254512788  2.032418E-17
8771.57908511163  1.884284E-17
8774.41562509538  1.061294E-17
8777.25216507913  1.922844E-17
8780.08870506288  1.652660E-17
8782.92524504663  7.860493E-18
8785.76178503038  1.360629E-17
8788.59832501412  2.317842E-17
8791.43486499788  1.800143E-17
8794.27140498163  1.704542E-17
8797.10794496537  1.529533E-17
8799.94448494912  1.473325E-17
8802.78102493287  9.479376E-18
8805.61756491662  2.460685E-17
8808.45410490037  3.704286E-17
8811.29064488412  3.197026E-19
8814.12718486787  8.604334E-18
8816.96372485162  5.531928E-18
8819.80026483537  6.285522E-18
8822.63680481912  1.191077E-17
8825.47334480287  1.331229E-17
8828.30988478662  1.790080E-17
8831.14642477037  1.549083E-17
8833.98296475412  1.481930E-17
8836.81950473786  -2.666886E-17
8839.65604472161  2.400400E-17
8842.49258470536  1.602009E-17
8845.32912468911  -6.687192E-18
8848.16566467286  2.806353E-17
8851.00220465661  7.758850E-17
8853.83874464036  1.189615E-17
8856.67528462411  2.032015E-17
8859.51182460786  8.336741E-18
8862.34836459161  1.168050E-17
8865.18490457536  -3.848442E-18
8868.02144455911  3.461964E-17
8870.85798454286  2.068664E-17
8873.69452452661  2.244216E-17
8876.53106451036  5.760178E-18
8879.36760449411  1.533481E-17
8882.20414447786  1.206459E-17
8885.0406844616  1.209290E-17
8887.87722444535  7.942110E-18
8890.71376442911  -4.596203E-18
8893.55030441285  2.815075E-17
8896.3868443966  5.720001E-18
8899.22338438035  1.716176E-17
8902.0599243641  1.343857E-17
8904.89646434785  1.290695E-17
8907.7330043316  8.274890E-18
8910.56954431535  1.633386E-17
8913.4060842991  6.299110E-18
8916.24262428285  8.320839E-18
8919.0791642666  9.844026E-18
8921.91570425035  1.026219E-17
8924.7522442341  -1.591427E-17
8927.58878421785  3.286482E-17
8930.4253242016  1.131479E-17
8933.26186418534  1.523921E-17
8936.09840416909  2.080661E-17
8938.93494415284  1.378551E-17
8941.77148413659  1.226226E-17
8944.60802412034  1.260576E-17
8947.44456410409  1.033340E-17
8950.28110408784  7.633736E-18
8953.11764407159  1.249600E-17
8955.95418405534  9.593954E-18
8958.79072403909  7.588531E-18
8961.62726402284  7.845026E-18
8964.46380400659  -2.337533E-18
8967.30034399034  2.505473E-17
8970.13688397409  1.500040E-17
8972.97342395784  1.084874E-17
8975.80996394159  1.178063E-17
8978.64650392534  1.125441E-17
8981.48304390908  2.423010E-17
8984.31958389283  5.220726E-18
8987.15612387658  1.335323E-17
8989.99266386033  1.308788E-17
8992.82920384408  1.730790E-17
8995.66574382783  6.818173E-18
8998.50228381158  1.423898E-17
9001.33882379533  9.474651E-18
9004.17536377908  1.485245E-17
9007.01190376283  2.061204E-17
9009.84844374658  -1.811040E-19
9012.68498373033  1.117119E-17
9015.52152371408  1.144405E-17
9018.35806369783  1.492856E-17
9021.19460368158  1.226638E-17
9024.03114366532  1.194297E-17
9026.86768364908  1.119089E-17
9029.70422363282  1.118089E-17
9032.54076361657  1.519794E-17
9035.37730360032  9.249375E-18
9038.21384358407  1.050778E-17
9041.05038356782  1.081114E-17
9043.88692355157  1.432354E-17
9046.72346353532  8.088440E-18
9049.56000351907  7.899324E-18
9052.39654350282  8.213472E-18
9055.23308348657  1.131487E-17
9058.06962347032  1.035742E-17
9060.90616345407  1.246272E-17
9063.74270343782  1.215048E-17
9066.57924342157  1.329414E-17
9069.41578340532  1.104126E-17
9072.25232338906  1.056709E-17
9075.08886337281  1.216214E-17
9077.92540335656  9.030396E-18
9080.76194334031  1.183928E-17
9083.59848332406  1.083927E-17
9086.43502330781  8.365063E-18
9089.27156329156  9.500408E-18
9092.10810327531  1.090401E-17
9094.94464325906  1.073616E-17
9097.78118324281  1.032963E-17
9100.61772322656  1.204277E-17
9103.45426321031  1.219313E-17
9106.29080319406  1.134896E-17
9109.12734317781  9.363309E-18
9111.96388316156  1.196308E-17
9114.8004231453  1.356644E-17
9117.63696312905  1.175480E-17
9120.4735031128  1.158590E-17
9123.31004309655  1.169898E-17
9126.1465830803  1.420267E-17
9128.98312306405  1.324883E-17
9131.8196630478  1.143495E-17
9134.65620303155  9.184306E-18
9137.4927430153  8.420789E-18
9140.32928299905  1.324912E-17
9143.1658229828  1.398463E-17
9146.00236296655  1.361127E-17
9148.8389029503  1.328849E-17
9151.67544293405  1.168733E-17
9154.5119829178  1.349336E-17
9157.34852290155  1.202779E-17
9160.1850628853  1.371399E-17
9163.02160286905  1.349466E-17
9165.85814285279  1.400433E-17
9168.69468283654  1.251031E-17
9171.53122282029  1.283934E-17
9174.36776280404  1.395397E-17
9177.20430278779  1.299248E-17
9180.04084277154  1.323025E-17
9182.87738275529  1.245754E-17
9185.71392273904  1.440944E-17
9188.55046272279  1.382337E-17
9191.38700270654  1.359503E-17
9194.22354269029  1.451471E-17
9197.06008267404  1.320670E-17
9199.89662265779  1.578204E-17
9202.73316264154  1.549006E-17
9205.56970262529  1.362305E-17
9208.40624260904  1.492527E-17
9211.24278259278  1.608006E-17
9214.07932257653  1.458503E-17
9216.91586256028  1.690600E-17
9219.75240254403  1.546786E-17
9222.58894252778  1.343690E-17
9225.42548251153  1.649167E-17
9228.26202249528  1.474443E-17
9231.09856247903  1.403838E-17
9233.93510246278  1.748055E-17
9236.77164244653  1.593392E-17
9239.60818243028  1.391286E-17
9242.44472241403  1.454131E-17
9245.28126239778  1.760963E-17
9248.11780238153  1.625797E-17
9250.95434236528  1.387051E-17
9253.79088234903  1.284566E-17
9256.62742233277  1.581187E-17
9259.46396231653  1.940917E-17
9262.30050230027  1.799454E-17
9265.13704228402  1.686055E-17
9267.97358226777  1.697133E-17
9270.81012225152  1.587518E-17
9273.64666223527  1.494822E-17
9276.48320221902  1.457286E-17
9279.31974220277  1.522293E-17
9282.15628218652  1.430176E-17
9284.99282217027  1.305252E-17
9287.82936215402  2.160132E-17
9290.66590213777  3.313716E-18
9293.50244212152  1.560684E-17
9296.33898210527  2.397145E-17
9299.17552208902  8.459776E-18
9302.01206207277  1.604790E-17
9304.84860205652  1.446530E-17
9307.68514204026  2.538972E-17
9310.52168202401  1.456977E-17
9313.35822200776  2.078032E-17
9316.19476199151  1.333398E-17
9319.03130197526  7.537844E-18
9321.86784195901  3.191167E-17
9324.70438194276  -1.286586E-17
9327.54092192651  2.726397E-17
9330.37746191026  2.264823E-17
9333.21400189401  5.191099E-18
9336.05054187776  9.660585E-18
9338.88708186151  1.957244E-17
9341.72362184526  9.907701E-18
9344.56016182901  1.430667E-17
9347.39670181276  1.892843E-17
9350.23324179651  7.673946E-18
9353.06978178026  2.127851E-17
9355.90632176401  1.505436E-17
9358.74286174775  -3.370433E-17
9361.5794017315  2.142788E-17
9364.41594171525  -3.279516E-18
9367.252481699  8.059186E-18
9370.08902168275  4.672901E-18
9372.9255616665  1.032409E-17
9375.76210165025  6.257732E-18
9378.598641634  -6.008364E-19
9381.43518161775  -6.937276E-18
9384.2717216015  2.671411E-17
9387.10826158525  2.545224E-17
9389.944801569  7.643465E-18
9392.78134155275  9.097764E-18
9395.6178815365  1.332815E-17
9398.45442152025  1.618301E-17
9401.29096150399  1.589777E-17
9404.12750148775  1.301139E-17
9406.96404147149  1.374869E-17
9409.80058145524  1.147877E-17
9412.63712143899  1.614567E-17
9415.47366142274  7.873716E-18
9418.31020140649  6.182233E-18
9421.14674139024  1.914312E-17
9423.98328137399  7.261892E-18
9426.81982135774  1.322247E-17
9429.65636134149  3.632875E-18
9432.49290132524  6.376402E-18
9435.32944130899  3.343482E-18
9438.16598129274  -5.255397E-18
9441.00252127649  1.748846E-17
9443.83906126024  9.186319E-18
9446.67560124399  4.298528E-17
9449.51214122774  -1.682498E-17
9452.34868121148  6.985369E-18
9455.18522119523  3.043048E-18
9458.02176117898  -2.229847E-17
9460.85830116273  2.457450E-17
9463.69484114648  -1.236306E-19
9466.53138113023  1.587251E-17
9469.36792111398  -7.081915E-19
9472.20446109773  7.332854E-18
9475.04100108148  3.401173E-18
9477.87754106523  3.336475E-18
9480.71408104898  5.845890E-18
9483.55062103273  1.157224E-18
9486.38716101648  2.127565E-17
9489.22370100023  5.924544E-18
9492.06024098398  9.513334E-18
9494.89678096773  9.791852E-18
9497.73332095147  6.810186E-18
9500.56986093522  4.458603E-18
9503.40640091897  1.410505E-18
9506.24294090272  6.590956E-18
9509.07948088647  8.444478E-18
9511.91602087022  1.487376E-17
9514.75256085397  9.022216E-18
9517.58910083772  6.056809E-18
9520.42564082147  6.885607E-18
9523.26218080522  8.486982E-18
9526.09872078897  1.088138E-17
9528.93526077272  1.170138E-17
9531.77180075647  5.345876E-18
9534.60834074022  7.194159E-18
9537.44488072397  2.481357E-18
9540.28142070772  2.263379E-18
9543.11796069147  5.775456E-18
9545.95450067521  -2.512138E-19
9548.79104065896  3.758253E-18
9551.62758064271  4.931378E-18
9554.46412062646  4.041200E-18
9557.30066061021  4.254205E-18
9560.13720059396  9.297732E-18
9562.97374057771  3.825476E-18
9565.81028056146  4.681717E-18
9568.64682054521  7.973340E-18
9571.48336052896  3.622710E-18
9574.31990051271  1.609049E-17
9577.15644049646  2.363265E-18
9579.99298048021  3.348069E-18
9582.82952046396  4.835414E-18
9585.66606044771  4.580580E-18
9588.50260043145  1.703101E-18
9591.33914041521  4.108417E-18
9594.17568039895  5.509504E-18
9597.0122203827  3.336762E-18
9599.84876036645  6.028949E-18
9602.6853003502  2.957575E-18
9605.52184033395  3.921610E-18
9608.3583803177  3.529805E-18
9611.19492030145  4.373935E-18
9614.0314602852  5.170754E-18
9616.86800026895  6.834879E-18
9619.7045402527  6.016519E-18
9622.54108023645  5.440746E-18
9625.3776202202  5.257758E-18
9628.21416020395  4.522740E-18
9631.0507001877  5.915105E-18
9633.88724017145  4.400618E-18
9636.7237801552  4.062109E-18
9639.56032013895  3.719547E-18
9642.39686012269  4.837817E-18
9645.23340010644  6.363981E-18
9648.06994009019  4.243824E-18
9650.90648007394  4.480385E-18
9653.74302005769  4.489023E-18
9656.57956004144  3.253548E-18
9659.41610002519  3.264770E-18
9662.25264000894  2.792356E-18
9665.08917999269  3.761793E-18
9667.92571997644  4.302070E-18
9670.76225996019  4.501399E-18
9673.59879994394  4.871499E-18
9676.43533992769  7.422585E-18
9679.27187991144  7.182035E-19
9682.10841989519  2.959473E-18
9684.94495987893  3.934082E-18
9687.78149986268  6.062366E-18
9690.61803984643  7.119852E-18
9693.45457983018  6.309023E-18
9696.29111981393  2.901023E-18
9699.12765979768  5.949802E-18
9701.96419978143  -5.184743E-19
9704.80073976518  -2.055328E-18
9707.63727974893  5.750297E-18
9710.47381973268  6.640153E-18
9713.31035971643  5.765174E-18
9716.14689970018  4.344931E-18
9718.98343968393  1.188444E-18
9721.81997966768  3.913898E-18
9724.65651965143  5.421980E-18
9727.49305963518  2.657480E-18
9730.32959961892  4.162719E-18
9733.16613960268  6.146050E-18
9736.00267958642  4.238468E-18
9738.83921957017  3.812374E-18
9741.67575955392  6.277808E-18
9744.51229953767  6.084583E-18
9747.34883952142  5.076029E-18
9750.18537950517  4.300805E-18
9753.02191948892  4.764880E-18
9755.85845947267  5.786615E-18
9758.69499945642  5.014787E-18
9761.53153944017  4.481572E-18
9764.36807942392  3.981228E-18
9767.20461940767  3.364721E-18
9770.04115939142  -4.424239E-18
9772.87769937517  -2.888086E-18
9775.71423935892  3.261577E-18
9778.55077934266  1.208052E-18
9781.38731932641  2.020623E-18
9784.22385931016  2.825321E-18
9787.06039929391  3.686331E-19
9789.89693927766  1.364921E-18
9792.73347926141  5.948263E-18
9795.57001924516  6.327831E-18
9798.40655922891  1.050222E-17
9801.24309921266  1.548113E-17
9804.07963919641  7.684454E-18
9806.91617918016  7.142022E-18
9809.75271916391  8.004248E-18
9812.58925914766  8.101288E-18
9815.42579913141  7.728760E-18
9818.26233911516  5.875021E-18
9821.09887909891  6.509826E-18
9823.93541908266  6.335959E-18
9826.7719590664  5.694842E-18
9829.60849905015  4.136762E-18
9832.4450390339  -1.602960E-18
9835.28157901765  -3.934605E-18
9838.1181190014  -3.765107E-18
9840.95465898515  -3.677716E-18
9843.7911989689  -3.675781E-18
