4672.77880859375  2.707993E-14
4675.6153485775  2.201724E-14
4678.45188856125  2.368564E-14
4681.288428545  -6.433660E-14
4684.12496852875  3.054402E-13
4686.9615085125  1.741251E-12
4689.79804849625  7.556203E-13
4692.63458848  6.898171E-15
4695.47112846375  7.655724E-15
4698.3076684475  7.765056E-15
4701.14420843125  2.706494E-14
4703.980748415  3.277950E-14
4706.81728839875  1.016480E-15
4709.6538283825  1.585224E-14
4712.49036836625  2.150446E-14
4715.32690835  1.456308E-14
4718.16344833374  4.896710E-14
4720.99998831749  2.520742E-14
4723.83652830124  1.766824E-14
4726.67306828499  7.104385E-14
4729.50960826874  4.884809E-14
4732.34614825249  5.318678E-14
4735.18268823624  6.312178E-14
4738.01922821999  5.635521E-14
4740.85576820374  3.545282E-14
4743.69230818749  1.400499E-14
4746.52884817124  2.421633E-14
4749.36538815499  5.022742E-14
4752.20192813874  1.823189E-14
4755.03846812249  5.074063E-14
4757.87500810624  5.753375E-14
4760.71154808999  2.574134E-14
4763.54808807374  9.817748E-15
4766.38462805748  1.231812E-14
4769.22116804123  2.401343E-14
4772.05770802498  1.052655E-14
4774.89424800873  2.811274E-14
4777.73078799248  5.647649E-14
4780.56732797623  3.651238E-14
4783.40386795998  6.197723E-14
4786.24040794373  2.926526E-14
4789.07694792748  2.289869E-16
4791.91348791123  2.466748E-14
4794.75002789498  1.618554E-14
4797.58656787873  1.421384E-14
4800.42310786248  3.121969E-14
4803.25964784623  2.271095E-14
4806.09618782998  1.063713E-14
4808.93272781372  4.618277E-14
4811.76926779747  2.929140E-14
4814.60580778122  1.444744E-14
4817.44234776497  1.234731E-14
4820.27888774872  1.781664E-14
4823.11542773247  1.535819E-14
4825.95196771622  4.714714E-14
4828.78850769997  3.274270E-14
4831.62504768372  2.288889E-14
4834.46158766747  4.747335E-14
4837.29812765122  3.305152E-14
4840.13466763497  2.510227E-14
4842.97120761872  3.129631E-14
4845.80774760247  2.107839E-14
4848.64428758622  3.853846E-14
4851.48082756997  4.677154E-14
4854.31736755372  1.600655E-14
4857.15390753746  2.075180E-15
4859.99044752121  2.337933E-14
4862.82698750496  3.885112E-14
4865.66352748871  1.524121E-14
4868.50006747246  1.567053E-14
4871.33660745621  2.218645E-14
4874.17314743996  2.819162E-14
4877.00968742371  4.722453E-15
4879.84622740746  6.069964E-15
4882.68276739121  1.240119E-14
4885.51930737496  1.730627E-14
4888.35584735871  3.999293E-14
4891.19238734246  4.132183E-14
4894.02892732621  1.731995E-14
4896.86546730996  3.299675E-14
4899.70200729371  4.785409E-14
4902.53854727746  3.931875E-14
4905.3750872612  1.944481E-14
4908.21162724495  3.469201E-14
4911.0481672287  4.477802E-14
4913.88470721245  3.179717E-14
4916.7212471962  2.166145E-14
4919.55778717995  1.602055E-14
4922.3943271637  2.942875E-14
4925.23086714745  2.043308E-14
4928.0674071312  3.284813E-14
4930.90394711495  2.964606E-14
4933.7404870987  1.895981E-14
4936.57702708245  1.909934E-14
4939.4135670662  3.222277E-14
4942.25010704995  2.188904E-14
4945.0866470337  1.345891E-14
4947.92318701745  2.579242E-14
4950.75972700119  1.537656E-14
4953.59626698494  2.044476E-14
4956.43280696869  2.653190E-14
4959.26934695244  1.883283E-14
4962.10588693619  2.683766E-14
4964.94242691994  3.280198E-14
4967.77896690369  3.364268E-14
4970.61550688744  2.056674E-14
4973.45204687119  1.345273E-14
4976.28858685494  2.232164E-14
4979.12512683869  1.945649E-14
4981.96166682244  2.536178E-14
4984.79820680619  2.209979E-14
4987.63474678994  2.240227E-14
4990.47128677369  1.504970E-14
4993.30782675744  2.695057E-15
4996.14436674119  1.462831E-14
4998.98090672494  9.473494E-15
5001.81744670868  2.821883E-14
5004.65398669243  1.420164E-14
5007.49052667618  6.288391E-15
5010.32706665993  3.112322E-14
5013.16360664368  1.475179E-14
5016.00014662743  1.586500E-15
5018.83668661118  2.630184E-14
5021.67322659493  2.435987E-14
5024.50976657868  1.421196E-14
5027.34630656243  4.797142E-15
5030.18284654618  4.469050E-15
5033.01938652993  1.743522E-14
5035.85592651368  4.449477E-14
5038.69246649743  2.278988E-15
5041.52900648118  3.050145E-13
5044.36554646493  1.308121E-13
5047.20208644868  -8.568093E-15
5050.03862643242  1.945126E-14
5052.87516641617  1.549161E-14
5055.71170639992  1.812049E-14
5058.54824638367  2.962869E-14
5061.38478636742  2.036045E-14
5064.22132635117  2.911942E-14
5067.05786633492  3.520418E-14
5069.89440631867  1.042688E-13
5072.73094630242  2.491328E-13
5075.56748628617  1.476978E-13
5078.40402626992  1.218406E-14
5081.24056625367  2.698680E-14
5084.07710623742  1.017784E-14
5086.91364622117  1.533781E-14
5089.75018620492  2.170931E-14
5092.58672618867  1.978449E-14
5095.42326617241  1.693899E-14
5098.25980615616  1.630387E-14
5101.09634613991  1.713112E-14
5103.93288612366  7.971601E-15
5106.76942610741  1.839664E-14
5109.60596609116  1.351096E-14
5112.44250607491  1.058742E-14
5115.27904605866  1.565476E-14
5118.11558604241  1.845946E-14
5120.95212602616  1.995707E-14
5123.78866600991  1.368192E-14
5126.62520599366  1.201007E-14
5129.46174597741  1.179311E-14
5132.29828596116  1.409374E-14
5135.13482594491  1.645002E-14
5137.97136592866  2.110244E-14
5140.80790591241  1.622019E-14
5143.64444589616  1.505173E-14
5146.4809858799  1.523024E-14
5149.31752586365  1.850074E-14
5152.1540658474  2.024267E-14
5154.99060583115  1.930705E-14
5157.8271458149  1.574941E-14
5160.66368579865  1.857961E-14
5163.5002257824  1.444233E-14
5166.33676576615  1.974163E-14
5169.1733057499  2.039775E-14
5172.00984573365  1.384626E-14
5174.8463857174  1.456334E-14
5177.68292570115  6.148788E-15
5180.5194656849  2.197844E-14
5183.35600566865  1.806171E-14
5186.1925456524  1.588876E-14
5189.02908563615  1.652518E-14
5191.86562561989  2.567780E-14
5194.70216560364  3.036277E-14
5197.53870558739  1.390656E-14
5200.37524557114  6.448209E-15
5203.21178555489  1.571069E-14
5206.04832553864  1.059458E-14
5208.88486552239  1.782683E-14
5211.72140550614  2.470972E-14
5214.55794548989  2.144845E-14
5217.39448547364  2.793160E-14
5220.23102545739  1.835715E-14
5223.06756544114  7.474656E-15
5225.90410542489  9.010271E-15
5228.74064540864  1.615187E-14
5231.57718539239  2.212472E-14
5234.41372537614  1.826991E-14
5237.25026535988  5.595840E-15
5240.08680534363  2.216241E-14
5242.92334532738  1.058815E-14
5245.75988531113  1.197129E-14
5248.59642529488  1.835361E-14
5251.43296527863  1.854224E-14
5254.26950526238  2.754814E-14
5257.10604524613  1.536576E-14
5259.94258522988  1.955959E-14
5262.77912521363  1.323228E-14
5265.61566519738  9.774344E-15
5268.45220518113  1.439539E-14
5271.28874516488  1.517071E-14
5274.12528514863  1.327491E-14
5276.96182513238  1.312460E-14
5279.79836511612  1.321497E-14
5282.63490509987  1.336116E-14
5285.47144508363  1.350025E-14
5288.30798506737  1.144613E-14
5291.14452505112  1.557072E-14
5293.98106503487  8.264137E-15
5296.81760501862  6.663631E-15
5299.65414500237  3.396524E-15
5302.49068498612  5.613593E-15
5305.32722496987  1.420677E-14
5308.16376495362  2.555624E-14
5311.00030493737  1.570582E-14
5313.83684492112  1.199718E-14
5316.67338490487  1.966155E-14
5319.50992488862  1.803005E-14
5322.34646487237  1.475197E-14
5325.18300485611  1.585212E-14
5328.01954483987  2.184137E-14
5330.85608482361  1.046418E-14
5333.69262480736  7.820487E-14
5336.52916479111  1.846730E-13
5339.36570477486  1.139685E-13
5342.20224475861  2.391067E-14
5345.03878474236  3.602913E-14
5347.87532472611  1.240778E-13
5350.71186470986  1.358447E-13
5353.54840469361  4.100262E-14
5356.38494467736  6.664196E-15
5359.22148466111  1.498027E-14
5362.05802464486  1.230337E-14
5364.89456462861  1.236823E-14
5367.73110461236  1.290251E-14
5370.56764459611  1.274284E-14
5373.40418457986  9.858464E-15
5376.2407245636  9.478626E-15
5379.07726454735  1.418866E-14
5381.9138045311  8.984860E-15
5384.75034451485  1.442461E-14
5387.5868844986  1.871296E-14
5390.42342448235  1.281069E-14
5393.2599644661  1.268371E-14
5396.09650444985  1.383396E-14
5398.9330444336  1.452235E-14
5401.76958441735  1.175432E-14
5404.6061244011  8.898069E-15
5407.44266438485  1.031487E-14
5410.2792043686  7.639982E-15
5413.11574435235  9.123949E-15
5415.9522843361  9.189911E-15
5418.78882431985  1.301597E-14
5421.62536430359  1.180779E-14
5424.46190428734  1.022642E-14
5427.29844427109  1.073575E-14
5430.13498425484  1.990745E-14
5432.97152423859  1.543920E-14
5435.80806422234  1.234433E-14
5438.64460420609  1.505474E-14
5441.48114418984  1.650824E-14
5444.31768417359  1.530842E-14
5447.15422415734  1.777150E-14
5449.99076414109  1.146208E-14
5452.82730412484  1.669983E-14
5455.66384410859  9.428842E-15
5458.50038409234  8.922563E-15
5461.33692407609  1.408577E-14
5464.17346405984  1.551359E-14
5467.01000404358  1.274111E-14
5469.84654402734  1.443816E-14
5472.68308401108  1.759196E-14
5475.51962399483  1.490314E-14
5478.35616397858  1.376718E-14
5481.19270396233  9.529088E-15
5484.02924394608  7.358965E-15
5486.86578392983  1.225683E-14
5489.70232391358  1.740927E-14
5492.53886389733  1.054342E-14
5495.37540388108  1.202082E-14
5498.21194386483  1.703205E-14
5501.04848384858  1.585370E-14
5503.88502383233  1.265303E-14
5506.72156381608  1.080105E-14
5509.55810379983  1.594430E-14
5512.39464378358  1.209509E-14
5515.23118376733  9.931808E-15
5518.06772375107  1.526446E-14
5520.90426373482  8.548686E-15
5523.74080371857  1.087816E-14
5526.57734370232  1.516436E-14
5529.41388368607  1.283125E-14
5532.25042366982  1.147179E-14
5535.08696365357  1.422752E-14
5537.92350363732  1.549530E-14
5540.76004362107  5.209053E-14
5543.59658360482  1.113618E-13
5546.43312358857  8.192770E-14
5549.26966357232  1.693802E-14
5552.10620355607  1.298257E-14
5554.94274353982  1.031140E-14
5557.77928352357  1.190523E-14
5560.61582350732  1.445542E-14
5563.45236349107  -1.157230E-14
5566.28890347481  -1.024210E-13
5569.12544345856  -2.377392E-14
5571.96198344231  2.944129E-14
5574.79852342606  8.846373E-15
5577.63506340981  1.647199E-14
5580.47160339356  1.579543E-14
5583.30814337731  9.019001E-15
5586.14468336106  1.558461E-14
5588.98122334481  1.303324E-14
5591.81776332856  1.129524E-13
5594.65430331231  5.084139E-14
5597.49084329606  3.622129E-15
5600.32738327981  1.160337E-14
5603.16392326356  9.603085E-15
5606.00046324731  1.276903E-14
5608.83700323106  1.132380E-14
5611.67354321481  9.616304E-15
5614.51008319856  1.059468E-14
5617.3466231823  9.354009E-15
5620.18316316605  1.087318E-14
5623.0197031498  1.160424E-14
5625.85624313355  9.513689E-15
5628.6927831173  8.950191E-15
5631.52932310105  1.117182E-14
5634.3658630848  7.548441E-15
5637.20240306855  9.367359E-15
5640.0389430523  1.234100E-14
5642.87548303605  1.229043E-14
5645.7120230198  1.006637E-14
5648.54856300355  1.105723E-14
5651.3851029873  1.201679E-14
5654.22164297105  1.109609E-14
5657.0581829548  7.917035E-15
5659.89472293854  6.262527E-15
5662.73126292229  9.593821E-15
5665.56780290604  8.717913E-15
5668.40434288979  7.276344E-15
5671.24088287354  8.986272E-15
5674.07742285729  8.681782E-15
5676.91396284104  8.200646E-15
5679.75050282479  8.004035E-15
5682.58704280854  8.078980E-15
5685.42358279229  7.612864E-15
5688.26012277604  7.202204E-15
5691.09666275979  7.858838E-15
5693.93320274354  8.559009E-15
5696.76974272729  6.802108E-15
5699.60628271104  7.252881E-15
5702.44282269478  9.886925E-15
5705.27936267854  4.810165E-15
5708.11590266228  3.533086E-15
5710.95244264603  8.131315E-15
5713.78898262978  1.019470E-14
5716.62552261353  9.843256E-15
5719.46206259728  8.586648E-15
5722.29860258103  7.040570E-15
5725.13514256478  7.648937E-15
5727.97168254853  7.503630E-15
5730.80822253228  8.959384E-15
5733.64476251603  7.418004E-15
5736.48130249978  7.110957E-15
5739.31784248353  6.963579E-15
5742.15438246728  8.420920E-15
5744.99092245103  9.416092E-15
5747.82746243478  9.180114E-15
5750.66400241852  8.878904E-15
5753.50054240227  9.138046E-15
5756.33708238602  9.503681E-15
5759.17362236977  7.342377E-15
5762.01016235352  7.629692E-15
5764.84670233727  8.003973E-15
5767.68324232102  8.136721E-15
5770.51978230477  7.732820E-15
5773.35632228852  6.300120E-15
5776.19286227227  1.031199E-14
5779.02940225602  1.108347E-14
5781.86594223977  8.039800E-15
5784.70248222352  8.329128E-15
5787.53902220727  8.673200E-15
5790.37556219102  5.468915E-15
5793.21210217477  9.565735E-15
5796.04864215852  1.085699E-14
5798.88518214226  8.787291E-15
5801.72172212601  6.170233E-15
5804.55826210976  7.968695E-15
5807.39480209351  1.039409E-14
5810.23134207726  1.026315E-14
5813.06788206101  8.621025E-15
5815.90442204476  1.112331E-14
5818.74096202851  1.203414E-14
5821.57750201226  1.086067E-14
5824.41404199601  9.316816E-15
5827.25058197976  8.727601E-15
5830.08712196351  9.699813E-15
5832.92366194726  9.764522E-15
5835.76020193101  9.042711E-15
5838.59674191475  9.072334E-15
5841.43328189851  1.013410E-14
5844.26982188225  8.884126E-15
5847.106361866  8.435211E-15
5849.94290184975  1.131978E-14
5852.7794418335  7.819785E-15
5855.61598181725  7.355077E-15
5858.452521801  7.972561E-15
5861.28906178475  1.067191E-14
5864.1256017685  1.153417E-14
5866.96214175225  9.256069E-15
5869.798681736  8.392718E-15
5872.63522171975  9.963816E-15
5875.4717617035  3.882211E-15
5878.30830168725  1.392619E-15
5881.144841671  7.269250E-15
5883.98138165475  2.529823E-15
5886.8179216385  1.961428E-14
5889.65446162225  5.277164E-14
5892.49100160599  7.206117E-15
5895.32754158974  6.889231E-15
5898.16408157349  9.515559E-15
5901.00062155724  1.449146E-14
5903.83716154099  2.472819E-14
5906.67370152474  5.441201E-15
5909.51024150849  2.191728E-14
5912.34678149224  4.714393E-15
5915.18332147599  9.941980E-15
5918.01986145974  5.934639E-15
5920.85640144349  7.990492E-15
5923.69294142724  9.784812E-15
5926.52948141099  8.491730E-15
5929.36602139474  9.964614E-15
5932.20256137849  5.176990E-15
5935.03910136223  8.168575E-15
5937.87564134598  9.180783E-15
5940.71218132973  5.261313E-14
5943.54872131348  1.018181E-14
5946.38526129723  7.199573E-15
5949.22180128098  5.928093E-15
5952.05834126473  7.273390E-15
5954.89488124848  7.651973E-15
5957.73142123223  6.578326E-15
5960.56796121598  8.968361E-15
5963.40450119973  8.214357E-15
5966.24104118348  6.431380E-15
5969.07758116723  9.113417E-15
5971.91412115098  6.869447E-15
5974.75066113473  6.738904E-15
5977.58720111848  7.385773E-15
5980.42374110222  4.261087E-15
5983.26028108598  5.592067E-15
5986.09682106972  7.166343E-15
5988.93336105347  7.778155E-15
5991.76990103722  6.768170E-15
5994.60644102097  6.652025E-15
5997.44298100472  8.245595E-15
6000.27952098847  5.770157E-15
6003.11606097222  4.902326E-15
6005.95260095597  5.942124E-15
6008.78914093972  6.436106E-15
6011.62568092347  7.797195E-15
6014.46222090722  8.734226E-15
6017.29876089097  9.034025E-15
6020.13530087472  7.281141E-15
6022.97184085847  6.301104E-15
6025.80838084222  7.172197E-15
6028.64492082597  5.185214E-15
6031.48146080971  5.535035E-15
6034.31800079346  6.090602E-15
6037.15454077721  6.515960E-15
6039.99108076096  7.082689E-15
6042.82762074471  6.258059E-15
6045.66416072846  2.296371E-14
6048.50070071221  2.609974E-14
6051.33724069596  4.386474E-15
6054.17378067971  8.160841E-15
6057.01032066346  5.616506E-15
6059.84686064721  5.353114E-15
6062.68340063096  5.567397E-15
6065.51994061471  7.458632E-15
6068.35648059846  8.036491E-15
6071.19302058221  6.613103E-15
6074.02956056595  6.884852E-15
6076.8661005497  6.912599E-15
6079.70264053345  6.732794E-15
6082.5391805172  5.645716E-15
6085.37572050095  6.020875E-15
6088.2122604847  5.878861E-15
6091.04880046845  1.001154E-14
6093.8853404522  3.427576E-14
6096.72188043595  4.101571E-14
6099.5584204197  1.300374E-14
6102.39496040345  3.718871E-15
6105.2315003872  6.638979E-15
6108.06804037095  5.437456E-15
6110.9045803547  5.995619E-15
6113.74112033845  5.695949E-15
6116.5776603222  4.816510E-15
6119.41420030595  5.424861E-15
6122.2507402897  6.434174E-15
6125.08728027345  7.086882E-15
6127.9238202572  7.403222E-15
6130.76036024094  6.682839E-15
6133.59690022469  5.854639E-15
6136.43344020844  5.688068E-15
6139.26998019219  6.807423E-15
6142.10652017594  5.985823E-15
6144.94306015969  4.553675E-15
6147.77960014344  4.954029E-15
6150.61614012719  6.088808E-15
6153.45268011094  6.813613E-15
6156.28922009469  4.428243E-15
6159.12576007844  4.295849E-15
6161.96230006219  5.245105E-15
6164.79884004594  5.869561E-15
6167.63538002969  6.177000E-15
6170.47192001344  5.446238E-15
6173.30845999718  4.179984E-15
6176.14499998093  4.462181E-15
6178.98153996468  5.078087E-15
6181.81807994843  5.993379E-15
6184.65461993218  6.344496E-15
6187.49115991593  5.323945E-15
6190.32769989968  4.885001E-15
6193.16423988343  5.516865E-15
6196.00077986718  4.081944E-15
6198.83731985093  4.123649E-15
6201.67385983468  4.896610E-15
6204.51039981843  5.255223E-15
6207.34693980218  6.353742E-15
6210.18347978593  5.162964E-15
6213.02001976968  5.689147E-15
6215.85655975343  6.063033E-15
6218.69309973718  4.755237E-15
6221.52963972092  5.054130E-15
6224.36617970467  5.715606E-15
6227.20271968842  4.973915E-15
6230.03925967217  4.848843E-15
6232.87579965592  5.557655E-15
6235.71233963967  5.466485E-15
6238.54887962342  4.874946E-15
6241.38541960717  5.139730E-15
6244.22195959092  4.617925E-15
6247.05849957467  3.948916E-15
6249.89503955842  6.768683E-15
6252.73157954217  6.355483E-15
6255.56811952592  5.021015E-15
6258.40465950967  5.083783E-15
6261.24119949342  6.022264E-15
6264.07773947716  5.742694E-15
6266.91427946091  5.129875E-15
6269.75081944466  6.306021E-15
6272.58735942841  5.815024E-15
6275.42389941216  3.039983E-15
6278.26043939591  4.193124E-15
6281.09697937966  4.908848E-15
6283.93351936341  5.509860E-15
6286.77005934716  8.382224E-16
6289.60659933091  -4.270931E-16
6292.44313931466  3.733694E-15
6295.27967929841  6.063787E-15
6298.11621928216  6.604340E-15
6300.95275926591  5.371800E-15
6303.78929924966  4.087884E-15
6306.62583923341  4.511178E-15
6309.46237921716  4.682725E-15
6312.29891920091  9.393051E-15
6315.13545918465  8.068140E-15
6317.9719991684  3.055524E-15
6320.80853915215  5.374237E-15
6323.6450791359  5.161351E-15
6326.48161911965  5.301247E-15
6329.3181591034  1.018562E-14
6332.15469908715  1.972540E-14
6334.9912390709  2.137423E-14
6337.82777905465  2.049478E-14
6340.6643190384  3.395422E-14
6343.50085902215  4.919583E-14
6346.3373990059  2.643118E-14
6349.17393898965  5.368701E-15
6352.0104789734  5.720243E-15
6354.84701895715  6.264754E-15
6357.6835589409  6.522252E-15
6360.52009892464  6.442189E-15
6363.35663890839  6.969380E-15
6366.19317889214  5.911137E-15
6369.02971887589  6.485460E-15
6371.86625885964  6.912327E-15
6374.70279884339  4.942920E-15
6377.53933882714  6.141495E-15
6380.37587881089  6.940226E-15
6383.21241879464  7.665889E-15
6386.04895877839  6.927501E-15
6388.88549876214  6.401951E-15
6391.72203874589  7.040213E-15
6394.55857872964  7.502545E-15
6397.39511871339  7.565693E-15
6400.23165869714  7.473688E-15
6403.06819868089  7.260140E-15
6405.90473866463  1.223175E-14
6408.74127864838  2.826013E-14
6411.57781863213  5.756227E-14
6414.41435861588  6.197971E-14
6417.25089859963  2.930870E-14
6420.08743858338  9.403568E-15
6422.92397856713  7.323489E-15
6425.76051855088  8.274440E-15
6428.59705853463  8.536375E-15
6431.43359851838  7.297723E-15
6434.27013850213  7.826931E-15
6437.10667848588  7.947972E-15
6439.94321846963  7.988078E-15
6442.77975845338  6.873257E-15
6445.61629843713  6.792191E-15
6448.45283842088  7.660741E-15
6451.28937840462  6.641941E-15
6454.12591838837  6.140273E-15
6456.96245837212  6.785668E-15
6459.79899835587  7.375391E-15
6462.63553833962  7.729627E-15
6465.47207832337  7.385456E-15
6468.30861830712  6.618870E-15
6471.14515829087  7.814032E-15
6473.98169827462  7.884623E-15
6476.81823825837  7.183851E-15
6479.65477824212  8.101246E-15
6482.49131822587  7.194483E-15
6485.32785820962  6.060705E-15
6488.16439819337  6.690243E-15
6491.00093817712  6.549692E-15
6493.83747816086  6.633106E-15
6496.67401814462  7.848580E-15
6499.51055812836  7.129433E-15
6502.34709811211  6.553843E-15
6505.18363809586  7.233468E-15
6508.02017807961  9.054952E-15
6510.85671806336  8.712303E-15
6513.69325804711  8.379240E-15
6516.52979803086  7.826286E-15
6519.36633801461  6.823115E-15
6522.20287799836  7.034397E-15
6525.03941798211  7.203988E-15
6527.87595796586  7.687051E-15
6530.71249794961  7.673939E-15
6533.54903793336  7.463294E-15
6536.38557791711  6.408750E-15
6539.22211790086  6.135868E-15
6542.05865788461  7.693068E-15
6544.89519786836  6.780439E-15
6547.7317378521  7.382200E-15
6550.56827783585  6.722063E-15
6553.4048178196  8.146446E-15
6556.24135780335  8.547560E-15
6559.0778977871  8.602680E-15
6561.91443777085  7.847958E-15
6564.7509777546  6.680325E-15
6567.58751773835  8.066667E-15
6570.4240577221  8.599181E-15
6573.26059770585  8.892415E-15
6576.0971376896  8.782001E-15
6578.93367767335  7.172954E-15
6581.7702176571  7.175547E-15
6584.60675764085  6.022083E-15
6587.4432976246  6.448529E-15
6590.27983760834  7.077997E-15
6593.11637759209  7.733872E-15
6595.95291757584  7.074467E-15
6598.78945755959  6.103599E-15
6601.62599754334  6.984016E-15
6604.46253752709  6.621434E-15
6607.29907751084  6.588495E-15
6610.13561749459  6.056464E-15
6612.97215747834  5.912144E-15
6615.80869746209  5.916791E-15
6618.64523744584  6.111445E-15
6621.48177742959  7.130029E-15
6624.31831741334  6.142331E-15
6627.15485739709  6.082716E-15
6629.99139738084  5.523892E-15
6632.82793736459  6.048426E-15
6635.66447734833  6.181355E-15
6638.50101733209  5.487143E-15
6641.33755731583  6.513496E-15
6644.17409729958  5.974329E-15
6647.01063728333  5.991653E-15
6649.84717726708  6.456367E-15
6652.68371725083  6.352141E-15
6655.52025723458  6.455693E-15
6658.35679721833  6.756692E-15
6661.19333720208  5.627351E-15
6664.02987718583  1.631780E-14
6666.86641716958  8.211942E-15
6669.70295715333  6.469091E-15
6672.53949713708  5.948942E-15
6675.37603712083  5.652015E-15
6678.21257710458  4.870483E-15
6681.04911708833  5.363798E-15
6683.88565707208  4.995007E-15
6686.72219705582  5.887295E-15
6689.55873703957  5.055076E-15
6692.39527702332  5.066355E-15
6695.23181700707  5.566733E-15
6698.06835699082  5.174314E-15
6700.90489697457  4.705621E-15
6703.74143695832  4.867803E-15
6706.57797694207  4.438704E-15
6709.41451692582  5.521663E-15
6712.25105690957  5.580082E-15
6715.08759689332  4.167517E-15
6717.92413687707  5.448066E-15
6720.76067686082  4.427302E-15
6723.59721684457  4.195298E-15
6726.43375682832  5.302601E-15
6729.27029681207  4.818647E-15
6732.10683679582  4.690345E-15
6734.94337677956  4.597262E-15
6737.77991676331  4.374604E-15
6740.61645674706  5.089109E-15
6743.45299673081  5.697445E-15
6746.28953671456  4.962258E-15
6749.12607669831  4.646497E-15
6751.96261668206  5.439674E-15
6754.79915666581  4.634388E-15
6757.63569664956  3.666920E-15
6760.47223663331  4.233848E-15
6763.30877661706  4.664036E-15
6766.14531660081  4.404327E-15
6768.98185658456  4.269265E-15
6771.81839656831  4.044793E-15
6774.65493655206  3.576841E-15
6777.49147653581  3.936165E-15
6780.32801651956  3.899981E-15
6783.1645565033  4.066684E-15
6786.00109648705  3.248521E-15
6788.8376364708  4.298372E-15
6791.67417645455  4.351306E-15
6794.5107164383  3.795189E-15
6797.34725642205  3.721325E-15
6800.1837964058  3.294196E-15
6803.02033638955  3.204066E-15
6805.8568763733  3.838949E-15
6808.69341635705  3.490967E-15
6811.5299563408  4.190040E-15
6814.36649632455  3.119497E-15
6817.2030363083  2.142628E-15
6820.03957629205  2.223398E-15
6822.8761162758  3.818931E-15
6825.71265625955  7.438041E-15
6828.54919624329  3.381283E-15
6831.38573622704  3.647725E-15
6834.22227621079  3.183005E-15
6837.05881619454  3.467126E-15
6839.89535617829  3.711624E-15
6842.73189616204  2.172353E-15
6845.56843614579  5.602614E-15
6848.40497612954  3.198640E-16
6851.24151611329  3.863335E-15
6854.07805609704  2.424706E-15
6856.91459608079  3.219569E-15
6859.75113606454  2.854756E-15
6862.58767604829  2.717356E-15
6865.42421603204  2.399267E-15
6868.26075601579  2.803847E-15
6871.09729599954  2.556311E-15
6873.93383598329  3.428076E-15
6876.77037596703  3.010425E-15
6879.60691595078  3.529247E-15
6882.44345593453  3.316119E-15
6885.27999591828  1.991777E-15
6888.11653590203  2.523908E-15
6890.95307588578  2.781029E-15
6893.78961586953  2.878616E-15
6896.62615585328  2.763234E-15
6899.46269583703  3.522315E-15
6902.29923582078  2.466014E-15
6905.13577580453  4.017504E-15
6907.97231578828  1.257864E-15
6910.80885577203  3.750063E-15
6913.64539575578  3.941688E-15
6916.48193573953  3.633314E-15
6919.31847572328  3.416475E-15
6922.15501570702  3.991088E-15
6924.99155569077  3.123907E-15
6927.82809567452  3.383518E-15
6930.66463565827  3.665486E-15
6933.50117564202  3.009063E-15
6936.33771562577  4.022899E-15
6939.17425560952  3.397007E-15
6942.01079559327  3.695764E-15
6944.84733557702  3.079317E-15
6947.68387556077  2.807228E-15
6950.52041554452  3.841709E-15
6953.35695552827  3.116805E-15
6956.19349551202  3.584013E-15
6959.03003549577  4.140437E-15
6961.86657547952  3.319436E-15
6964.70311546326  3.780685E-15
6967.53965544702  2.877171E-15
6970.37619543076  3.790186E-15
6973.21273541451  3.584533E-15
6976.04927539826  3.120354E-15
6978.88581538201  3.796072E-15
6981.72235536576  3.662448E-15
6984.55889534951  3.822046E-15
6987.39543533326  3.896051E-15
6990.23197531701  4.478216E-15
6993.06851530076  3.683637E-15
6995.90505528451  3.693775E-15
6998.74159526826  3.541189E-15
7001.57813525201  2.731993E-15
7004.41467523576  3.195435E-15
7007.25121521951  3.413436E-15
7010.08775520326  3.114582E-15
7012.92429518701  3.180009E-15
7015.76083517076  2.908975E-15
7018.5973751545  4.263085E-15
7021.43391513825  3.466501E-15
7024.270455122  3.489517E-15
7027.10699510575  3.555807E-15
7029.9435350895  3.505142E-15
7032.78007507325  3.657235E-15
7035.616615057  3.044086E-15
7038.45315504075  3.298273E-15
7041.2896950245  3.594958E-15
7044.12623500825  2.808883E-15
7046.962774992  3.215854E-15
7049.79931497575  3.543941E-15
7052.6358549595  3.229212E-15
7055.47239494325  3.164905E-15
7058.308934927  3.123037E-15
7061.14547491074  3.006031E-15
7063.98201489449  3.484053E-15
7066.81855487824  3.094333E-15
7069.65509486199  3.197934E-15
7072.49163484574  2.665719E-15
7075.32817482949  2.577125E-15
7078.16471481324  3.086068E-15
7081.00125479699  3.571515E-15
7083.83779478074  3.080189E-15
7086.67433476449  2.855412E-15
7089.51087474824  3.488009E-15
7092.34741473199  3.362192E-15
7095.18395471574  3.057724E-15
7098.02049469949  3.348974E-15
7100.85703468324  3.207691E-15
7103.69357466699  2.772734E-15
7106.53011465073  2.379004E-15
7109.36665463449  2.958979E-15
7112.20319461823  2.971328E-15
7115.03973460198  2.954185E-15
7117.87627458573  3.405621E-15
7120.71281456948  2.994002E-15
7123.54935455323  2.901924E-15
7126.38589453698  2.753532E-15
7129.22243452073  2.939610E-15
7132.05897450448  2.921697E-15
7134.89551448823  2.979928E-15
7137.73205447198  3.090275E-15
7140.56859445573  3.154272E-15
7143.40513443948  3.061275E-15
7146.24167442323  2.710553E-15
7149.07821440698  3.086071E-15
7151.91475439073  3.098388E-15
7154.75129437448  2.936871E-15
7157.58783435822  2.973483E-15
7160.42437434197  2.666287E-15
7163.26091432572  2.754639E-15
7166.09745430947  3.051232E-15
7168.93399429322  3.063789E-15
7171.77053427697  3.126936E-15
7174.60707426072  3.401201E-15
7177.44361424447  2.891279E-15
7180.28015422822  2.746202E-15
7183.11669421197  2.923286E-15
7185.95323419572  3.070793E-15
7188.78977417947  2.740734E-15
7191.62631416322  2.901549E-15
7194.46285414697  2.886130E-15
7197.29939413072  2.958618E-15
7200.13593411447  3.055534E-15
7202.97247409821  2.924723E-15
7205.80901408196  3.123559E-15
7208.64555406571  3.297052E-15
7211.48209404946  2.756080E-15
7214.31863403321  2.868660E-15
7217.15517401696  3.074253E-15
7219.99171400071  3.075537E-15
7222.82825398446  2.951929E-15
7225.66479396821  1.699335E-15
7228.50133395196  3.012885E-15
7231.33787393571  7.543312E-15
7234.17441391946  7.563306E-15
7237.01095390321  2.338102E-15
7239.84749388696  3.286392E-15
7242.68403387071  3.253634E-15
7245.52057385446  3.080361E-15
7248.3571138382  3.171995E-15
7251.19365382196  3.846782E-15
7254.0301938057  2.820258E-15
7256.86673378945  4.114370E-15
7259.7032737732  4.836096E-15
7262.53981375695  7.600416E-15
7265.3763537407  6.926962E-15
7268.21289372445  4.298206E-15
7271.0494337082  2.779667E-15
7273.88597369195  2.719272E-15
7276.7225136757  2.776302E-15
7279.55905365945  2.668185E-15
7282.3955936432  3.490935E-15
7285.23213362695  3.397277E-15
7288.0686736107  4.033961E-15
7290.90521359445  2.272504E-15
7293.7417535782  3.090722E-15
7296.57829356195  3.253971E-15
7299.41483354569  2.808522E-15
7302.25137352944  2.428988E-15
7305.08791351319  2.867954E-15
7307.92445349694  3.580849E-15
7310.76099348069  5.467857E-15
7313.59753346444  7.770925E-15
7316.43407344819  7.643043E-15
7319.27061343194  5.336408E-15
7322.10715341569  3.138789E-15
7324.94369339944  1.365609E-15
7327.78023338319  4.594093E-15
7330.61677336694  1.653182E-15
7333.45331335069  2.642625E-15
7336.28985333444  2.428832E-15
7339.12639331819  2.973042E-15
7341.96293330193  2.376511E-15
7344.79947328569  2.811552E-15
7347.63601326943  2.780625E-15
7350.47255325318  2.479004E-15
7353.30909323693  2.039544E-15
7356.14563322068  3.106120E-15
7358.98217320443  2.222002E-15
7361.81871318818  2.446324E-15
7364.65525317193  2.463669E-15
7367.49179315568  2.583062E-15
7370.32833313943  2.978697E-15
7373.16487312318  2.735937E-15
7376.00141310693  2.386897E-15
7378.83795309068  2.359296E-15
7381.67449307443  2.353643E-15
7384.51103305818  2.039263E-15
7387.34757304193  1.786555E-15
7390.18411302567  2.287378E-15
7393.02065300943  2.133907E-15
7395.85719299317  2.411566E-15
7398.69373297692  2.054581E-15
7401.53027296067  2.030808E-15
7404.36681294442  2.371334E-15
7407.20335292817  1.715717E-15
7410.03989291192  1.806157E-15
7412.87643289567  2.575517E-15
7415.71297287942  2.010402E-15
7418.54951286317  2.369050E-15
7421.38605284692  2.057817E-15
7424.22259283067  1.692560E-15
7427.05913281442  2.221266E-15
7429.89567279817  2.241938E-15
7432.73221278191  1.980899E-15
7435.56875276566  1.880771E-15
7438.40529274941  2.028496E-15
7441.24183273316  2.577496E-15
7444.07837271691  5.159043E-15
7446.91491270066  6.847822E-15
7449.75145268441  3.583909E-15
7452.58799266816  1.701109E-15
7455.42453265191  1.725202E-15
7458.26107263566  1.657906E-15
7461.09761261941  2.064137E-15
7463.93415260316  1.636991E-15
7466.77069258691  1.653990E-15
7469.60723257066  1.542133E-15
7472.44377255441  1.654308E-15
7475.28031253816  1.749356E-15
7478.1168525219  1.913923E-15
7480.95339250566  1.926890E-15
7483.7899324894  1.941037E-15
7486.62647247315  1.595556E-15
7489.4630124569  1.586302E-15
7492.29955244065  1.958852E-15
7495.1360924244  1.929834E-15
7497.97263240815  1.643080E-15
7500.8091723919  1.512215E-15
7503.64571237565  1.939769E-15
7506.4822523594  1.489217E-15
7509.31879234315  1.305289E-15
7512.1553323269  1.613675E-15
7514.99187231065  1.505632E-15
7517.8284122944  1.641235E-15
7520.66495227815  1.683171E-15
7523.5014922619  1.740455E-15
7526.33803224565  1.463772E-15
7529.17457222939  1.241943E-15
7532.01111221314  1.575485E-15
7534.84765219689  2.148005E-15
7537.68419218064  1.385820E-15
7540.52073216439  1.521897E-15
7543.35727214814  1.473337E-15
7546.19381213189  1.408652E-15
7549.03035211564  1.345616E-15
7551.86689209939  1.765397E-15
7554.70343208314  1.307462E-15
7557.53997206689  1.091546E-15
7560.37651205064  1.490806E-15
7563.21305203439  1.535865E-15
7566.04959201814  1.741623E-15
7568.88613200189  1.708451E-15
7571.72267198564  1.606715E-15
7574.55921196938  1.919998E-15
7577.39575195313  1.573054E-15
7580.23229193688  1.304891E-15
7583.06883192063  1.510431E-15
7585.90537190438  1.444464E-15
7588.74191188813  1.519602E-15
7591.57845187188  1.060685E-15
7594.41499185563  8.137908E-16
7597.25153183938  8.733660E-16
7600.08807182313  6.817932E-16
7602.92461180688  7.688553E-16
7605.76115179063  8.378696E-16
7608.59769177438  1.210214E-15
7611.43423175813  1.086517E-15
7614.27077174188  1.043320E-15
7617.10731172563  1.077536E-15
7619.94385170937  9.297995E-16
7622.78039169313  1.037510E-15
7625.61693167687  9.411622E-16
7628.45347166062  8.119477E-16
7631.29001164437  9.217168E-16
7634.12655162812  9.291568E-16
7636.96309161187  1.061823E-15
7639.79963159562  1.123790E-15
7642.63617157937  1.176116E-15
7645.47271156312  1.220130E-15
7648.30925154687  1.058854E-15
7651.14579153062  1.201546E-15
7653.98233151437  1.485313E-15
7656.81887149812  1.400349E-15
7659.65541148187  9.505139E-16
7662.49195146562  1.065848E-15
7665.32849144937  1.510511E-15
7668.16503143312  1.507016E-15
7671.00157141686  1.377681E-15
7673.83811140061  1.553311E-15
7676.67465138436  1.411297E-15
7679.51119136811  1.270034E-15
7682.34773135186  1.255233E-15
7685.18427133561  1.380417E-15
7688.02081131936  1.411074E-15
7690.85735130311  1.569111E-15
7693.69389128686  1.243770E-15
7696.53043127061  1.760185E-15
7699.36697125436  1.213943E-15
7702.20351123811  8.243610E-16
7705.04005122186  1.453111E-15
7707.87659120561  1.582939E-15
7710.71313118936  1.122955E-15
7713.54967117311  9.783486E-16
7716.38621115685  1.305408E-15
7719.2227511406  6.839541E-16
7722.05929112435  9.537131E-16
7724.8958311081  1.594260E-15
7727.73237109185  9.485632E-16
7730.5689110756  2.056520E-15
7733.40545105935  1.671319E-15
7736.2419910431  9.340787E-16
7739.07853102685  1.643254E-15
7741.9150710106  1.167727E-15
7744.75161099435  1.110673E-15
7747.5881509781  1.233420E-15
7750.42469096185  8.600553E-16
7753.2612309456  1.519910E-15
7756.09777092935  1.086722E-15
7758.9343109131  1.497264E-15
7761.77085089684  1.605866E-15
7764.6073908806  1.847787E-15
7767.44393086434  1.553518E-15
7770.28047084809  9.580296E-16
7773.11701083184  1.869494E-15
7775.95355081559  1.375047E-15
7778.79009079934  9.738607E-16
7781.62663078309  1.178903E-15
7784.46317076684  1.274575E-15
7787.29971075059  1.133186E-15
7790.13625073434  9.907092E-16
7792.97279071809  9.279892E-16
7795.80933070184  1.019650E-15
7798.64587068559  1.309172E-15
7801.48241066934  1.408604E-15
7804.31895065309  1.129384E-15
7807.15549063684  1.298994E-15
7809.99203062059  1.396942E-15
7812.82857060433  1.255973E-15
7815.66511058808  1.146610E-15
7818.50165057183  1.175664E-15
7821.33819055558  8.289649E-16
7824.17473053933  2.679704E-15
7827.01127052308  3.102638E-15
7829.84781050683  8.949309E-16
7832.68435049058  8.612911E-16
7835.52089047433  1.574587E-15
7838.35743045808  1.707009E-15
7841.19397044183  1.654246E-15
7844.03051042558  1.629218E-15
7846.86705040933  9.514174E-16
7849.70359039308  1.435243E-15
7852.54013037683  1.410181E-15
7855.37667036057  1.830679E-15
7858.21321034432  1.632806E-15
7861.04975032807  1.692812E-15
7863.88629031182  9.537160E-17
7866.72283029557  1.537615E-15
7869.55937027932  8.211894E-16
7872.39591026307  1.373920E-15
7875.23245024682  1.596746E-15
7878.06899023057  1.030463E-15
7880.90553021432  8.159176E-16
7883.74207019807  9.629263E-16
7886.57861018182  1.142710E-15
7889.41515016557  1.173711E-15
7892.25169014932  6.124769E-16
7895.08823013307  6.521309E-16
7897.92477011682  2.954289E-15
7900.76131010057  2.273604E-16
7903.59785008431  1.273010E-15
7906.43439006807  9.829013E-16
7909.27093005181  1.171183E-15
7912.10747003556  1.309403E-15
7914.94401001931  1.944026E-15
7917.78055000306  1.506197E-15
7920.61708998681  1.874495E-15
7923.45362997056  -5.487524E-16
7926.29016995431  1.125211E-15
7929.12670993806  1.160156E-15
7931.96324992181  8.453734E-16
7934.79978990556  1.244136E-15
7937.63632988931  1.038072E-15
7940.47286987306  9.169240E-16
7943.30940985681  8.774189E-16
7946.14594984056  4.177368E-16
7948.9824898243  2.056517E-15
7951.81902980806  1.123203E-15
7954.6555697918  1.105117E-15
7957.49210977555  9.202764E-16
7960.3286497593  8.361084E-16
7963.16518974305  1.808176E-15
7966.0017297268  1.182198E-15
7968.83826971055  1.425589E-15
7971.6748096943  1.354039E-15
7974.51134967805  -7.132685E-16
7977.3478896618  1.920603E-15
7980.18442964555  8.108288E-16
7983.0209696293  1.297740E-15
7985.85750961305  9.954869E-16
7988.6940495968  9.363114E-16
7991.53058958055  1.101237E-15
7994.3671295643  9.712382E-16
7997.20366954805  1.095896E-15
8000.04020953179  1.138712E-15
8002.87674951554  9.738554E-16
8005.71328949929  1.326002E-15
8008.54982948304  1.160940E-15
8011.38636946679  1.191378E-15
8014.22290945054  1.353529E-15
8017.05944943429  9.629165E-16
8019.89598941804  8.290139E-16
8022.73252940179  1.423724E-15
8025.56906938554  1.115356E-15
8028.40560936929  1.087635E-15
8031.24214935304  7.119697E-16
8034.07868933679  1.436848E-15
8036.91522932054  5.850684E-16
8039.75176930429  9.619110E-16
8042.58830928804  9.971866E-16
8045.42484927178  1.167774E-15
8048.26138925553  1.011775E-15
8051.09792923928  9.114096E-16
8053.93446922303  8.078704E-16
8056.77100920678  7.308669E-16
8059.60754919053  9.974532E-16
8062.44408917428  1.086160E-15
8065.28062915803  1.006190E-15
8068.11716914178  8.967844E-16
8070.95370912553  1.107760E-15
8073.79024910928  7.957366E-16
8076.62678909303  9.040067E-16
8079.46332907678  1.043147E-15
8082.29986906053  1.080109E-15
8085.13640904428  9.399813E-16
8087.97294902803  1.716545E-15
8090.80948901177  2.564586E-15
8093.64602899553  1.764772E-15
8096.48256897927  9.695461E-16
8099.31910896302  9.558630E-16
8102.15564894677  1.024594E-15
8104.99218893052  8.993949E-16
8107.82872891427  8.743585E-16
8110.66526889802  8.912023E-16
8113.50180888177  9.381505E-16
8116.33834886552  1.024304E-15
8119.17488884927  9.661988E-16
8122.01142883302  9.648409E-16
8124.84796881677  9.099735E-16
8127.68450880052  7.848284E-16
8130.52104878427  7.445549E-16
8133.35758876802  9.641582E-16
8136.19412875177  1.851857E-15
8139.03066873552  1.858950E-15
8141.86720871926  3.664997E-15
8144.70374870301  3.589402E-15
8147.54028868676  1.237321E-15
8150.37682867051  9.155898E-16
8153.21336865426  8.157721E-16
8156.04990863801  9.015299E-16
8158.88644862176  8.968329E-16
8161.72298860551  9.802882E-16
8164.55952858926  9.367612E-16
8167.39606857301  7.460341E-16
8170.23260855676  7.635430E-16
8173.06914854051  8.282122E-16
8175.90568852426  8.974218E-16
8178.74222850801  7.683804E-16
8181.57876849176  7.581806E-16
8184.41530847551  8.806119E-16
8187.25184845925  7.905464E-16
8190.088388443  7.347177E-16
8192.92492842675  9.717243E-16
8195.7614684105  8.933255E-16
8198.59800839425  7.240833E-16
8201.434548378  6.586859E-16
8204.27108836175  7.901254E-16
8207.1076283455  7.383315E-16
8209.94416832925  7.870350E-16
8212.780708313  8.480602E-16
8215.61724829675  8.592153E-16
8218.4537882805  8.247756E-16
8221.29032826425  7.471860E-16
8224.126868248  8.154163E-16
8226.96340823175  7.399936E-16
8229.7999482155  7.284900E-16
8232.63648819924  7.605660E-16
8235.473028183  8.131258E-16
8238.30956816675  7.693149E-16
8241.14610815049  7.735293E-16
8243.98264813424  7.237551E-16
8246.81918811799  7.689353E-16
8249.65572810174  7.476741E-16
8252.49226808549  7.537603E-16
8255.32880806924  6.685732E-16
8258.16534805299  7.844592E-16
8261.00188803674  8.357897E-16
8263.83842802049  9.740943E-16
8266.67496800424  6.416827E-16
8269.51150798799  1.594122E-15
8272.34804797174  9.245858E-16
8275.18458795548  5.778583E-16
8278.02112793924  3.378584E-16
8280.85766792298  1.440641E-15
8283.69420790673  7.949136E-16
8286.53074789049  8.546934E-16
8289.36728787423  -2.212457E-17
8292.20382785798  1.191361E-15
8295.04036784173  8.266290E-16
8297.87690782548  3.404388E-16
8300.71344780923  1.104761E-15
8303.54998779298  1.109895E-15
8306.38652777673  -3.272843E-17
8309.22306776048  7.832252E-16
8312.05960774423  7.573290E-16
8314.89614772798  9.656978E-16
8317.73268771173  5.229373E-16
8320.56922769548  9.639940E-16
8323.40576767923  -1.051421E-15
8326.24230766297  3.817654E-15
8329.07884764672  1.123651E-15
8331.91538763047  -1.332375E-17
8334.75192761422  1.738247E-15
8337.58846759797  1.004098E-15
8340.42500758172  1.169563E-15
8343.26154756547  5.577845E-16
8346.09808754922  7.761567E-16
8348.93462753297  1.285522E-15
8351.77116751672  2.332685E-16
8354.60770750047  2.664945E-16
8357.44424748422  1.128963E-15
8360.28078746797  6.976332E-16
8363.11732745172  8.342630E-16
8365.95386743547  9.133238E-16
8368.79040741922  1.040013E-15
8371.62694740296  8.993599E-16
8374.46348738671  9.777012E-16
8377.30002737046  8.071925E-16
8380.13656735421  1.621907E-15
8382.97310733796  1.237174E-15
8385.80964732171  1.264691E-15
8388.64618730546  1.534868E-15
8391.48272728921  9.702141E-16
8394.31926727296  9.390615E-16
8397.15580725671  1.865015E-15
8399.99234724046  1.286462E-15
8402.82888722421  8.473667E-16
8405.66542720796  1.586689E-15
8408.50196719171  1.126891E-15
8411.33850717546  6.595994E-16
8414.17504715921  1.558309E-16
8417.01158714296  4.955108E-16
8419.8481271267  4.496658E-16
8422.68466711045  8.499784E-16
8425.5212070942  9.461122E-16
8428.35774707795  6.244219E-16
8431.1942870617  5.715983E-16
8434.03082704545  -2.876570E-16
8436.8673670292  8.168682E-16
8439.70390701295  1.052642E-15
8442.5404469967  1.287702E-15
8445.37698698045  1.077969E-15
8448.2135269642  8.776940E-16
8451.05006694795  1.184667E-15
8453.8866069317  1.064734E-15
8456.72314691545  7.412517E-16
8459.5596868992  9.905701E-16
8462.39622688295  1.275754E-15
8465.2327668667  1.091280E-15
8468.06930685044  1.133007E-15
8470.90584683419  6.684952E-16
8473.74238681794  2.677928E-15
8476.57892680169  2.981338E-15
8479.41546678544  1.275572E-15
8482.25200676919  1.374122E-15
8485.08854675294  1.381299E-15
8487.92508673669  9.468116E-16
8490.76162672044  1.105022E-15
8493.59816670419  1.020116E-15
8496.43470668794  1.031235E-15
8499.27124667169  9.532370E-16
8502.10778665544  1.256122E-15
8504.94432663919  1.282385E-15
8507.78086662294  1.206282E-15
8510.61740660669  6.230855E-16
8513.45394659044  1.425114E-15
8516.29048657418  1.397799E-15
8519.12702655793  1.237098E-15
8521.96356654168  1.289899E-15
8524.80010652543  1.345678E-15
8527.63664650918  1.483242E-15
8530.47318649293  1.246632E-15
8533.30972647668  1.195917E-15
8536.14626646043  1.145986E-15
8538.98280644418  1.152568E-15
8541.81934642793  1.249348E-15
8544.65588641168  1.146729E-15
8547.49242639543  1.350785E-15
8550.32896637918  1.311518E-15
8553.16550636293  1.342791E-15
8556.00204634668  1.281321E-15
8558.83858633042  1.407705E-15
8561.67512631417  1.330036E-15
8564.51166629792  1.277467E-15
8567.34820628167  1.391564E-15
8570.18474626542  1.335740E-15
8573.02128624917  1.275097E-15
8575.85782623292  1.492892E-15
8578.69436621667  1.380052E-15
8581.53090620042  1.410660E-15
8584.36744618417  1.465100E-15
8587.20398616792  1.377556E-15
8590.04052615167  1.339235E-15
8592.87706613542  1.455306E-15
8595.71360611917  1.392123E-15
8598.55014610292  1.346518E-15
8601.38668608667  1.504054E-15
8604.22322607041  1.236150E-15
8607.05976605417  1.286712E-15
8609.89630603791  1.297178E-15
8612.73284602166  1.360162E-15
8615.56938600541  1.417186E-15
8618.40592598916  1.419919E-15
8621.24246597291  1.387352E-15
8624.07900595666  1.169914E-15
8626.91554594041  1.117152E-15
8629.75208592416  1.202497E-15
8632.58862590791  1.106918E-15
8635.42516589166  1.172176E-15
8638.26170587541  1.003223E-15
8641.09824585916  1.231432E-15
8643.93478584291  1.461746E-15
8646.77132582666  1.369202E-15
8649.60786581041  1.568907E-15
8652.44440579416  1.189136E-15
8655.2809457779  1.381026E-15
8658.11748576165  1.360324E-15
8660.9540257454  1.400330E-15
8663.79056572915  1.356052E-15
8666.6271057129  1.045146E-15
8669.46364569665  1.178054E-15
8672.3001856804  1.221573E-15
8675.13672566415  1.361435E-15
8677.9732656479  1.393359E-15
8680.80980563165  1.093445E-15
8683.6463456154  1.140152E-15
8686.48288559915  1.052327E-15
8689.3194255829  1.250890E-15
8692.15596556665  1.255371E-15
8694.9925055504  1.249606E-15
8697.82904553415  1.127049E-15
8700.66558551789  1.130401E-15
8703.50212550164  1.163124E-15
8706.33866548539  1.266348E-15
8709.17520546914  1.265392E-15
8712.01174545289  1.364219E-15
8714.84828543664  1.453120E-15
8717.68482542039  1.368824E-15
8720.52136540414  1.334922E-15
8723.35790538789  1.361805E-15
8726.19444537164  1.333720E-15
8729.03098535539  1.264298E-15
8731.86752533914  1.192373E-15
8734.70406532289  1.070485E-15
8737.54060530664  1.221547E-15
8740.37714529039  1.398924E-15
8743.21368527414  1.030073E-15
8746.05022525788  1.670692E-15
8748.88676524164  1.114060E-15
8751.72330522538  5.930553E-16
8754.55984520913  9.999316E-16
8757.39638519288  1.075856E-15
8760.23292517663  6.370630E-16
8763.06946516038  7.556459E-16
8765.90600514413  4.909945E-16
8768.74254512788  9.700199E-16
8771.57908511163  8.972871E-16
8774.41562509538  5.042434E-16
8777.25216507913  9.115284E-16
8780.08870506288  7.816873E-16
8782.92524504663  3.709581E-16
8785.76178503038  6.406810E-16
8788.59832501412  1.088968E-15
8791.43486499788  8.438574E-16
8794.27140498163  7.972650E-16
8797.10794496537  7.138199E-16
8799.94448494912  6.860649E-16
8802.78102493287  4.404382E-16
8805.61756491662  1.140780E-15
8808.45410490037  1.713535E-15
8811.29064488412  1.475635E-17
8814.12718486787  3.962748E-16
8816.96372485162  2.542167E-16
8819.80026483537  2.882168E-16
8822.63680481912  5.449663E-16
8825.47334480287  6.077666E-16
8828.30988478662  8.154788E-16
8831.14642477037  7.041624E-16
8833.98296475412  6.721804E-16
8836.81950473786  -1.207048E-15
8839.65604472161  1.084095E-15
8842.49258470536  7.219629E-16
8845.32912468911  -3.007195E-16
8848.16566467286  1.259302E-15
8851.00220465661  3.474217E-15
8853.83874464036  5.315446E-16
8856.67528462411  9.060165E-16
8859.51182460786  3.709224E-16
8862.34836459161  5.185943E-16
8865.18490457536  -1.705035E-16
8868.02144455911  1.530574E-15
8870.85798454286  9.126563E-16
8873.69452452661  9.880291E-16
8876.53106451036  2.530642E-16
8879.36760449411  6.723031E-16
8882.20414447786  5.278283E-16
8885.0406844616  5.279663E-16
8887.87722444535  3.460267E-16
8890.71376442911  -1.998354E-16
8893.55030441285  1.221420E-15
8896.3868443966  2.476710E-16
8899.22338438035  7.415601E-16
8902.0599243641  5.794899E-16
8904.89646434785  5.554258E-16
8907.7330043316  3.553664E-16
8910.56954431535  7.000311E-16
8913.4060842991  2.694159E-16
8916.24262428285  3.551645E-16
8919.0791642666  4.193292E-16
8921.91570425035  4.362588E-16
8924.7522442341  -6.751737E-16
8927.58878421785  1.391509E-15
8930.4253242016  4.781118E-16
8933.26186418534  6.426523E-16
8936.09840416909  8.756837E-16
8938.93494415284  5.790328E-16
8941.77148413659  5.140285E-16
8944.60802412034  5.273807E-16
8947.44456410409  4.314589E-16
8950.28110408784  3.181090E-16
8953.11764407159  5.197026E-16
8955.95418405534  3.982249E-16
8958.79072403909  3.143672E-16
8961.62726402284  3.243586E-16
8964.46380400659  -9.645879E-17
8967.30034399034  1.031879E-15
8970.13688397409  6.165946E-16
8972.97342395784  4.450773E-16
8975.80996394159  4.823771E-16
8978.64650392534  4.599433E-16
8981.48304390908  9.883316E-16
8984.31958389283  2.125428E-16
8987.15612387658  5.425900E-16
8989.99266386033  5.307954E-16
8992.82920384408  7.006103E-16
8995.66574382783  2.754714E-16
8998.50228381158  5.742036E-16
9001.33882379533  3.813563E-16
9004.17536377908  5.966899E-16
9007.01190376283  8.265263E-16
9009.84844374658  -7.248542E-18
9012.68498373033  4.462840E-16
9015.52152371408  4.563342E-16
9018.35806369783  5.941755E-16
9021.19460368158  4.873143E-16
9024.03114366532  4.735903E-16
9026.86768364908  4.429500E-16
9029.70422363282  4.417423E-16
9032.54076361657  5.993514E-16
9035.37730360032  3.640960E-16
9038.21384358407  4.128794E-16
9041.05038356782  4.240277E-16
9043.88692355157  5.607719E-16
9046.72346353532  3.160936E-16
9049.56000351907  3.081474E-16
9052.39654350282  3.198268E-16
9055.23308348657  4.398039E-16
9058.06962347032  4.018699E-16
9060.90616345407  4.826947E-16
9063.74270343782  4.697655E-16
9066.57924342157  5.130724E-16
9069.41578340532  4.253730E-16
9072.25232338906  4.063888E-16
9075.08886337281  4.669101E-16
9077.92540335656  3.460742E-16
9080.76194334031  4.529281E-16
9083.59848332406  4.139497E-16
9086.43502330781  3.189063E-16
9089.27156329156  3.615631E-16
9092.10810327531  4.132769E-16
9094.94464325906  4.061730E-16
9097.78118324281  3.900813E-16
9100.61772322656  4.539471E-16
9103.45426321031  4.587788E-16
9106.29080319406  4.262400E-16
9109.12734317781  3.510252E-16
9111.96388316156  4.476753E-16
9114.8004231453  5.067544E-16
9117.63696312905  4.382884E-16
9120.4735031128  4.312087E-16
9123.31004309655  4.346300E-16
9126.1465830803  5.266910E-16
9128.98312306405  4.904318E-16
9131.8196630478  4.225236E-16
9134.65620303155  3.387501E-16
9137.4927430153  3.100293E-16
9140.32928299905  4.869168E-16
9143.1658229828  5.130231E-16
9146.00236296655  4.984291E-16
9148.8389029503  4.857356E-16
9151.67544293405  4.264417E-16
9154.5119829178  4.914567E-16
9157.34852290155  4.372927E-16
9160.1850628853  4.977051E-16
9163.02160286905  4.888699E-16
9165.85814285279  5.064271E-16
9168.69468283654  4.515928E-16
9171.53122282029  4.626427E-16
9174.36776280404  5.019099E-16
9177.20430278779  4.664939E-16
9180.04084277154  4.741857E-16
9182.87738275529  4.456972E-16
9185.71392273904  5.146146E-16
9188.55046272279  4.928075E-16
9191.38700270654  4.838075E-16
9194.22354269029  5.156206E-16
9197.06008267404  4.683238E-16
9199.89662265779  5.586580E-16
9202.73316264154  5.473527E-16
9205.56970262529  4.805302E-16
9208.40624260904  5.255346E-16
9211.24278259278  5.651970E-16
9214.07932257653  5.117447E-16
9216.91586256028  5.921360E-16
9219.75240254403  5.408115E-16
9222.58894252778  4.689756E-16
9225.42548251153  5.745819E-16
9228.26202249528  5.128057E-16
9231.09856247903  4.873929E-16
9233.93510246278  6.058364E-16
9236.77164244653  5.512666E-16
9239.60818243028  4.805014E-16
9242.44472241403  5.013283E-16
9245.28126239778  6.060509E-16
9248.11780238153  5.585554E-16
9250.95434236528  4.757015E-16
9253.79088234903  4.397852E-16
9256.62742233277  5.403945E-16
9259.46396231653  6.621831E-16
9262.30050230027  6.128523E-16
9265.13704228402  5.732338E-16
9267.97358226777  5.759986E-16
9270.81012225152  5.378612E-16
9273.64666223527  5.055777E-16
9276.48320221902  4.920284E-16
9279.31974220277  5.130877E-16
9282.15628218652  4.812064E-16
9284.99282217027  4.384146E-16
9287.82936215402  7.243036E-16
9290.66590213777  1.109190E-16
9293.50244212152  5.215026E-16
9296.33898210527  7.996268E-16
9299.17552208902  2.817110E-16
9302.01206207277  5.334774E-16
9304.84860205652  4.800410E-16
9307.68514204026  8.411288E-16
9310.52168202401  4.818498E-16
9313.35822200776  6.860665E-16
9316.19476199151  4.394702E-16
9319.03130197526  2.480121E-16
9321.86784195901  1.048171E-15
9324.70438194276  -4.218703E-16
9327.54092192651  8.924567E-16
9330.37746191026  7.401005E-16
9333.21400189401  1.693460E-16
9336.05054187776  3.146143E-16
9338.88708186151  6.363274E-16
9341.72362184526  3.215655E-16
9344.56016182901  4.635500E-16
9347.39670181276  6.122584E-16
9350.23324179651  2.478000E-16
9353.06978178026  6.859417E-16
9355.90632176401  4.844757E-16
9358.74286174775  -1.082829E-15
9361.5794017315  6.872557E-16
9364.41594171525  -1.050061E-16
9367.252481699  2.576095E-16
9370.08902168275  1.491159E-16
9372.9255616665  3.288945E-16
9375.76210165025  1.990167E-16
9378.598641634  -1.907644E-17
9381.43518161775  -2.198867E-16
9384.2717216015  8.453190E-16
9387.10826158525  8.040367E-16
9389.944801569  2.410522E-16
9392.78134155275  2.864353E-16
9395.6178815365  4.189223E-16
9398.45442152025  5.078037E-16
9401.29096150399  4.980188E-16
9404.12750148775  4.069179E-16
9406.96404147149  4.292582E-16
9409.80058145524  3.577892E-16
9412.63712143899  5.024161E-16
9415.47366142274  2.446037E-16
9418.31020140649  1.917367E-16
9421.14674139024  5.927200E-16
9423.98328137399  2.244731E-16
9426.81982135774  4.080423E-16
9429.65636134149  1.119236E-16
9432.49290132524  1.961220E-16
9435.32944130899  1.026667E-16
9438.16598129274  -1.611077E-16
9441.00252127649  5.352334E-16
9443.83906126024  2.806824E-16
9446.67560124399  1.311220E-15
9449.51214122774  -5.123810E-16
9452.34868121148  2.123787E-16
9455.18522119523  9.236646E-17
9458.02176117898  -6.757170E-16
9460.85830116273  7.434631E-16
9463.69484114648  -3.734102E-18
9466.53138113023  4.786212E-16
9469.36792111398  -2.131982E-17
9472.20446109773  2.203907E-16
9475.04100108148  1.020555E-16
9477.87754106523  9.995021E-17
9480.71408104898  1.748379E-16
9483.55062103273  3.455347E-17
9486.38716101648  6.342308E-16
9489.22370100023  1.763234E-16
9492.06024098398  2.826693E-16
9494.89678096773  2.904709E-16
9497.73332095147  2.016920E-16
9500.56986093522  1.318321E-16
9503.40640091897  4.163804E-17
9506.24294090272  1.942486E-16
9509.07948088647  2.484716E-16
9511.91602087022  4.369375E-16
9514.75256085397  2.646106E-16
9517.58910083772  1.773512E-16
9520.42564082147  2.012931E-16
9523.26218080522  2.477065E-16
9526.09872078897  3.170777E-16
9528.93526077272  3.404214E-16
9531.77180075647  1.552736E-16
9534.60834074022  2.086209E-16
9537.44488072397  7.184005E-17
9540.28142070772  6.542371E-17
9543.11796069147  1.666729E-16
9545.95450067521  -7.238091E-18
9548.79104065896  1.081106E-16
9551.62758064271  1.416293E-16
9554.46412062646  1.158773E-16
9557.30066061021  1.217895E-16
9560.13720059396  2.657497E-16
9562.97374057771  1.091656E-16
9565.81028056146  1.333861E-16
9568.64682054521  2.268045E-16
9571.48336052896  1.028848E-16
9574.31990051271  4.562406E-16
9577.15644049646  6.690284E-17
9579.99298048021  9.463114E-17
9582.82952046396  1.364527E-16
9585.66606044771  1.290559E-16
9588.50260043145  4.790789E-17
9591.33914041521  1.153856E-16
9594.17568039895  1.544899E-16
9597.0122203827  9.341654E-17
9599.84876036645  1.685201E-16
9602.6853003502  8.253881E-17
9605.52184033395  1.092697E-16
9608.3583803177  9.819720E-17
9611.19492030145  1.214883E-16
9614.0314602852  1.433938E-16
9616.86800026895  1.892439E-16
9619.7045402527  1.663229E-16
9622.54108023645  1.501693E-16
9625.3776202202  1.448904E-16
9628.21416020395  1.244393E-16
9631.0507001877  1.624934E-16
9633.88724017145  1.206993E-16
9636.7237801552  1.112401E-16
9639.56032013895  1.016995E-16
9642.39686012269  1.320681E-16
9645.23340010644  1.734592E-16
9648.06994009019  1.154905E-16
9650.90648007394  1.217378E-16
9653.74302005769  1.217821E-16
9656.57956004144  8.812745E-17
9659.41610002519  8.829361E-17
9662.25264000894  7.539987E-17
9665.08917999269  1.014188E-16
9667.92571997644  1.158044E-16
9670.76225996019  1.209817E-16
9673.59879994394  1.307256E-16
9676.43533992769  1.988744E-16
9679.27187991144  1.921310E-17
9682.10841989519  7.904804E-17
9684.94495987893  1.049173E-16
9687.78149986268  1.614262E-16
9690.61803984643  1.892916E-16
9693.45457983018  1.674755E-16
9696.29111981393  7.688997E-17
9699.12765979768  1.574529E-16
9701.96419978143  -1.369954E-17
9704.80073976518  -5.422389E-17
9707.63727974893  1.514716E-16
9710.47381973268  1.746430E-16
9713.31035971643  1.513972E-16
9716.14689970018  1.139256E-16
9718.98343968393  3.111362E-17
9721.81997966768  1.023093E-16
9724.65651965143  1.415136E-16
9727.49305963518  6.925408E-17
9730.32959961892  1.083148E-16
9733.16613960268  1.596773E-16
9736.00267958642  1.099492E-16
9738.83921957017  9.874516E-17
9741.67575955392  1.623550E-16
9744.51229953767  1.571182E-16
9747.34883952142  1.308755E-16
9750.18537950517  1.107192E-16
9753.02191948892  1.224799E-16
9755.85845947267  1.485174E-16
9758.69499945642  1.285126E-16
9761.53153944017  1.146739E-16
9764.36807942392  1.017168E-16
9767.20461940767  8.583545E-17
9770.04115939142  -1.126935E-16
9772.87769937517  -7.345364E-17
9775.71423935892  8.282753E-17
9778.55077934266  3.063207E-17
9781.38731932641  5.115881E-17
9784.22385931016  7.142465E-17
9787.06039929391  9.305080E-18
9789.89693927766  3.440166E-17
9792.73347926141  1.496954E-16
9795.57001924516  1.590084E-16
9798.40655922891  2.635081E-16
9801.24309921266  3.878497E-16
9804.07963919641  1.922304E-16
9806.91617918016  1.783937E-16
9809.75271916391  1.996311E-16
9812.58925914766  2.017492E-16
9815.42579913141  1.921842E-16
9818.26233911516  1.458707E-16
9821.09887909891  1.613912E-16
9823.93541908266  1.568463E-16
9826.7719590664  1.407655E-16
9829.60849905015  1.021005E-16
9832.4450390339  -3.950421E-17
9835.28157901765  -9.682242E-17
9838.1181190014  -9.251375E-17
9840.95465898515  -9.023226E-17
9843.7911989689  -9.005103E-17
