4629.08293090116  1.525637E-18
4631.9224022259  1.479702E-18
4634.76187355064  1.337363E-18
4637.60134487538  1.966810E-18
4640.44081620012  -2.613325E-19
4643.28028752486  -1.211695E-18
4646.11975884959  -8.798319E-19
4648.95923017433  2.414673E-18
4651.79870149907  -5.758478E-19
4654.63817282381  7.820100E-18
4657.47764414854  -2.696211E-17
4660.31711547328  1.759069E-16
4663.15658679802  1.358487E-16
4665.99605812276  3.501915E-18
4668.8355294475  -1.063227E-18
4671.67500077224  -1.466390E-18
4674.51447209697  -8.983137E-19
4677.35394342171  1.124840E-18
4680.19341474645  1.988038E-18
4683.03288607119  1.087305E-18
4685.87235739592  -1.028809E-18
4688.71182872066  -8.008746E-20
4691.5513000454  -1.819920E-18
4694.39077137014  5.728252E-19
4697.23024269488  1.028811E-19
4700.06971401962  1.000181E-18
4702.90918534435  7.226634E-19
4705.74865666909  6.335200E-19
4708.58812799383  1.343048E-18
4711.42759931857  -1.114578E-18
4714.2670706433  6.190823E-19
4717.10654196804  9.704888E-19
4719.94601329278  4.032647E-19
4722.78548461752  -1.187291E-18
4725.62495594226  5.930241E-19
4728.464427267  -4.697626E-19
4731.30389859173  -1.452870E-18
4734.14336991647  8.048056E-19
4736.98284124121  1.065047E-18
4739.82231256595  5.534246E-19
4742.66178389068  4.065878E-19
4745.50125521542  -2.233606E-19
4748.34072654016  -3.847961E-19
4751.1801978649  -2.819747E-19
4754.01966918964  4.846235E-19
4756.85914051437  6.309183E-19
4759.69861183911  1.848448E-19
4762.53808316385  -4.586676E-22
4765.37755448859  -6.623767E-20
4768.21702581333  8.720464E-19
4771.05649713806  1.353802E-18
4773.8959684628  6.442211E-20
4776.73543978754  -3.916875E-19
4779.57491111228  7.099421E-19
4782.41438243702  6.221880E-19
4785.25385376175  5.495540E-19
4788.09332508649  7.340906E-19
4790.93279641123  1.203651E-19
4793.77226773597  -5.568260E-20
4796.61173906071  1.996115E-18
4799.45121038544  1.058356E-18
4802.29068171018  3.289362E-20
4805.13015303492  -1.810474E-19
4807.96962435966  4.366032E-19
4810.8090956844  8.744060E-19
4813.64856700913  4.821168E-19
4816.48803833387  1.125459E-18
4819.32750965861  4.624577E-19
4822.16698098335  1.025840E-19
4825.00645230809  7.742769E-19
4827.84592363282  5.654180E-19
4830.68539495756  -6.373763E-19
4833.5248662823  -3.449556E-19
4836.36433760704  -7.188335E-21
4839.20380893178  -1.300836E-18
4842.04328025651  -7.202641E-19
4844.88275158125  -7.219812E-19
4847.72222290599  1.117703E-18
4850.56169423073  -1.313782E-19
4853.40116555547  -8.259468E-19
4856.24063688021  3.245857E-19
4859.08010820494  4.166923E-18
4861.91957952968  3.195903E-17
4864.75905085442  5.858409E-17
4867.59852217916  1.940811E-17
4870.43799350389  6.204210E-18
4873.27746482863  -3.172596E-19
4876.11693615337  3.392509E-19
4878.95640747811  -7.960969E-21
4881.79587880285  2.751736E-19
4884.63535012758  5.138592E-20
4887.47482145232  8.876393E-19
4890.31429277706  1.178837E-18
4893.1537641018  3.198882E-19
4895.99323542654  1.154922E-19
4898.83270675127  4.390905E-19
4901.67217807601  1.162316E-19
4904.51164940075  4.943304E-19
4907.35112072549  -2.593606E-19
4910.19059205023  -3.516441E-19
4913.03006337496  7.142681E-19
4915.8695346997  9.905363E-19
4918.70900602444  -4.393944E-19
4921.54847734918  5.062819E-19
4924.38794867392  1.085525E-18
4927.22741999865  9.192065E-19
4930.06689132339  1.781325E-18
4932.90636264813  1.794285E-18
4935.74583397287  1.169807E-18
4938.58530529761  5.229252E-19
4941.42477662234  3.429753E-19
4944.26424794708  5.362883E-19
4947.10371927182  1.004495E-18
4949.94319059656  2.212649E-19
4952.7826619213  2.869030E-19
4955.62213324603  -7.686974E-20
4958.46160457077  8.674690E-20
4961.30107589551  5.037389E-19
4964.14054722025  1.164241E-18
4966.98001854499  1.167608E-18
4969.81948986973  2.399414E-19
4972.65896119446  2.056705E-19
4975.4984325192  1.503361E-19
4978.33790384394  8.010642E-19
4981.17737516868  -2.440293E-19
4984.01684649341  6.008824E-19
4986.85631781815  -5.431829E-19
4989.69578914289  4.008068E-20
4992.53526046763  -3.355070E-19
4995.37473179237  7.353730E-19
4998.2142031171  1.517266E-18
5001.05367444184  2.739431E-19
5003.89314576658  9.548539E-19
5006.73261709132  6.438408E-19
5009.57208841606  3.492257E-19
5012.4115597408  2.640305E-19
5015.25103106553  5.102667E-19
5018.09050239027  1.823361E-18
5020.92997371501  -4.449557E-19
5023.76944503975  7.311978E-19
5026.60891636448  2.170574E-18
5029.44838768922  7.653504E-19
5032.28785901396  4.617072E-20
5035.1273303387  -2.172552E-19
5037.96680166344  3.764006E-19
5040.80627298817  -2.013883E-19
5043.64574431291  4.188149E-20
5046.48521563765  6.671946E-19
5049.32468696239  -1.317434E-19
5052.16415828713  -2.503290E-19
5055.00362961186  6.525023E-19
5057.8431009366  6.477466E-19
5060.68257226134  1.759918E-19
5063.52204358608  8.599100E-19
5066.36151491082  1.631151E-18
5069.20098623555  1.346583E-18
5072.04045756029  1.075702E-18
5074.87992888503  9.648300E-19
5077.71940020977  3.251438E-19
5080.55887153451  -5.621514E-19
5083.39834285924  2.640717E-19
5086.23781418398  5.244892E-19
5089.07728550872  9.721886E-20
5091.91675683346  1.105546E-18
5094.7562281582  9.447847E-19
5097.59569948293  -8.480191E-19
5100.43517080767  -4.974843E-19
5103.27464213241  6.433776E-19
5106.11411345715  1.115628E-18
5108.95358478189  9.037788E-19
5111.79305610663  5.896128E-19
5114.63252743136  3.568804E-19
5117.4719987561  9.434671E-19
5120.31147008084  8.661926E-19
5123.15094140558  9.803301E-19
5125.99041273031  2.072705E-19
5128.82988405505  1.880227E-19
5131.66935537979  1.647489E-19
5134.50882670453  5.697296E-19
5137.34829802927  1.226331E-18
5140.187769354  7.559500E-19
5143.02724067874  1.959921E-19
5145.86671200348  -3.327967E-19
5148.70618332822  8.399317E-19
5151.54565465296  2.306749E-19
5154.38512597769  1.086447E-18
5157.22459730243  2.890050E-20
5160.06406862717  -2.008284E-19
5162.90353995191  2.297214E-19
5165.74301127665  -7.310513E-19
5168.58248260139  6.429569E-19
5171.42195392612  1.077894E-18
5174.26142525086  7.171975E-19
5177.1008965756  1.308551E-18
5179.94036790034  1.199218E-18
5182.77983922508  6.129068E-19
5185.61931054981  1.067917E-18
5188.45878187455  1.638099E-18
5191.29825319929  2.633365E-19
5194.13772452403  9.787500E-19
5196.97719584876  4.386357E-19
5199.8166671735  5.782073E-19
5202.65613849824  6.306038E-19
5205.49560982298  -6.772776E-20
5208.33508114772  2.068346E-19
5211.17455247245  1.212919E-18
5214.01402379719  3.026426E-19
5216.85349512193  9.024253E-19
5219.69296644667  2.543862E-19
5222.53243777141  -6.392051E-19
5225.37190909614  9.866465E-19
5228.21138042088  1.188178E-18
5231.05085174562  1.281497E-18
5233.89032307036  6.360676E-19
5236.7297943951  -1.177311E-20
5239.56926571984  5.378210E-19
5242.40873704457  4.390555E-20
5245.24820836931  7.441696E-19
5248.08767969405  1.989190E-18
5250.92715101879  1.099801E-18
5253.76662234352  -1.639171E-19
5256.60609366826  2.826125E-19
5259.445564993  -1.367990E-21
5262.28503631774  2.955259E-19
5265.12450764248  1.067814E-18
5267.96397896721  3.259858E-19
5270.80345029195  1.249846E-18
5273.64292161669  1.068508E-18
5276.48239294143  -6.654169E-20
5279.32186426617  4.601672E-20
5282.1613355909  4.807514E-19
5285.00080691564  1.107447E-18
5287.84027824038  1.206544E-18
5290.67974956512  8.322453E-19
5293.51922088986  7.614199E-19
5296.35869221459  7.257547E-19
5299.19816353933  1.152319E-18
5302.03763486407  8.259513E-19
5304.87710618881  1.082737E-18
5307.71657751355  4.505742E-19
5310.55604883828  9.155827E-19
5313.39552016302  4.950296E-19
5316.23499148776  7.109276E-20
5319.0744628125  1.476640E-18
5321.91393413724  1.366790E-18
5324.75340546197  1.050261E-18
5327.59287678671  1.573362E-18
5330.43234811145  1.463189E-18
5333.27181943619  1.283181E-18
5336.11129076093  4.003410E-19
5338.95076208566  5.520837E-19
5341.7902334104  1.395206E-18
5344.62970473514  1.106499E-18
5347.46917605988  2.312926E-19
5350.30864738462  1.096577E-18
5353.14811870935  1.147040E-18
5355.98759003409  2.726400E-19
5358.82706135883  6.752878E-19
5361.66653268357  6.860754E-19
5364.50600400831  1.068293E-19
5367.34547533304  4.660878E-19
5370.18494665778  1.168598E-18
5373.02441798252  1.194566E-18
5375.86388930726  1.731993E-19
5378.703360632  1.700696E-21
5381.54283195673  5.521763E-19
5384.38230328147  8.195566E-19
5387.22177460621  8.285286E-19
5390.06124593095  1.007093E-18
5392.90071725569  6.713181E-19
5395.74018858042  8.178018E-19
5398.57965990516  2.034407E-20
5401.4191312299  1.100554E-19
5404.25860255464  1.300861E-18
5407.09807387938  5.986684E-19
5409.93754520411  1.345449E-18
5412.77701652885  1.738650E-18
5415.61648785359  6.692333E-19
5418.45595917833  2.889993E-19
5421.29543050307  3.725122E-19
5424.1349018278  2.187677E-18
5426.97437315254  5.134911E-19
5429.81384447728  1.006896E-18
5432.65331580202  1.136604E-18
5435.49278712676  1.340321E-18
5438.33225845149  1.479531E-18
5441.17172977623  1.708090E-18
5444.01120110097  1.977553E-18
5446.85067242571  2.152377E-18
5449.69014375045  7.020557E-19
5452.52961507518  5.649113E-19
5455.36908639992  9.884139E-19
5458.20855772466  9.952199E-19
5461.0480290494  4.387715E-19
5463.88750037414  7.525292E-20
5466.72697169887  2.170263E-19
5469.56644302361  7.870585E-19
5472.40591434835  9.929453E-19
5475.24538567309  1.182697E-18
5478.08485699783  1.095393E-18
5480.92432832256  3.758676E-19
5483.7637996473  1.255142E-18
5486.60327097204  7.399733E-19
5489.44274229678  -1.803739E-19
5492.28221362152  8.357697E-19
5495.12168494625  1.619016E-18
5497.96115627099  1.723076E-18
5500.80062759573  9.764041E-19
5503.64009892047  1.541794E-18
5506.47957024521  1.133335E-18
5509.31904156994  1.833914E-18
5512.15851289468  1.313709E-18
5514.99798421942  1.714916E-18
5517.83745554416  1.911961E-18
5520.6769268689  1.448896E-18
5523.51639819363  1.863446E-18
5526.35586951837  2.890123E-18
5529.19534084311  2.057621E-18
5532.03481216785  4.493450E-19
5534.87428349259  3.080683E-19
5537.71375481732  1.020756E-18
5540.55322614206  3.287611E-19
5543.3926974668  6.220783E-19
5546.23216879154  1.904254E-18
5549.07164011628  1.467252E-18
5551.91111144101  1.181096E-18
5554.75058276575  8.745418E-19
5557.59005409049  9.356859E-19
5560.42952541523  -5.036058E-19
5563.26899673996  8.548385E-18
5566.1084680647  -4.191133E-19
5568.94793938944  -1.048875E-17
5571.78741071418  1.843983E-18
5574.62688203892  3.281162E-20
5577.46635336365  1.298683E-18
5580.30582468839  3.994384E-18
5583.14529601313  2.409395E-18
5585.98476733787  -2.669847E-19
5588.82423866261  -1.384522E-18
5591.66370998735  -4.780647E-18
5594.50318131208  1.021782E-17
5597.34265263682  2.892715E-18
5600.18212396156  3.322511E-19
5603.0215952863  8.387219E-19
5605.86106661104  1.210186E-18
5608.70053793577  1.138055E-18
5611.54000926051  1.174846E-18
5614.37948058525  1.508411E-18
5617.21895190999  8.640645E-19
5620.05842323473  4.400688E-19
5622.89789455946  3.408755E-19
5625.7373658842  1.116658E-18
5628.57683720894  9.426495E-19
5631.41630853368  1.787253E-18
5634.25577985842  1.876392E-18
5637.09525118315  1.028672E-18
5639.93472250789  9.784519E-19
5642.77419383263  1.595303E-18
5645.61366515737  1.009539E-18
5648.45313648211  6.405549E-19
5651.29260780684  7.302974E-19
5654.13207913158  1.365152E-18
5656.97155045632  7.094521E-19
5659.81102178106  9.429047E-19
5662.6504931058  1.526877E-18
5665.48996443053  4.863018E-19
5668.32943575527  6.000169E-19
5671.16890708001  1.573975E-18
5674.00837840475  1.105284E-18
5676.84784972949  1.011929E-18
5679.68732105422  5.147577E-21
5682.52679237896  9.988509E-19
5685.3662637037  2.106502E-18
5688.20573502844  1.905678E-18
5691.04520635318  2.114844E-18
5693.88467767791  8.353410E-19
5696.72414900265  1.401920E-19
5699.56362032739  5.866563E-19
5702.40309165213  6.467011E-19
5705.24256297687  1.350070E-18
5708.0820343016  8.204898E-19
5710.92150562634  5.517214E-19
5713.76097695108  1.668161E-18
5716.60044827582  1.433362E-18
5719.43991960056  8.135406E-19
5722.27939092529  1.782805E-18
5725.11886225003  9.219629E-19
5727.95833357477  8.226801E-19
5730.79780489951  1.142885E-18
5733.63727622425  9.965544E-19
5736.47674754898  1.015656E-18
5739.31621887372  3.238539E-19
5742.15569019846  1.564737E-18
5744.9951615232  2.124838E-18
5747.83463284794  1.297093E-18
5750.67410417267  1.462774E-18
5753.51357549741  1.323656E-18
5756.35304682215  8.801802E-19
5759.19251814689  7.811436E-19
5762.03198947163  1.741830E-18
5764.87146079636  1.042466E-18
5767.7109321211  7.135965E-19
5770.55040344584  1.820579E-18
5773.38987477058  2.247458E-18
5776.22934609531  2.184709E-18
5779.06881742005  1.529157E-18
5781.90828874479  8.581721E-19
5784.74776006953  8.074996E-19
5787.58723139427  1.613508E-18
5790.42670271901  1.167916E-18
5793.26617404374  1.327675E-18
5796.10564536848  1.223304E-18
5798.94511669322  1.184899E-18
5801.78458801796  1.448274E-18
5804.6240593427  2.013590E-18
5807.46353066743  1.840116E-18
5810.30300199217  1.436762E-18
5813.14247331691  1.187890E-18
5815.98194464165  1.818840E-18
5818.82141596638  1.570389E-18
5821.66088729112  1.468230E-18
5824.50035861586  1.691827E-18
5827.3398299406  1.449794E-18
5830.17930126534  1.817924E-18
5833.01877259007  1.401270E-18
5835.85824391481  1.485558E-18
5838.69771523955  2.090900E-18
5841.53718656429  1.180559E-18
5844.37665788903  8.302601E-19
5847.21612921377  6.790175E-19
5850.0556005385  1.362474E-18
5852.89507186324  2.155438E-18
5855.73454318798  1.547684E-18
5858.57401451272  7.635003E-19
5861.41348583746  1.023002E-18
5864.25295716219  1.776647E-18
5867.09242848693  1.596852E-18
5869.93189981167  1.322109E-18
5872.77137113641  1.821908E-18
5875.61084246114  1.602838E-18
5878.45031378588  -2.752549E-18
5881.28978511062  -9.174577E-19
5884.12925643536  -3.436574E-19
5886.9687277601  -1.248040E-18
5889.80819908483  9.205774E-19
5892.64767040957  1.479447E-18
5895.48714173431  1.227186E-18
5898.32661305905  1.067970E-18
5901.16608438379  8.486879E-19
5904.00555570853  1.678566E-18
5906.84502703326  2.635104E-18
5909.684498358  2.711442E-19
5912.52396968274  1.392302E-18
5915.36344100748  2.542786E-18
5918.20291233222  8.082427E-19
5921.04238365695  9.589836E-19
5923.88185498169  3.213248E-19
5926.72132630643  6.011694E-19
5929.56079763117  1.808795E-18
5932.40026895591  2.021824E-18
5935.23974028064  1.301716E-18
5938.07921160538  7.332916E-19
5940.91868293012  9.094397E-19
5943.75815425486  5.898203E-19
5946.59762557959  1.120003E-18
5949.43709690433  1.849147E-18
5952.27656822907  1.781763E-18
5955.11603955381  1.773575E-18
5957.95551087855  8.740263E-19
5960.79498220328  4.706356E-19
5963.63445352802  1.218703E-18
5966.47392485276  1.360139E-18
5969.3133961775  1.780030E-18
5972.15286750224  1.681091E-18
5974.99233882697  2.347659E-18
5977.83181015171  1.501822E-18
5980.67128147645  9.186058E-19
5983.51075280119  1.009434E-18
5986.35022412593  2.026762E-18
5989.18969545066  1.290843E-18
5992.0291667754  8.290615E-19
5994.86863810014  1.296111E-18
5997.70810942488  1.692143E-18
6000.54758074962  2.255780E-18
6003.38705207435  2.065521E-18
6006.22652339909  1.762844E-18
6009.06599472383  1.439016E-18
6011.90546604857  1.153052E-18
6014.74493737331  1.811033E-18
6017.58440869804  1.134768E-18
6020.42388002278  6.257508E-19
6023.26335134752  1.755710E-18
6026.10282267226  2.419580E-18
6028.942293997  1.664424E-18
6031.78176532173  1.524370E-18
6034.62123664647  1.388845E-18
6037.46070797121  1.742550E-18
6040.30017929595  1.960276E-18
6043.13965062069  1.504169E-18
6045.97912194542  5.978058E-19
6048.81859327016  1.489548E-18
6051.6580645949  2.462723E-18
6054.49753591964  1.969929E-18
6057.33700724438  1.929917E-18
6060.17647856911  1.414753E-18
6063.01594989385  1.650155E-18
6065.85542121859  2.390499E-18
6068.69489254333  2.305636E-18
6071.53436386807  5.173738E-19
6074.3738351928  1.444443E-18
6077.21330651754  2.267413E-18
6080.05277784228  1.369256E-18
6082.89224916702  1.501215E-18
6085.73172049176  3.617694E-19
6088.57119181649  8.633518E-19
6091.41066314123  1.551297E-18
6094.25013446597  1.503970E-18
6097.08960579071  1.655370E-18
6099.92907711545  1.594032E-18
6102.76854844018  2.180326E-18
6105.60801976492  1.979779E-18
6108.44749108966  1.721980E-18
6111.2869624144  1.354208E-18
6114.12643373914  1.272535E-18
6116.96590506387  1.145228E-18
6119.80537638861  1.472458E-18
6122.64484771335  1.892578E-18
6125.48431903809  2.321486E-18
6128.32379036283  1.352240E-18
6131.16326168756  8.872854E-19
6134.0027330123  1.281310E-18
6136.84220433704  1.292760E-18
6139.68167566178  1.446253E-18
6142.52114698652  1.449478E-18
6145.36061831125  1.281751E-18
6148.20008963599  2.166672E-18
6151.03956096073  2.159006E-18
6153.87903228547  1.502676E-18
6156.71850361021  2.679371E-19
6159.55797493494  8.566930E-19
6162.39744625968  1.360662E-18
6165.23691758442  7.467543E-19
6168.07638890916  1.602095E-18
6170.9158602339  1.908680E-18
6173.75533155863  1.410724E-18
6176.59480288337  1.932315E-18
6179.43427420811  1.434681E-18
6182.27374553285  2.122159E-18
6185.11321685759  1.239195E-18
6187.95268818232  1.275327E-18
6190.79215950706  1.697000E-18
6193.6316308318  1.345867E-18
6196.47110215654  1.267996E-18
6199.31057348128  1.440628E-18
6202.15004480601  1.717998E-18
6204.98951613075  1.703434E-18
6207.82898745549  1.325969E-18
6210.66845878023  7.198594E-19
6213.50793010497  1.819604E-18
6216.3474014297  1.965832E-18
6219.18687275444  1.007801E-18
6222.02634407918  1.602602E-18
6224.86581540392  1.851107E-18
6227.70528672866  1.911263E-18
6230.54475805339  8.478936E-20
6233.38422937813  1.907234E-18
6236.22370070287  1.996352E-18
6239.06317202761  8.942240E-19
6241.90264335235  1.477178E-18
6244.74211467708  -3.748722E-20
6247.58158600182  2.424268E-18
6250.42105732656  2.578702E-18
6253.2605286513  2.704813E-18
6256.09999997604  7.606172E-19
6258.93947130077  8.336166E-19
6261.77894262551  9.539488E-19
6264.61841395025  1.562903E-18
6267.45788527499  8.008861E-19
6270.29735659973  2.679154E-18
6273.13682792446  8.761554E-19
6275.9762992492  1.348218E-19
6278.81577057394  8.003542E-19
6281.65524189868  1.569474E-18
6284.49471322342  2.217822E-18
6287.33418454815  -1.780309E-18
6290.17365587289  3.052961E-18
6293.01312719763  1.183097E-18
6295.85259852237  2.474404E-18
6298.69206984711  2.525043E-18
6301.53154117184  2.221477E-18
6304.37101249658  8.378630E-19
6307.21048382132  6.640973E-19
6310.04995514606  5.016649E-19
6312.8894264708  4.680297E-18
6315.72889779553  1.692184E-18
6318.56836912027  1.763075E-18
6321.40784044501  2.183611E-18
6324.24731176975  9.234760E-19
6327.08678309448  1.351656E-18
6329.92625441922  2.051794E-18
6332.76572574396  1.509928E-18
6335.6051970687  2.077494E-18
6338.44466839344  2.343853E-18
6341.28413971818  1.926864E-18
6344.12361104291  1.383916E-18
6346.96308236765  1.493811E-18
6349.80255369239  1.186286E-18
6352.64202501713  7.865049E-19
6355.48149634187  2.200237E-18
6358.3209676666  2.373991E-18
6361.16043899134  2.940783E-18
6363.99991031608  2.332589E-18
6366.83938164082  1.686971E-18
6369.67885296556  2.504573E-18
6372.51832429029  1.658868E-18
6375.35779561503  1.096011E-18
6378.19726693977  2.138557E-18
6381.03673826451  1.109134E-18
6383.87620958925  1.863583E-18
6386.71568091398  1.458282E-18
6389.55515223872  1.742626E-18
6392.39462356346  1.990308E-18
6395.2340948882  2.513510E-18
6398.07356621294  1.709163E-18
6400.91303753767  1.688562E-18
6403.75250886241  2.337744E-18
6406.59198018715  2.147332E-18
6409.43145151189  8.941219E-19
6412.27092283663  9.517198E-19
6415.11039416136  1.260554E-18
6417.9498654861  1.470748E-18
6420.78933681084  1.763578E-18
6423.62880813558  1.390741E-18
6426.46827946032  1.439476E-18
6429.30775078505  1.390578E-18
6432.14722210979  1.193028E-18
6434.98669343453  1.599087E-18
6437.82616475927  1.942702E-18
6440.66563608401  1.960278E-18
6443.50510740875  1.935531E-18
6446.34457873348  1.977172E-18
6449.18405005822  2.055399E-18
6452.02352138296  1.313011E-18
6454.8629927077  1.382568E-18
6457.70246403243  1.850388E-18
6460.54193535717  1.999709E-18
6463.38140668191  2.073435E-18
6466.22087800665  2.325754E-18
6469.06034933138  2.117663E-18
6471.89982065612  9.328276E-19
6474.73929198086  9.859147E-19
6477.5787633056  1.383372E-18
6480.41823463034  1.233072E-18
6483.25770595507  1.329158E-18
6486.09717727981  7.874775E-19
6488.93664860455  1.244660E-18
6491.77611992929  1.833744E-18
6494.61559125403  1.840229E-18
6497.45506257877  2.001273E-18
6500.2945339035  1.536700E-18
6503.13400522824  1.794582E-18
6505.97347655298  1.771087E-18
6508.81294787772  9.078859E-19
6511.65241920246  1.851396E-18
6514.49189052719  1.927275E-18
6517.33136185193  2.169460E-18
6520.17083317667  2.001790E-18
6523.01030450141  1.490321E-18
6525.84977582614  1.991054E-18
6528.68924715088  2.072380E-18
6531.52871847562  1.665065E-18
6534.36818980036  1.883095E-18
6537.2076611251  2.063942E-18
6540.04713244983  1.297085E-18
6542.88660377457  1.003208E-18
6545.72607509931  2.134489E-18
6548.56554642405  9.895420E-19
6551.40501774879  4.988049E-19
6554.24448907353  9.882620E-19
6557.08396039826  1.437309E-18
6559.923431723  1.989311E-18
6562.76290304774  2.146758E-18
6565.60237437248  1.655013E-18
6568.44184569722  1.086004E-18
6571.28131702195  6.852177E-19
6574.12078834669  1.865967E-18
6576.96025967143  1.651027E-18
6579.79973099617  8.383130E-19
6582.6392023209  1.126612E-18
6585.47867364564  9.773768E-19
6588.31814497038  1.269934E-18
6591.15761629512  1.697749E-18
6593.99708761986  2.031767E-18
6596.83655894459  1.909149E-18
6599.67603026933  1.678779E-18
6602.51550159407  1.756365E-18
6605.35497291881  1.693712E-18
6608.19444424355  1.742754E-18
6611.03391556829  2.282244E-18
6613.87338689302  2.617537E-18
6616.71285821776  2.822744E-18
6619.5523295425  2.394491E-18
6622.39180086724  2.188402E-18
6625.23127219198  1.932278E-18
6628.07074351671  1.591925E-18
6630.91021484145  1.909031E-18
6633.74968616619  2.269569E-18
6636.58915749093  2.125257E-18
6639.42862881567  1.408425E-18
6642.2681001404  1.887788E-18
6645.10757146514  2.912763E-18
6647.94704278988  1.816074E-18
6650.78651411462  1.472286E-18
6653.62598543936  2.022852E-18
6656.46545676409  1.730496E-18
6659.30492808883  1.780867E-18
6662.14439941357  2.016904E-18
6664.98387073831  1.646984E-18
6667.82334206305  2.231495E-18
6670.66281338778  1.645010E-18
6673.50228471252  8.519526E-19
6676.34175603726  1.672164E-18
6679.181227362  1.628448E-18
6682.02069868674  2.126789E-18
6684.86017001147  2.258595E-18
6687.69964133621  2.073032E-18
6690.53911266095  2.036238E-18
6693.37858398569  1.751456E-18
6696.21805531043  1.387039E-18
6699.05752663516  1.416219E-18
6701.8969979599  1.246346E-18
6704.73646928464  1.372290E-18
6707.57594060938  2.250917E-18
6710.41541193411  1.715376E-18
6713.25488325885  1.489084E-18
6716.09435458359  1.608874E-18
6718.93382590833  1.844566E-18
6721.77329723307  1.254567E-18
6724.61276855781  2.381693E-18
6727.45223988254  2.295593E-18
6730.29171120728  1.554345E-18
6733.13118253202  2.121140E-18
6735.97065385676  2.116285E-18
6738.8101251815  1.461703E-18
6741.64959650623  1.883193E-18
6744.48906783097  1.455802E-18
6747.32853915571  2.316986E-18
6750.16801048045  2.504893E-18
6753.00748180518  1.882231E-18
6755.84695312992  1.526957E-18
6758.68642445466  2.395736E-18
6761.5258957794  2.265849E-18
6764.36536710414  2.690761E-18
6767.20483842887  1.973031E-18
6770.04430975361  2.025131E-18
6772.88378107835  2.380696E-18
6775.72325240309  1.370507E-18
6778.56272372783  1.819408E-18
6781.40219505256  2.031865E-18
6784.2416663773  2.418560E-18
6787.08113770204  2.175714E-18
6789.92060902678  9.602891E-19
6792.76008035152  1.488516E-18
6795.59955167626  1.961303E-18
6798.43902300099  1.900192E-18
6801.27849432573  2.587786E-18
6804.11796565047  2.411883E-18
6806.95743697521  1.759353E-18
6809.79690829994  1.782230E-18
6812.63637962468  2.431276E-18
6815.47585094942  3.126871E-18
6818.31532227416  1.178167E-18
6821.1547935989  2.297784E-18
6823.99426492363  9.876857E-19
6826.83373624837  1.554071E-18
6829.67320757311  1.295396E-18
6832.51267889785  2.427449E-18
6835.35215022259  2.252328E-18
6838.19162154732  2.667962E-18
6841.03109287206  1.896444E-18
6843.8705641968  3.082397E-18
6846.71003552154  1.902115E-18
6849.54950684628  1.707302E-18
6852.38897817101  1.164566E-18
6855.22844949575  1.430378E-18
6858.06792082049  5.941555E-19
6860.90739214523  2.688531E-18
6863.74686346997  2.837993E-18
6866.5863347947  2.003461E-18
6869.42580611944  2.180855E-18
6872.26527744418  5.695388E-19
6875.10474876892  3.490943E-18
6877.94422009366  2.241833E-18
6880.78369141839  2.761140E-18
6883.62316274313  2.342870E-18
6886.46263406787  1.969133E-18
6889.30210539261  1.161678E-18
6892.14157671735  1.089850E-18
6894.98104804208  2.798063E-18
6897.82051936682  9.135180E-19
6900.65999069156  1.980434E-18
6903.4994620163  1.036917E-18
6906.33893334104  5.766321E-19
6909.17840466578  5.847038E-19
6912.01787599051  2.186609E-18
6914.85734731525  2.803609E-18
6917.69681863999  2.938300E-18
6920.53628996473  2.367068E-18
6923.37576128947  2.480194E-18
6926.2152326142  6.843869E-19
6929.05470393894  2.970097E-18
6931.89417526368  1.066899E-18
6934.73364658842  1.207440E-18
6937.57311791316  1.228879E-18
6940.41258923789  1.087746E-18
6943.25206056263  1.557903E-18
6946.09153188737  2.494174E-18
6948.93100321211  1.402511E-18
6951.77047453684  2.385011E-18
6954.60994586158  3.362024E-19
6957.44941718632  1.089829E-18
6960.28888851106  2.526726E-18
6963.1283598358  1.037186E-18
6965.96783116054  3.050189E-18
6968.80730248527  1.987314E-18
6971.64677381001  2.758057E-18
6974.48624513475  2.307377E-18
6977.32571645949  2.279259E-18
6980.16518778423  1.940711E-18
6983.00465910896  2.836320E-18
6985.8441304337  2.907964E-18
6988.68360175844  1.123480E-18
6991.52307308318  2.178272E-18
6994.36254440792  2.395716E-18
6997.20201573265  2.366104E-18
7000.04148705739  2.401896E-18
7002.88095838213  2.710324E-18
7005.72042970687  2.074570E-18
7008.5599010316  2.749421E-18
7011.39937235634  2.244678E-18
7014.23884368108  2.385528E-18
7017.07831500582  2.483916E-18
7019.91778633056  2.238301E-18
7022.75725765529  2.898814E-18
7025.59672898003  1.585269E-18
7028.43620030477  1.375762E-18
7031.27567162951  1.556169E-18
7034.11514295425  1.778558E-18
7036.95461427899  1.336120E-18
7039.79408560372  2.280248E-18
7042.63355692846  2.312544E-18
7045.4730282532  1.682747E-18
7048.31249957794  2.178036E-18
7051.15197090268  1.621121E-18
7053.99144222741  1.804798E-18
7056.83091355215  2.810398E-18
7059.67038487689  2.560194E-18
7062.50985620162  2.450655E-18
7065.34932752636  2.299057E-18
7068.1887988511  2.051381E-18
7071.02827017584  1.927988E-18
7073.86774150058  1.798177E-18
7076.70721282532  1.502054E-18
7079.54668415005  2.131516E-18
7082.38615547479  2.179975E-18
7085.22562679953  2.352422E-18
7088.06509812427  2.263482E-18
7090.90456944901  2.880253E-18
7093.74404077374  2.051064E-18
7096.58351209848  1.562717E-18
7099.42298342322  2.799034E-18
7102.26245474796  2.701919E-18
7105.1019260727  1.973244E-18
7107.94139739743  2.392410E-18
7110.78086872217  2.680949E-18
7113.62034004691  1.716877E-18
7116.45981137165  2.022973E-18
7119.29928269639  2.539467E-18
7122.13875402112  2.196739E-18
7124.97822534586  2.547849E-18
7127.8176966706  2.861250E-18
7130.65716799534  1.866891E-18
7133.49663932008  1.869945E-18
7136.33611064481  2.626266E-18
7139.17558196955  3.176310E-18
7142.01505329429  2.705392E-18
7144.85452461903  1.590587E-18
7147.69399594377  1.307309E-18
7150.5334672685  2.291831E-18
7153.37293859324  2.506880E-18
7156.21240991798  2.287989E-18
7159.05188124272  2.790259E-18
7161.89135256746  2.608932E-18
7164.73082389219  2.270855E-18
7167.57029521693  2.567995E-18
7170.40976654167  2.721413E-18
7173.24923786641  2.352527E-18
7176.08870919115  2.325897E-18
7178.92818051588  2.377967E-18
7181.76765184062  2.055352E-18
7184.60712316536  1.735508E-18
7187.4465944901  2.232235E-18
7190.28606581484  2.246244E-18
7193.12553713957  2.139728E-18
7195.96500846431  2.374320E-18
7198.80447978905  2.529529E-18
7201.64395111379  2.762178E-18
7204.48342243853  2.363579E-18
7207.32289376327  2.030793E-18
7210.162365088  2.308729E-18
7213.00183641274  2.577944E-18
7215.84130773748  1.932548E-18
7218.68077906222  2.084776E-18
7221.52025038695  2.934189E-18
7224.35972171169  2.094387E-18
7227.19919303643  1.105671E-18
7230.03866436117  -1.447918E-19
7232.87813568591  9.795564E-19
7235.71760701064  1.256845E-18
7238.55707833538  2.522667E-18
7241.39654966012  2.549032E-18
7244.23602098486  2.234372E-18
7247.0754923096  1.167196E-18
7249.91496363433  2.528765E-18
7252.75443495907  2.405005E-18
7255.59390628381  3.311171E-18
7258.43337760855  4.775693E-19
7261.27284893329  -3.300006E-19
7264.11232025803  4.386912E-18
7266.95179158276  1.163299E-18
7269.7912629075  9.726519E-19
7272.63073423224  1.612419E-18
7275.47020555698  1.200815E-18
7278.30967688171  2.170584E-18
7281.14914820645  3.855192E-18
7283.98861953119  3.721993E-18
7286.82809085593  4.849593E-18
7289.66756218067  4.081653E-18
7292.5070335054  3.365202E-18
7295.34650483014  3.950146E-18
7298.18597615488  3.216233E-18
7301.02544747962  1.592500E-18
7303.86491880436  2.723911E-18
7306.70439012909  2.913524E-18
7309.54386145383  3.223893E-18
7312.38333277857  1.402964E-18
7315.22280410331  1.683331E-18
7318.06227542805  1.307297E-18
7320.90174675278  5.925342E-18
7323.74121807752  1.866686E-19
7326.58068940226  1.160547E-18
7329.420160727  4.004310E-18
7332.25963205174  2.407785E-18
7335.09910337647  2.484636E-18
7337.93857470121  2.537536E-18
7340.77804602595  1.937684E-18
7343.61751735069  6.509969E-19
7346.45698867543  1.616903E-18
7349.29646000016  3.130116E-18
7352.1359313249  2.449678E-18
7354.97540264964  1.201555E-18
7357.81487397438  3.938719E-18
7360.65434529912  2.398670E-18
7363.49381662385  2.807656E-18
7366.33328794859  1.764466E-18
7369.17275927333  3.368095E-18
7372.01223059807  3.195690E-18
7374.8517019228  2.130421E-18
7377.69117324754  1.545025E-18
7380.53064457228  2.285208E-18
7383.37011589702  2.927254E-18
7386.20958722176  2.419713E-18
7389.0490585465  2.690384E-18
7391.88852987123  3.009995E-18
7394.72800119597  2.326491E-18
7397.56747252071  2.605503E-18
7400.40694384545  1.396476E-18
7403.24641517019  1.677886E-18
7406.08588649492  3.124355E-18
7408.92535781966  1.208549E-18
7411.7648291444  3.142234E-18
7414.60430046914  3.595376E-18
7417.44377179388  1.658821E-18
7420.28324311861  2.108402E-18
7423.12271444335  2.515710E-18
7425.96218576809  2.907019E-18
7428.80165709283  2.285436E-18
7431.64112841756  2.232050E-18
7434.4805997423  3.051942E-18
7437.32007106704  2.591981E-18
7440.15954239178  2.766063E-18
7442.99901371652  3.307736E-18
7445.83848504126  1.537562E-18
7448.67795636599  2.477631E-18
7451.51742769073  2.668262E-18
7454.35689901547  3.582536E-18
7457.19637034021  3.286251E-18
7460.03584166495  2.465386E-18
7462.87531298968  2.106273E-18
7465.71478431442  1.964430E-18
7468.55425563916  2.158923E-18
7471.3937269639  2.454906E-18
7474.23319828864  2.606496E-18
7477.07266961337  3.160592E-18
7479.91214093811  3.588611E-18
7482.75161226285  3.392135E-18
7485.59108358759  2.441789E-18
7488.43055491232  3.167282E-18
7491.27002623706  2.397272E-18
7494.1094975618  2.559247E-18
7496.94896888654  2.709261E-18
7499.78844021128  2.384699E-18
7502.62791153602  1.884646E-18
7505.46738286075  3.087485E-18
7508.30685418549  2.277637E-18
7511.14632551023  3.418793E-18
7513.98579683497  3.135437E-18
7516.82526815971  2.322907E-18
7519.66473948444  2.546012E-18
7522.50421080918  3.100829E-18
7525.34368213392  2.875772E-18
7528.18315345866  3.375471E-18
7531.0226247834  2.327470E-18
7533.86209610813  4.097093E-18
7536.70156743287  3.686547E-18
7539.54103875761  2.848467E-18
7542.38051008235  3.211794E-18
7545.21998140708  3.273071E-18
7548.05945273182  2.458292E-18
7550.89892405656  1.910833E-18
7553.7383953813  2.968085E-18
7556.57786670604  3.543843E-18
7559.41733803078  3.456996E-18
7562.25680935551  3.650454E-18
7565.09628068025  3.294883E-18
7567.93575200499  2.404634E-18
7570.77522332973  1.904146E-18
7573.61469465447  3.884788E-18
7576.4541659792  4.760554E-18
7579.29363730394  2.720971E-18
7582.13310862868  1.318617E-18
7584.97257995342  8.157929E-19
7587.81205127815  1.402875E-18
7590.65152260289  1.717135E-18
7593.49099392763  4.204907E-19
7596.33046525237  3.919468E-19
7599.16993657711  7.910479E-19
7602.00940790184  1.462533E-18
7604.84887922658  2.544579E-18
7607.68835055132  2.251210E-18
7610.52782187606  2.350059E-18
7613.3672932008  1.374525E-18
7616.20676452554  1.549563E-18
7619.04623585027  1.666317E-18
7621.88570717501  1.329181E-18
7624.72517849975  2.447283E-18
7627.56464982449  2.782730E-18
7630.40412114923  1.581773E-18
7633.24359247396  2.492022E-18
7636.0830637987  2.383128E-18
7638.92253512344  2.706792E-18
7641.76200644818  1.391718E-18
7644.60147777291  1.828171E-18
7647.44094909765  3.080589E-18
7650.28042042239  2.617718E-18
7653.11989174713  2.522564E-18
7655.95936307187  2.040054E-18
7658.7988343966  3.136841E-18
7661.63830572134  2.740948E-18
7664.47777704608  2.242234E-18
7667.31724837082  3.440148E-18
7670.15671969556  2.586377E-18
7672.99619102029  3.373607E-18
7675.83566234503  3.073657E-18
7678.67513366977  2.788379E-18
7681.51460499451  3.400892E-18
7684.35407631925  2.599335E-18
7687.19354764399  2.514140E-18
7690.03301896872  2.774919E-18
7692.87249029346  2.901520E-18
7695.7119616182  2.072013E-19
7698.55143294294  4.236885E-18
7701.39090426767  2.400965E-18
7704.23037559241  1.184136E-18
7707.06984691715  9.440297E-19
7709.90931824189  3.865872E-18
7712.74878956663  2.003331E-18
7715.58826089136  -4.220764E-20
7718.4277322161  2.181551E-18
7721.26720354084  2.915220E-18
7724.10667486558  1.860410E-18
7726.94614619032  5.878491E-18
7729.78561751505  7.013254E-19
7732.62508883979  8.281614E-19
7735.46456016453  2.564693E-18
7738.30403148927  2.970785E-18
7741.14350281401  5.137920E-18
7743.98297413875  3.223487E-18
7746.82244546348  2.750745E-18
7749.66191678822  1.875347E-18
7752.50138811296  1.500334E-18
7755.3408594377  2.425608E-18
7758.18033076243  1.270996E-18
7761.01980208717  4.357975E-18
7763.85927341191  1.036236E-18
7766.69874473665  3.593194E-18
7769.53821606139  3.291351E-18
7772.37768738612  1.416988E-18
7775.21715871086  3.592044E-18
7778.0566300356  1.480670E-18
7780.89610136034  2.978004E-18
7783.73557268508  1.837422E-18
7786.57504400981  2.770189E-18
7789.41451533455  2.621713E-18
7792.25398665929  3.255473E-19
7795.09345798403  4.596773E-18
7797.93292930877  3.146715E-18
7800.7724006335  3.304228E-18
7803.61187195824  4.588215E-18
7806.45134328298  1.838937E-18
7809.29081460772  3.009750E-18
7812.13028593246  2.851788E-18
7814.96975725719  2.593322E-18
7817.80922858193  3.625428E-18
7820.64869990667  2.294545E-18
7823.48817123141  2.775317E-18
7826.32764255615  2.568882E-18
7829.16711388088  3.785401E-18
7832.00658520562  6.509860E-18
7834.84605653036  1.673026E-18
7837.6855278551  1.892794E-18
7840.52499917984  2.312653E-18
7843.36447050457  1.222066E-18
7846.20394182931  2.317572E-18
7849.04341315405  2.987909E-18
7851.88288447879  2.806591E-18
7854.72235580353  2.318037E-18
7857.56182712826  2.024391E-18
7860.401298453  3.144258E-18
7863.24076977774  4.542612E-18
7866.08024110248  6.467305E-19
7868.91971242722  3.540984E-18
7871.75918375195  2.370372E-18
7874.59865507669  2.597281E-18
7877.43812640143  2.530456E-18
7880.27759772617  3.922316E-18
7883.11706905091  2.912757E-18
7885.95654037564  2.966337E-18
7888.79601170038  1.748780E-18
7891.63548302512  3.739796E-18
7894.47495434986  1.099456E-18
7897.3144256746  1.833326E-18
7900.15389699933  7.498455E-18
7902.99336832407  3.234635E-18
7905.83283964881  3.175997E-18
7908.67231097355  3.379461E-18
7911.51178229829  2.425044E-18
7914.35125362302  2.417260E-18
7917.19072494776  3.548284E-18
7920.0301962725  2.542067E-18
7922.86966759724  3.821549E-18
7925.70913892198  4.289743E-19
7928.54861024672  3.379543E-18
7931.38808157145  3.370948E-18
7934.22755289619  3.244899E-18
7937.06702422093  2.459958E-18
7939.90649554567  3.530241E-18
7942.74596687041  5.391828E-18
7945.58543819514  3.068514E-18
7948.42490951988  1.252726E-18
7951.26438084462  2.842355E-18
7954.10385216936  2.063564E-18
7956.9433234941  3.218882E-18
7959.78279481883  2.660885E-18
7962.62226614357  3.164583E-18
7965.46173746831  4.548583E-18
7968.30120879305  3.773064E-18
7971.14068011778  3.392232E-18
7973.98015144252  2.972458E-18
7976.81962276726  2.565054E-18
7979.659094092  4.653365E-18
7982.49856541674  4.161404E-18
7985.33803674147  3.993713E-18
7988.17750806621  4.454742E-18
7991.01697939095  4.268379E-18
7993.85645071569  3.140417E-18
7996.69592204043  4.097612E-18
7999.53539336517  3.026770E-18
8002.3748646899  3.232605E-18
8005.21433601464  5.320659E-18
8008.05380733938  3.065116E-18
8010.89327866412  2.110293E-18
8013.73274998885  2.641198E-18
8016.57222131359  2.762743E-18
8019.41169263833  1.074291E-18
8022.25116396307  2.953120E-18
8025.09063528781  2.904311E-18
8027.93010661254  3.887448E-18
8030.76957793728  3.315986E-18
8033.60904926202  2.771599E-18
8036.44852058676  3.181139E-18
8039.2879919115  2.626814E-18
8042.12746323623  3.334186E-18
8044.96693456097  4.266287E-18
8047.80640588571  2.643840E-18
8050.64587721045  3.800170E-18
8053.48534853519  2.618004E-18
8056.32481985992  2.472659E-18
8059.16429118466  3.490265E-18
8062.0037625094  2.849616E-18
8064.84323383414  4.005428E-18
8067.68270515888  4.058194E-18
8070.52217648361  3.046145E-18
8073.36164780835  2.528526E-18
8076.20111913309  2.978546E-18
8079.04059045783  2.463078E-18
8081.88006178257  3.039417E-18
8084.7195331073  3.767253E-18
8087.55900443204  3.878630E-18
8090.39847575678  2.710464E-18
8093.23794708152  3.630776E-18
8096.07741840626  3.022068E-18
8098.91688973099  2.888382E-18
8101.75636105573  4.047906E-18
8104.59583238047  2.569277E-18
8107.43530370521  2.399136E-18
8110.27477502995  4.292781E-18
8113.11424635468  2.949378E-18
8115.95371767942  2.895936E-18
8118.79318900416  1.991957E-18
8121.6326603289  4.083293E-18
8124.47213165364  3.565086E-18
8127.31160297837  3.501613E-18
8130.15107430311  3.972534E-18
8132.99054562785  2.369791E-18
8135.83001695259  2.808044E-18
8138.66948827733  2.574001E-18
8141.50895960206  3.100229E-18
8144.3484309268  3.371442E-18
8147.18790225154  3.528499E-18
8150.02737357628  2.900915E-18
8152.86684490102  2.416490E-18
8155.70631622575  3.115536E-18
8158.54578755049  2.828729E-18
8161.38525887523  3.021206E-18
8164.22473019997  3.137702E-18
8167.06420152471  3.462356E-18
8169.90367284944  3.114414E-18
8172.74314417418  2.258604E-18
8175.58261549892  2.199338E-18
8178.42208682366  2.650787E-18
8181.2615581484  3.105166E-18
8184.10102947313  2.587068E-18
8186.94050079787  2.728833E-18
8189.77997212261  2.518418E-18
8192.61944344735  3.189316E-18
8195.45891477209  3.413561E-18
8198.29838609682  2.866138E-18
8201.13785742156  3.779150E-18
8203.9773287463  3.291306E-18
8206.81680007104  2.292308E-18
8209.65627139578  2.578408E-18
8212.49574272052  3.426191E-18
8215.33521404525  3.312150E-18
8218.17468536999  3.493608E-18
8221.01415669473  3.312943E-18
8223.85362801947  3.107414E-18
8226.69309934421  4.018048E-18
8229.53257066894  3.854869E-18
8232.37204199368  3.414009E-18
8235.21151331842  3.081495E-18
8238.05098464316  3.674541E-18
8240.8904559679  4.304183E-18
8243.72992729263  3.183915E-18
8246.56939861737  3.441726E-18
8249.40886994211  4.292928E-18
8252.24834126685  3.706996E-18
8255.08781259158  3.904864E-18
8257.92728391632  4.328638E-18
8260.76675524106  3.355505E-18
8263.6062265658  9.611505E-19
8266.44569789054  4.243679E-18
8269.28516921527  4.265004E-18
8272.12464054001  3.775429E-18
8274.96411186475  5.541692E-18
8277.80358318949  4.560242E-18
8280.64305451423  4.780008E-19
8283.48252583896  1.929232E-19
8286.3219971637  6.527192E-19
8289.16146848844  3.025569E-18
8292.00093981318  3.836552E-18
8294.84041113792  3.449655E-18
8297.67988246265  5.334604E-18
8300.51935378739  5.626634E-18
8303.35882511213  6.031562E-18
8306.19829643687  3.731143E-18
8309.03776776161  4.198749E-18
8311.87723908634  2.810333E-18
8314.71671041108  3.914569E-18
8317.55618173582  3.134932E-18
8320.39565306056  4.969298E-18
8323.2351243853  1.643408E-18
8326.07459571004  7.655190E-18
8328.91406703477  1.576931E-18
8331.75353835951  3.514707E-18
8334.59300968425  6.852309E-18
8337.43248100899  3.811798E-18
8340.27195233372  2.753711E-18
8343.11142365846  -7.176433E-19
8345.9508949832  4.771290E-18
8348.79036630794  6.511313E-18
8351.62983763268  -6.096574E-20
8354.46930895741  6.560723E-18
8357.30878028215  7.926945E-18
8360.14825160689  2.470494E-18
8362.98772293163  5.476602E-18
8365.82719425637  3.571755E-18
8368.6666655811  4.173104E-18
8371.50613690584  4.948689E-18
8374.34560823058  3.793265E-18
8377.18507955532  -5.674220E-19
8380.02455088006  7.241433E-18
8382.86402220479  5.321834E-18
8385.70349352953  6.433246E-18
8388.54296485427  8.870693E-18
8391.38243617901  3.304851E-18
8394.22190750375  -1.966952E-19
8397.06137882848  8.266249E-18
8399.90085015322  4.691226E-18
8402.74032147796  1.883129E-18
8405.5797928027  1.168706E-17
8408.41926412744  -1.215131E-17
8411.25873545217  1.064093E-17
8414.09820677691  4.601862E-18
8416.93767810165  3.667811E-18
8419.77714942639  7.212726E-18
8422.61662075112  4.029942E-19
8425.45609207586  4.185734E-18
8428.2955634006  4.063997E-18
8431.13503472534  -1.705159E-18
8433.97450605008  1.375525E-18
8436.81397737482  8.299687E-18
8439.65344869955  -1.703276E-18
8442.49292002429  4.634616E-18
8445.33239134903  -2.144249E-18
8448.17186267377  6.141360E-18
8451.01133399851  5.707181E-18
8453.85080532324  5.382478E-18
8456.69027664798  4.629522E-18
8459.52974797272  5.673375E-18
8462.36921929746  4.634526E-18
8465.2086906222  4.553657E-18
8468.04816194693  3.336419E-18
8470.88763327167  7.409575E-18
8473.72710459641  8.143961E-19
8476.56657592115  4.023854E-18
8479.40604724588  2.877784E-18
8482.24551857062  5.387675E-18
8485.08498989536  1.610496E-18
8487.9244612201  4.186615E-18
8490.76393254484  4.441658E-18
8493.60340386957  3.283325E-18
8496.44287519431  3.152728E-18
8499.28234651905  3.228302E-18
8502.12181784379  5.090697E-18
8504.96128916853  5.876739E-18
8507.80076049327  4.139721E-18
8510.640231818  4.335363E-18
8513.47970314274  4.589092E-18
8516.31917446748  4.244332E-18
8519.15864579222  2.776388E-18
8521.99811711696  2.904959E-18
8524.83758844169  2.689773E-18
8527.67705976643  4.558077E-18
8530.51653109117  3.741671E-18
8533.35600241591  2.293475E-18
8536.19547374064  3.193517E-18
8539.03494506538  3.416028E-18
8541.87441639012  3.250035E-18
8544.71388771486  3.385257E-18
8547.5533590396  3.596986E-18
8550.39283036433  2.676527E-18
8553.23230168907  2.788008E-18
8556.07177301381  3.495036E-18
8558.91124433855  4.159813E-18
8561.75071566329  3.021998E-18
8564.59018698802  3.672021E-18
8567.42965831277  4.504428E-18
8570.2691296375  3.281246E-18
8573.10860096224  3.251054E-18
8575.94807228698  3.878345E-18
8578.78754361172  4.059497E-18
8581.62701493645  4.368402E-18
8584.46648626119  3.569393E-18
8587.30595758593  3.445965E-18
8590.14542891067  4.132340E-18
8592.9849002354  3.686738E-18
8595.82437156014  4.199096E-18
8598.66384288488  5.544310E-18
8601.50331420962  4.499720E-18
8604.34278553436  5.110333E-18
8607.18225685909  6.464582E-18
8610.02172818383  4.320354E-18
8612.86119950857  2.256791E-18
8615.70067083331  2.786869E-18
8618.54014215805  1.335680E-18
8621.37961348278  3.864722E-18
8624.21908480752  3.538112E-18
8627.05855613226  2.762600E-18
8629.898027457  3.072958E-18
8632.73749878174  1.720712E-18
8635.57697010647  2.133251E-18
8638.41644143121  4.476974E-19
8641.25591275595  2.909650E-18
8644.09538408069  9.649522E-19
8646.93485540543  2.800422E-18
8649.77432673016  2.868051E-18
8652.6137980549  3.922620E-18
8655.45326937964  4.991484E-18
8658.29274070438  -9.101183E-19
8661.13221202912  6.130629E-18
8663.97168335385  4.236709E-18
8666.81115467859  1.991953E-18
8669.65062600333  7.558763E-18
8672.49009732807  1.996998E-18
8675.32956865281  3.696393E-18
8678.16903997754  3.212591E-18
8681.00851130228  4.829255E-18
8683.84798262702  3.137316E-18
8686.68745395176  4.100295E-18
8689.5269252765  5.489450E-18
8692.36639660123  4.915672E-18
8695.20586792597  3.707989E-18
8698.04533925071  3.436775E-18
8700.88481057545  3.682781E-18
8703.72428190019  3.606370E-18
8706.56375322492  4.029061E-18
8709.40322454966  5.007956E-18
8712.2426958744  4.841411E-18
8715.08216719914  4.793199E-18
8717.92163852388  4.498140E-18
8720.76110984861  3.431719E-18
8723.60058117335  2.451386E-18
8726.44005249809  2.545588E-18
8729.27952382283  3.549252E-18
8732.11899514757  3.643037E-18
8734.9584664723  3.596610E-18
8737.79793779704  4.455608E-18
8740.63740912178  2.997211E-18
8743.47688044652  -5.643470E-19
8746.31635177126  4.347047E-18
8749.155823096  -3.893189E-18
8751.99529442073  -1.499640E-18
8754.83476574547  4.779429E-18
8757.67423707021  4.459801E-18
8760.51370839495  -1.428684E-18
8763.35317971969  1.730288E-18
8766.19265104442  -5.222228E-19
8769.03212236916  9.261611E-18
8771.8715936939  1.925920E-18
8774.71106501864  3.465037E-18
8777.55053634338  7.554920E-18
8780.39000766811  4.548093E-18
8783.22947899285  -4.016760E-19
8786.06895031759  6.380831E-18
8788.90842164232  4.796685E-18
8791.74789296706  3.202466E-18
8794.5873642918  5.231238E-18
8797.42683561654  2.746335E-18
8800.26630694128  6.217615E-18
8803.10577826602  -1.178942E-18
8805.94524959075  1.609926E-17
8808.78472091549  -7.153087E-18
8811.62419224023  -3.590320E-18
8814.46366356497  -1.839422E-18
8817.30313488971  -2.299222E-18
8820.14260621444  -1.413835E-18
8822.98207753918  1.811904E-18
8825.82154886392  2.015505E-18
8828.66102018866  2.657561E-18
8831.5004915134  7.852116E-18
8834.33996283813  -1.949142E-18
8837.17943416287  -6.143858E-18
8840.01890548761  8.223226E-18
8842.85837681235  1.379207E-18
8845.69784813709  -2.646231E-19
8848.53731946182  1.951644E-18
8851.37679078656  6.273264E-18
8854.2162621113  3.727374E-18
8857.05573343604  3.064446E-18
8859.89520476078  3.509924E-18
8862.73467608551  9.432088E-19
8865.57414741025  3.287176E-18
8868.41361873499  5.082738E-18
8871.25309005973  1.031936E-17
8874.09256138447  9.739602E-18
8876.9320327092  7.591453E-18
8879.77150403394  7.795061E-18
8882.61097535868  4.248750E-18
8885.45044668342  1.999409E-18
8888.28991800816  8.526722E-18
8891.1293893329  7.016201E-18
8893.96886065763  9.047807E-18
8896.80833198237  4.742721E-18
8899.64780330711  -5.373396E-19
8902.48727463185  -7.314129E-18
8905.32674595658  2.816746E-18
8908.16621728132  -4.013961E-18
8911.00568860606  2.028769E-18
8913.8451599308  -5.671560E-19
8916.68463125554  -6.519304E-19
8919.52410258027  2.711791E-20
8922.36357390501  1.111662E-18
8925.20304522975  -7.240750E-18
8928.04251655449  5.945432E-18
8930.88198787923  4.259470E-20
8933.72145920396  1.312995E-19
8936.5609305287  8.592744E-18
8939.40040185344  9.402600E-19
8942.23987317818  2.263435E-18
8945.07934450292  3.570021E-18
8947.91881582765  7.052160E-19
8950.75828715239  4.525569E-18
8953.59775847713  6.595869E-18
8956.43722980187  2.603809E-18
8959.27670112661  1.609190E-18
8962.11617245134  -2.361198E-18
8964.95564377608  2.871072E-18
8967.79511510082  5.126192E-18
8970.63458642556  3.175687E-18
8973.4740577503  -2.266706E-19
8976.31352907503  7.553368E-19
8979.15300039977  3.404068E-18
8981.99247172451  1.026681E-18
8984.83194304925  3.516089E-18
8987.67141437399  1.174478E-18
8990.51088569873  2.527882E-18
8993.35035702346  3.616448E-18
8996.1898283482  4.246014E-18
8999.02929967294  2.574648E-18
9001.86877099767  1.949152E-18
9004.70824232241  5.212225E-18
9007.54771364715  6.333046E-18
9010.38718497189  -3.634398E-18
9013.22665629663  2.623956E-18
9016.06612762137  1.390392E-18
9018.9055989461  2.278039E-18
9021.74507027084  4.382103E-18
9024.58454159558  2.326523E-18
9027.42401292032  1.434117E-18
9030.26348424506  6.066967E-19
9033.10295556979  5.803468E-18
9035.94242689453  3.222560E-18
9038.78189821927  1.832638E-18
9041.62136954401  2.780305E-18
9044.46084086875  4.588727E-18
9047.30031219348  2.471393E-18
9050.13978351822  2.611029E-18
9052.97925484296  1.525011E-18
9055.8187261677  3.023955E-18
9058.65819749244  2.352137E-18
9061.49766881717  2.330394E-18
9064.33714014191  1.895812E-18
9067.17661146665  2.108726E-18
9070.01608279139  3.320169E-18
9072.85555411613  3.222497E-18
9075.69502544086  2.454434E-18
9078.5344967656  3.063080E-18
9081.37396809034  3.056974E-18
9084.21343941508  2.133025E-18
9087.05291073982  1.878330E-18
9089.89238206455  2.425075E-18
9092.73185338929  4.198382E-18
9095.57132471403  3.157810E-18
9098.41079603877  1.525244E-18
9101.25026736351  2.490198E-18
9104.08973868825  2.430443E-18
9106.92921001298  8.033433E-19
9109.76868133772  2.105096E-18
9112.60815266246  4.216279E-18
9115.4476239872  3.488765E-18
9118.28709531193  2.379979E-18
9121.12656663667  2.196856E-18
9123.96603796141  2.437935E-18
9126.80550928615  1.961737E-18
9129.64498061089  1.602778E-18
9132.48445193562  2.971322E-18
9135.32392326036  2.965402E-18
9138.1633945851  3.040512E-18
9141.00286590984  2.261069E-18
9143.84233723458  2.703528E-18
9146.68180855931  1.387644E-18
9149.52127988405  2.786453E-18
9152.36075120879  3.731278E-18
9155.20022253353  2.449550E-18
9158.03969385827  2.178877E-18
9160.879165183  2.920780E-18
9163.71863650774  3.179079E-18
9166.55810783248  3.028411E-18
9169.39757915722  1.585901E-18
9172.23705048196  3.748792E-18
9175.07652180669  3.115795E-18
9177.91599313143  2.156731E-18
9180.75546445617  2.757996E-18
9183.59493578091  1.798858E-18
9186.43440710565  2.180444E-18
9189.27387843038  1.547500E-18
9192.11334975512  2.557761E-18
9194.95282107986  3.791614E-18
9197.7922924046  2.455093E-18
9200.63176372934  2.763200E-18
9203.47123505407  3.142993E-18
9206.31070637881  2.072137E-18
9209.15017770355  2.211498E-18
9211.98964902829  3.038762E-18
9214.82912035303  2.926877E-18
9217.66859167776  1.609590E-18
9220.5080630025  2.368963E-18
9223.34753432724  3.155786E-18
9226.18700565198  3.475177E-18
9229.02647697672  3.231848E-18
9231.86594830145  2.797537E-18
9234.70541962619  3.602920E-18
9237.54489095093  2.951978E-18
9240.38436227567  1.998929E-18
9243.22383360041  2.462917E-18
9246.06330492514  4.082169E-18
9248.90277624988  3.166800E-18
9251.74224757462  2.877775E-18
9254.58171889936  4.132822E-18
9257.4211902241  3.838177E-18
9260.26066154883  4.006686E-18
9263.10013287357  5.410970E-18
9265.93960419831  2.924618E-18
9268.77907552305  5.853317E-18
9271.61854684779  3.405426E-18
9274.45801817253  4.241340E-18
9277.29748949726  4.055846E-18
9280.136960822  3.837030E-18
9282.97643214674  2.870548E-18
9285.81590347148  -7.184586E-18
9288.65537479621  1.025987E-17
9291.49484612095  -7.371678E-18
9294.33431744569  1.172166E-17
9297.17378877043  4.618441E-18
9300.01326009517  1.039296E-17
9302.8527314199  -8.919532E-18
9305.69220274464  1.203778E-17
9308.53167406938  9.679420E-19
9311.37114539412  -4.377480E-18
9314.21061671886  -1.886642E-18
9317.05008804359  -8.550665E-18
9319.88955936833  6.468714E-18
9322.72903069307  5.076154E-18
9325.56850201781  -3.993645E-18
9328.40797334255  -6.204145E-18
9331.24744466728  2.684843E-19
9334.08691599202  9.088019E-18
9336.92638731676  5.399507E-19
9339.7658586415  2.990228E-18
9342.60532996624  -4.666465E-20
9345.44480129097  1.040548E-18
9348.28427261571  5.079552E-18
9351.12374394045  5.629146E-19
9353.96321526519  7.949996E-18
9356.80268658993  1.785583E-18
9359.64215791466  -1.390363E-17
9362.4816292394  2.944715E-18
9365.32110056414  -7.590243E-19
9368.16057188888  -1.498769E-19
9371.00004321361  -1.981460E-18
9373.83951453835  1.160373E-18
9376.67898586309  2.431369E-18
9379.51845718783  1.144789E-17
9382.35792851257  -4.541717E-18
9385.1973998373  5.610446E-18
9388.03687116204  2.584723E-18
9390.87634248678  7.642617E-19
9393.71581381152  1.886473E-18
9396.55528513626  -7.474847E-19
9399.394756461  2.472436E-18
9402.23422778573  3.995880E-18
9405.07369911047  6.011736E-19
9407.91317043521  3.449103E-18
9410.75264175995  2.311181E-19
9413.59211308469  -1.750306E-18
9416.43158440942  8.926463E-19
9419.27105573416  -9.799465E-19
9422.1105270589  2.349838E-20
9424.94999838364  9.659665E-18
9427.78946970838  1.133379E-19
9430.62894103311  -1.490131E-19
9433.46841235785  -8.450577E-19
9436.30788368259  1.458938E-18
9439.14735500733  4.176018E-19
9441.98682633206  -4.223960E-18
9444.8262976568  -1.626074E-18
9447.66576898154  1.647280E-18
9450.50524030628  2.938744E-18
9453.34471163102  1.440229E-18
9456.18418295576  4.972110E-18
9459.02365428049  -4.425013E-18
9461.86312560523  3.620375E-19
9464.70259692997  4.029483E-19
9467.54206825471  3.659217E-18
9470.38153957945  1.392552E-18
9473.22101090418  8.824736E-19
9476.06048222892  -7.760047E-19
9478.89995355366  1.816478E-19
9481.7394248784  -1.963705E-18
9484.57889620314  -2.406670E-18
9487.41836752787  4.966612E-18
9490.25783885261  -2.425664E-19
9493.09731017735  8.660741E-19
9495.93678150209  -1.566647E-18
9498.77625282683  1.356312E-18
9501.61572415156  -5.999631E-19
9504.4551954763  -2.530603E-18
9507.29466680104  2.132752E-18
9510.13413812578  2.031966E-18
9512.97360945052  1.555718E-18
9515.81308077526  2.300070E-19
9518.65255209999  -7.002225E-19
9521.49202342473  5.841045E-20
9524.33149474947  5.355164E-18
9527.17096607421  1.866029E-18
9530.01043739895  -3.719544E-18
9532.84990872368  2.033220E-18
9535.68938004842  1.802659E-18
9538.52885137316  1.283543E-18
9541.36832269789  5.745523E-20
9544.20779402263  2.006403E-18
9547.04726534737  1.498628E-18
9549.88673667211  -1.189186E-18
9552.72620799685  4.164004E-18
9555.56567932158  5.620113E-20
9558.40515064632  -1.022959E-19
9561.24462197106  2.767875E-18
9564.0840932958  1.636713E-18
9566.92356462053  2.538499E-18
9569.76303594528  3.406084E-18
9572.60250727001  4.287948E-19
9575.44197859475  3.711591E-18
9578.28144991949  3.885626E-18
9581.12092124423  8.349751E-19
9583.96039256897  7.800236E-19
9586.7998638937  1.533868E-18
9589.63933521844  1.239816E-18
9592.47880654318  7.644658E-19
9595.31827786792  5.253642E-19
9598.15774919266  1.765124E-19
9600.99722051739  2.347287E-19
9603.83669184213  -2.287336E-19
9606.67616316687  -8.778848E-20
9609.51563449161  8.835903E-19
9612.35510581635  1.136604E-18
9615.19457714108  8.102777E-19
9618.03404846582  1.897826E-19
9620.87351979056  5.850896E-19
9623.7129911153  1.099943E-18
9626.55246244004  1.591547E-18
9629.39193376477  2.765616E-18
9632.23140508951  8.897535E-20
9635.07087641425  1.464977E-18
9637.91034773899  1.658930E-18
9640.74981906373  1.176966E-18
9643.58929038846  1.037713E-18
9646.4287617132  7.146888E-19
9649.26823303794  2.856482E-19
9652.10770436268  2.630147E-19
9654.94717568742  1.162274E-18
9657.78664701215  1.268498E-18
9660.62611833689  4.845499E-19
9663.46558966163  -6.019078E-19
9666.30506098637  7.181086E-19
9669.14453231111  9.039556E-19
9671.98400363584  7.302698E-19
9674.82347496058  2.210008E-19
9677.66294628532  2.721346E-18
9680.50241761006  1.157145E-18
9683.34188893479  -6.919354E-20
9686.18136025953  2.996008E-20
9689.02083158427  7.967936E-19
9691.86030290901  1.296357E-18
9694.69977423375  2.554866E-19
9697.53924555848  1.202819E-18
9700.37871688322  6.800404E-19
9703.21818820796  8.875301E-19
9706.0576595327  2.389674E-18
9708.89713085744  1.034951E-18
9711.73660218218  1.539674E-18
9714.57607350691  -2.379566E-20
9717.41554483165  6.865509E-19
9720.25501615639  1.727794E-18
9723.09448748113  8.035993E-19
9725.93395880587  1.812437E-18
9728.7734301306  1.649335E-18
9731.61290145534  1.531079E-18
9734.45237278008  1.938399E-18
9737.29184410482  1.790894E-18
9740.13131542955  1.252797E-18
9742.97078675429  9.907532E-19
9745.81025807903  1.216683E-18
9748.64972940377  -1.288498E-19
9751.48920072851  5.512524E-19
9754.32867205324  1.197869E-18
9757.16814337798  8.269181E-19
9760.00761470272  1.203712E-18
9762.84708602746  1.044895E-18
9765.6865573522  5.327790E-19
9768.52602867693  1.384513E-18
9771.36550000167  -4.395560E-19
9774.20497132641  -2.744881E-18
9777.04444265115  1.071017E-18
9779.88391397589  1.451046E-18
9782.72338530063  1.155979E-18
9785.56285662536  4.574119E-19
9788.4023279501  1.213077E-18
9791.24179927484  1.520003E-19
9794.08127059958  2.024927E-18
9796.92074192431  1.511085E-18
9799.76021324905  1.062829E-18
9802.59968457379  8.831901E-19
9805.43915589853  1.193939E-18
9808.27862722327  1.470539E-18
9811.118098548  4.767569E-19
9813.95756987274  8.136181E-19
9816.79704119748  9.888140E-19
9819.63651252222  1.635304E-18
9822.47598384696  -2.166794E-20
9825.31545517169  1.590175E-18
9828.15492649643  -5.770106E-19
9830.99439782117  -2.036032E-19
9833.83386914591  8.753871E-19
9836.67334047065  1.567188E-19
9839.51281179538  -1.343391E-19
9842.35228312012  3.666427E-19
9845.19175444486  3.028597E-19
9848.0312257696  8.898754E-19
9850.87069709434  1.232097E-18
9853.71016841907  -1.458942E-18
9856.54963974381  6.446552E-20
9859.38911106855  1.863189E-18
9862.22858239329  1.354597E-18
9865.06805371803  1.341753E-18
9867.90752504276  1.056210E-18
9870.7469963675  4.034513E-19
9873.58646769224  -5.322907E-19
9876.42593901698  -3.828349E-18
9879.26541034172  -2.498416E-18
9882.10488166645  -2.121464E-18
