4629.08293090116  3.524463E-19
4631.9224022259  3.164736E-19
4634.76187355064  5.258440E-19
4637.60134487538  -1.837068E-18
4640.44081620012  1.675023E-18
4643.28028752486  2.170404E-18
4646.11975884959  3.093571E-19
4648.95923017433  2.738065E-18
4651.79870149907  1.936129E-18
4654.63817282381  -6.540542E-19
4657.47764414854  -9.541756E-19
4660.31711547328  -2.415402E-18
4663.15658679802  9.399982E-20
4665.99605812276  6.519263E-19
4668.8355294475  -2.958267E-20
4671.67500077224  -2.840840E-19
4674.51447209697  1.518873E-18
4677.35394342171  1.176811E-18
4680.19341474645  2.499852E-19
4683.03288607119  4.976641E-19
4685.87235739592  8.396680E-19
4688.71182872066  1.706845E-18
4691.5513000454  1.310901E-18
4694.39077137014  1.348551E-18
4697.23024269488  2.478702E-19
4700.06971401962  8.499258E-19
4702.90918534435  1.447335E-18
4705.74865666909  5.908623E-19
4708.58812799383  -3.103810E-19
4711.42759931857  4.149911E-19
4714.2670706433  6.355141E-19
4717.10654196804  9.173531E-19
4719.94601329278  8.433699E-19
4722.78548461752  5.825237E-20
4725.62495594226  -1.682587E-19
4728.464427267  3.608110E-19
4731.30389859173  -6.406288E-19
4734.14336991647  -5.967986E-19
4736.98284124121  1.891780E-18
4739.82231256595  1.254073E-18
4742.66178389068  3.972566E-19
4745.50125521542  -7.514200E-19
4748.34072654016  -8.813931E-19
4751.1801978649  -1.117375E-18
4754.01966918964  -6.091366E-19
4756.85914051437  1.165688E-18
4759.69861183911  8.611344E-19
4762.53808316385  -7.763141E-19
4765.37755448859  1.353297E-18
4768.21702581333  3.969191E-21
4771.05649713806  -1.599868E-19
4773.8959684628  4.883074E-19
4776.73543978754  -5.783239E-19
4779.57491111228  3.609898E-19
4782.41438243702  3.509886E-19
4785.25385376175  1.598671E-19
4788.09332508649  4.713771E-19
4790.93279641123  -1.107049E-18
4793.77226773597  -1.198570E-18
4796.61173906071  3.013830E-19
4799.45121038544  9.260715E-20
4802.29068171018  1.476435E-18
4805.13015303492  9.614185E-19
4807.96962435966  2.710088E-19
4810.8090956844  -5.566709E-19
4813.64856700913  5.643489E-19
4816.48803833387  -4.254365E-19
4819.32750965861  5.299780E-19
4822.16698098335  8.490790E-19
4825.00645230809  -4.711033E-19
4827.84592363282  1.808604E-20
4830.68539495756  3.314414E-19
4833.5248662823  1.582876E-19
4836.36433760704  2.112855E-19
4839.20380893178  4.573698E-19
4842.04328025651  3.773247E-19
4844.88275158125  1.417249E-19
4847.72222290599  -1.954277E-19
4850.56169423073  -7.031645E-20
4853.40116555547  -6.665414E-19
4856.24063688021  4.013695E-19
4859.08010820494  7.474249E-19
4861.91957952968  1.085881E-19
4864.75905085442  -6.203975E-19
4867.59852217916  -4.959752E-19
4870.43799350389  -3.105181E-19
4873.27746482863  7.198975E-19
4876.11693615337  1.297145E-18
4878.95640747811  2.019080E-19
4881.79587880285  3.648852E-19
4884.63535012758  8.445486E-19
4887.47482145232  6.252090E-20
4890.31429277706  -1.541504E-18
4893.1537641018  -6.170694E-19
4895.99323542654  1.957538E-20
4898.83270675127  -9.470081E-19
4901.67217807601  -4.803190E-19
4904.51164940075  1.662620E-19
4907.35112072549  6.917451E-19
4910.19059205023  -5.088818E-19
4913.03006337496  6.763642E-19
4915.8695346997  -1.979786E-19
4918.70900602444  -8.004243E-19
4921.54847734918  5.337494E-19
4924.38794867392  -5.818572E-19
4927.22741999865  1.859267E-18
4930.06689132339  1.055921E-18
4932.90636264813  -6.799042E-20
4935.74583397287  -5.318612E-19
4938.58530529761  9.640663E-19
4941.42477662234  1.110544E-18
4944.26424794708  -3.221453E-19
4947.10371927182  -1.940570E-19
4949.94319059656  2.909173E-19
4952.7826619213  9.785535E-19
4955.62213324603  9.733943E-19
4958.46160457077  1.066414E-18
4961.30107589551  1.291907E-18
4964.14054722025  -8.519081E-19
4966.98001854499  -1.960610E-19
4969.81948986973  5.713202E-19
4972.65896119446  -1.219368E-19
4975.4984325192  1.584348E-19
4978.33790384394  1.165854E-18
4981.17737516868  -5.600243E-20
4984.01684649341  -6.520310E-19
4986.85631781815  4.387081E-19
4989.69578914289  -5.151685E-20
4992.53526046763  -1.215258E-19
4995.37473179237  6.849246E-19
4998.2142031171  3.872007E-19
5001.05367444184  5.304161E-19
5003.89314576658  8.416279E-19
5006.73261709132  6.655222E-19
5009.57208841606  -3.859002E-19
5012.4115597408  -7.053780E-19
5015.25103106553  -3.120503E-19
5018.09050239027  1.407257E-18
5020.92997371501  1.676789E-18
5023.76944503975  3.284369E-19
5026.60891636448  3.698135E-19
5029.44838768922  6.496492E-19
5032.28785901396  6.012231E-19
5035.1273303387  1.049087E-18
5037.96680166344  7.895047E-19
5040.80627298817  2.286978E-19
5043.64574431291  1.069627E-18
5046.48521563765  3.822787E-19
5049.32468696239  9.056621E-19
5052.16415828713  -2.994764E-19
5055.00362961186  -7.701041E-19
5057.8431009366  1.772841E-19
5060.68257226134  7.926790E-19
5063.52204358608  4.556782E-19
5066.36151491082  -7.627086E-20
5069.20098623555  4.374168E-19
5072.04045756029  -2.886998E-19
5074.87992888503  -2.361080E-19
5077.71940020977  -5.158788E-19
5080.55887153451  7.258531E-19
5083.39834285924  -2.364212E-19
5086.23781418398  2.296885E-19
5089.07728550872  8.968757E-19
5091.91675683346  1.006720E-18
5094.7562281582  1.089484E-18
5097.59569948293  1.103255E-18
5100.43517080767  -2.054631E-19
5103.27464213241  -3.878080E-19
5106.11411345715  -3.895768E-19
5108.95358478189  1.110981E-18
5111.79305610663  3.715476E-21
5114.63252743136  4.376905E-19
5117.4719987561  1.254040E-18
5120.31147008084  8.999199E-19
5123.15094140558  -2.826539E-20
5125.99041273031  2.256215E-19
5128.82988405505  3.644211E-19
5131.66935537979  3.221959E-19
5134.50882670453  -2.944958E-19
5137.34829802927  -2.386759E-20
5140.187769354  7.540463E-19
5143.02724067874  1.390518E-18
5145.86671200348  8.706399E-19
5148.70618332822  7.476920E-19
5151.54565465296  9.742606E-19
5154.38512597769  6.736325E-19
5157.22459730243  -3.338711E-19
5160.06406862717  -4.928281E-19
5162.90353995191  6.151336E-19
5165.74301127665  3.566983E-19
5168.58248260139  5.204841E-19
5171.42195392612  6.864934E-19
5174.26142525086  5.136482E-19
5177.1008965756  -2.345235E-19
5179.94036790034  1.579642E-19
5182.77983922508  6.614444E-19
5185.61931054981  2.568482E-19
5188.45878187455  -1.138181E-19
5191.29825319929  3.997502E-21
5194.13772452403  9.552593E-20
5196.97719584876  -3.585442E-19
5199.8166671735  -3.676152E-19
5202.65613849824  1.153704E-19
5205.49560982298  1.247621E-18
5208.33508114772  1.132930E-18
5211.17455247245  9.833835E-19
5214.01402379719  3.286117E-19
5216.85349512193  -1.215287E-19
5219.69296644667  1.088502E-18
5222.53243777141  7.863656E-19
5225.37190909614  3.059328E-19
5228.21138042088  7.504294E-19
5231.05085174562  5.856649E-19
5233.89032307036  3.847299E-19
5236.7297943951  8.919946E-19
5239.56926571984  1.452579E-19
5242.40873704457  2.382816E-19
5245.24820836931  7.085424E-19
5248.08767969405  -5.160563E-20
5250.92715101879  2.113231E-19
5253.76662234352  -1.606997E-19
5256.60609366826  5.339732E-19
5259.445564993  8.955646E-19
5262.28503631774  4.862067E-19
5265.12450764248  6.871793E-19
5267.96397896721  5.429340E-19
5270.80345029195  8.656193E-19
5273.64292161669  7.678104E-19
5276.48239294143  1.293147E-18
5279.32186426617  5.713527E-19
5282.1613355909  1.177588E-19
5285.00080691564  3.312934E-19
5287.84027824038  4.343943E-19
5290.67974956512  8.894504E-19
5293.51922088986  -3.235501E-19
5296.35869221459  6.905117E-21
5299.19816353933  1.894886E-19
5302.03763486407  9.782127E-20
5304.87710618881  7.278134E-19
5307.71657751355  7.567615E-19
5310.55604883828  6.215653E-19
5313.39552016302  4.446656E-19
5316.23499148776  4.456500E-19
5319.0744628125  5.517921E-19
5321.91393413724  9.759085E-19
5324.75340546197  5.692918E-19
5327.59287678671  -4.400437E-19
5330.43234811145  3.428801E-19
5333.27181943619  2.258101E-19
5336.11129076093  1.063271E-18
5338.95076208566  3.905189E-19
5341.7902334104  5.173740E-19
5344.62970473514  1.217860E-18
5347.46917605988  7.193573E-19
5350.30864738462  1.288790E-18
5353.14811870935  2.175684E-19
5355.98759003409  7.301937E-19
5358.82706135883  -1.411717E-20
5361.66653268357  4.394419E-19
5364.50600400831  8.129741E-19
5367.34547533304  1.390222E-18
5370.18494665778  6.281351E-19
5373.02441798252  5.133193E-19
5375.86388930726  1.797876E-18
5378.703360632  8.000177E-19
5381.54283195673  3.736795E-19
5384.38230328147  4.067033E-19
5387.22177460621  -2.244587E-19
5390.06124593095  1.110139E-18
5392.90071725569  -2.716539E-19
5395.74018858042  3.227223E-19
5398.57965990516  9.735181E-19
5401.4191312299  1.052387E-18
5404.25860255464  1.091913E-18
5407.09807387938  9.048482E-19
5409.93754520411  3.066853E-19
5412.77701652885  4.128722E-19
5415.61648785359  6.960335E-19
5418.45595917833  2.084111E-19
5421.29543050307  5.539379E-19
5424.1349018278  8.524641E-19
5426.97437315254  3.067877E-19
5429.81384447728  8.793155E-19
5432.65331580202  -9.154050E-20
5435.49278712676  4.045346E-19
5438.33225845149  4.309176E-19
5441.17172977623  -1.096370E-19
5444.01120110097  -6.298175E-20
5446.85067242571  -1.198112E-19
5449.69014375045  3.551689E-19
5452.52961507518  9.071448E-19
5455.36908639992  4.512003E-19
5458.20855772466  5.945161E-19
5461.0480290494  4.564613E-19
5463.88750037414  2.914936E-19
5466.72697169887  7.422860E-19
5469.56644302361  3.487498E-19
5472.40591434835  9.949091E-19
5475.24538567309  1.456087E-18
5478.08485699783  7.181208E-19
5480.92432832256  6.104116E-19
5483.7637996473  6.451767E-19
5486.60327097204  2.027345E-19
5489.44274229678  -1.306801E-19
5492.28221362152  6.384405E-19
5495.12168494625  1.383373E-18
5497.96115627099  1.321790E-18
5500.80062759573  1.351467E-18
5503.64009892047  1.366520E-18
5506.47957024521  1.016294E-18
5509.31904156994  4.107090E-19
5512.15851289468  6.854467E-19
5514.99798421942  6.176054E-19
5517.83745554416  9.322514E-19
5520.6769268689  1.098752E-18
5523.51639819363  7.796860E-19
5526.35586951837  6.804441E-19
5529.19534084311  7.526676E-19
5532.03481216785  7.921523E-19
5534.87428349259  1.038866E-18
5537.71375481732  1.158620E-18
5540.55322614206  -7.607963E-20
5543.3926974668  5.215462E-19
5546.23216879154  7.483244E-19
5549.07164011628  1.060021E-18
5551.91111144101  1.338478E-18
5554.75058276575  1.132898E-18
5557.59005409049  8.214214E-19
5560.42952541523  1.748973E-18
5563.26899673996  -4.575994E-18
5566.1084680647  4.440940E-18
5568.94793938944  1.813858E-18
5571.78741071418  -5.327697E-19
5574.62688203892  1.729740E-18
5577.46635336365  -9.564242E-19
5580.30582468839  3.154023E-18
5583.14529601313  2.253696E-18
5585.98476733787  -6.571402E-19
5588.82423866261  4.157117E-18
5591.66370998735  8.692849E-18
5594.50318131208  -8.832749E-18
5597.34265263682  2.363478E-18
5600.18212396156  1.297725E-18
5603.0215952863  1.282283E-18
5605.86106661104  1.493511E-18
5608.70053793577  2.028297E-18
5611.54000926051  4.051157E-19
5614.37948058525  1.827167E-18
5617.21895190999  -5.293654E-20
5620.05842323473  1.563264E-19
5622.89789455946  6.263443E-19
5625.7373658842  9.124273E-19
5628.57683720894  1.182468E-18
5631.41630853368  6.153241E-19
5634.25577985842  7.301727E-19
5637.09525118315  6.821403E-19
5639.93472250789  6.341508E-19
5642.77419383263  6.525049E-19
5645.61366515737  7.349056E-19
5648.45313648211  1.283659E-18
5651.29260780684  1.009219E-18
5654.13207913158  1.427926E-18
5656.97155045632  1.490328E-18
5659.81102178106  2.300047E-18
5662.6504931058  1.220844E-18
5665.48996443053  1.540305E-18
5668.32943575527  1.807344E-18
5671.16890708001  1.195800E-18
5674.00837840475  4.825737E-19
5676.84784972949  1.194581E-18
5679.68732105422  1.040838E-18
5682.52679237896  9.408446E-19
5685.3662637037  1.072160E-18
5688.20573502844  1.145268E-18
5691.04520635318  1.493452E-18
5693.88467767791  -4.321283E-19
5696.72414900265  2.385158E-20
5699.56362032739  6.444930E-19
5702.40309165213  1.143131E-18
5705.24256297687  9.551859E-19
5708.0820343016  2.786505E-18
5710.92150562634  3.236378E-17
5713.76097695108  6.322421E-17
5716.60044827582  3.268473E-17
5719.43991960056  1.238331E-18
5722.27939092529  1.475339E-18
5725.11886225003  1.584578E-18
5727.95833357477  1.509786E-18
5730.79780489951  1.172762E-18
5733.63727622425  4.722271E-19
5736.47674754898  6.991049E-19
5739.31621887372  1.168352E-18
5742.15569019846  1.393848E-18
5744.9951615232  1.137898E-18
5747.83463284794  1.086866E-18
5750.67410417267  5.438718E-19
5753.51357549741  5.169715E-19
5756.35304682215  7.647371E-19
5759.19251814689  8.574929E-19
5762.03198947163  5.630524E-19
5764.87146079636  9.887847E-19
5767.7109321211  1.296585E-18
5770.55040344584  8.689048E-19
5773.38987477058  1.560263E-18
5776.22934609531  2.482848E-18
5779.06881742005  3.189574E-19
5781.90828874479  7.391204E-19
5784.74776006953  1.745054E-18
5787.58723139427  1.722680E-18
5790.42670271901  1.727271E-18
5793.26617404374  1.114661E-18
5796.10564536848  7.484450E-19
5798.94511669322  8.408005E-19
5801.78458801796  5.005379E-19
5804.6240593427  3.016244E-19
5807.46353066743  5.271938E-19
5810.30300199217  1.546774E-18
5813.14247331691  9.227495E-19
5815.98194464165  5.598671E-19
5818.82141596638  9.259477E-19
5821.66088729112  5.748554E-19
5824.50035861586  8.852393E-19
5827.3398299406  7.774222E-19
5830.17930126534  1.176608E-18
5833.01877259007  1.658258E-18
5835.85824391481  1.419473E-18
5838.69771523955  1.618577E-18
5841.53718656429  1.698287E-18
5844.37665788903  1.084321E-18
5847.21612921377  9.585783E-19
5850.0556005385  1.172637E-18
5852.89507186324  1.367056E-18
5855.73454318798  1.595683E-18
5858.57401451272  2.377155E-19
5861.41348583746  1.564501E-20
5864.25295716219  4.146696E-19
5867.09242848693  1.328951E-18
5869.93189981167  9.771409E-19
5872.77137113641  5.700718E-19
5875.61084246114  1.839371E-18
5878.45031378588  -3.969751E-19
5881.28978511062  -2.390416E-18
5884.12925643536  -2.646044E-19
5886.9687277601  1.097879E-19
5889.80819908483  1.986220E-18
5892.64767040957  9.643292E-19
5895.48714173431  3.273326E-20
5898.32661305905  5.547825E-19
5901.16608438379  5.182277E-19
5904.00555570853  1.786693E-18
5906.84502703326  2.326151E-18
5909.684498358  1.464219E-18
5912.52396968274  2.292333E-18
5915.36344100748  1.941666E-18
5918.20291233222  1.636026E-18
5921.04238365695  1.334758E-18
5923.88185498169  1.079233E-18
5926.72132630643  1.200241E-18
5929.56079763117  1.676410E-18
5932.40026895591  1.087695E-18
5935.23974028064  4.182240E-19
5938.07921160538  8.715841E-19
5940.91868293012  1.170511E-18
5943.75815425486  1.123618E-18
5946.59762557959  1.264396E-18
5949.43709690433  1.896865E-18
5952.27656822907  1.561479E-18
5955.11603955381  1.744519E-18
5957.95551087855  1.829701E-18
5960.79498220328  2.049262E-18
5963.63445352802  1.660454E-18
5966.47392485276  1.132846E-18
5969.3133961775  1.126449E-18
5972.15286750224  1.099095E-18
5974.99233882697  5.076019E-19
5977.83181015171  2.777892E-19
5980.67128147645  1.335597E-18
5983.51075280119  2.098721E-18
5986.35022412593  1.588467E-18
5989.18969545066  6.318919E-19
5992.0291667754  1.237232E-18
5994.86863810014  1.303445E-18
5997.70810942488  9.708307E-19
6000.54758074962  1.106787E-18
6003.38705207435  1.848684E-19
6006.22652339909  1.284913E-18
6009.06599472383  1.867151E-18
6011.90546604857  8.051114E-19
6014.74493737331  1.046669E-18
6017.58440869804  3.334918E-19
6020.42388002278  1.097202E-18
6023.26335134752  2.743897E-18
6026.10282267226  1.824232E-18
6028.942293997  8.386021E-19
6031.78176532173  1.031505E-18
6034.62123664647  2.321493E-18
6037.46070797121  1.942319E-18
6040.30017929595  1.319724E-18
6043.13965062069  4.935076E-19
6045.97912194542  -4.404808E-20
6048.81859327016  2.499039E-19
6051.6580645949  1.099664E-18
6054.49753591964  1.895019E-18
6057.33700724438  7.716749E-19
6060.17647856911  1.050288E-18
6063.01594989385  1.307195E-18
6065.85542121859  9.821132E-19
6068.69489254333  2.248287E-18
6071.53436386807  1.609309E-18
6074.3738351928  2.219691E-18
6077.21330651754  2.533074E-18
6080.05277784228  1.247983E-18
6082.89224916702  2.016797E-18
6085.73172049176  1.671204E-18
6088.57119181649  1.813354E-18
6091.41066314123  1.203545E-18
6094.25013446597  1.264888E-18
6097.08960579071  1.029740E-18
6099.92907711545  4.719991E-19
6102.76854844018  1.762166E-18
6105.60801976492  1.312413E-18
6108.44749108966  5.396533E-19
6111.2869624144  1.684567E-18
6114.12643373914  1.338317E-18
6116.96590506387  1.691931E-18
6119.80537638861  1.341126E-18
6122.64484771335  1.268235E-18
6125.48431903809  1.981878E-18
6128.32379036283  9.549770E-19
6131.16326168756  1.851259E-18
6134.0027330123  1.800772E-18
6136.84220433704  1.164847E-18
6139.68167566178  9.591091E-19
6142.52114698652  1.512096E-18
6145.36061831125  2.334372E-18
6148.20008963599  2.147972E-18
6151.03956096073  1.056815E-18
6153.87903228547  1.468557E-18
6156.71850361021  1.525051E-18
6159.55797493494  4.132714E-19
6162.39744625968  1.692919E-18
6165.23691758442  1.681859E-18
6168.07638890916  9.859457E-19
6170.9158602339  2.128187E-18
6173.75533155863  1.290205E-18
6176.59480288337  1.798818E-18
6179.43427420811  1.655055E-18
6182.27374553285  1.857652E-18
6185.11321685759  2.346543E-18
6187.95268818232  1.366561E-18
6190.79215950706  2.030251E-18
6193.6316308318  1.507289E-18
6196.47110215654  1.538593E-18
6199.31057348128  1.329572E-18
6202.15004480601  9.259821E-19
6204.98951613075  1.143483E-18
6207.82898745549  1.219286E-18
6210.66845878023  5.088931E-19
6213.50793010497  1.542571E-18
6216.3474014297  2.279643E-18
6219.18687275444  1.848885E-18
6222.02634407918  1.808296E-18
6224.86581540392  1.750474E-18
6227.70528672866  1.700877E-18
6230.54475805339  1.038929E-18
6233.38422937813  9.484386E-19
6236.22370070287  1.224340E-18
6239.06317202761  2.422839E-18
6241.90264335235  2.309123E-18
6244.74211467708  1.713252E-18
6247.58158600182  1.896412E-18
6250.42105732656  1.945743E-18
6253.2605286513  5.824046E-19
6256.09999997604  2.044754E-18
6258.93947130077  1.120945E-18
6261.77894262551  -1.323068E-19
6264.61841395025  6.452185E-19
6267.45788527499  1.028709E-18
6270.29735659973  1.996793E-18
6273.13682792446  2.284670E-18
6275.9762992492  6.129085E-19
6278.81577057394  1.880467E-18
6281.65524189868  1.062913E-18
6284.49471322342  2.034835E-18
6287.33418454815  -3.618358E-19
6290.17365587289  -1.081190E-18
6293.01312719763  6.309451E-19
6295.85259852237  -4.119670E-19
6298.69206984711  3.778181E-19
6301.53154117184  9.408301E-19
6304.37101249658  1.555572E-18
6307.21048382132  8.689376E-19
6310.04995514606  -5.803793E-19
6312.8894264708  2.006960E-18
6315.72889779553  1.158160E-18
6318.56836912027  -1.302112E-20
6321.40784044501  2.161125E-18
6324.24731176975  1.031617E-18
6327.08678309448  1.459039E-18
6329.92625441922  1.340291E-18
6332.76572574396  5.731922E-19
6335.6051970687  6.607042E-19
6338.44466839344  1.334521E-18
6341.28413971818  1.905896E-18
6344.12361104291  1.877949E-18
6346.96308236765  1.054411E-18
6349.80255369239  9.157787E-19
6352.64202501713  1.336076E-18
6355.48149634187  9.252378E-19
6358.3209676666  1.324091E-18
6361.16043899134  2.634619E-18
6363.99991031608  1.654336E-18
6366.83938164082  1.716340E-18
6369.67885296556  2.427183E-18
6372.51832429029  1.534726E-18
6375.35779561503  6.189870E-19
6378.19726693977  2.198303E-18
6381.03673826451  1.317481E-18
6383.87620958925  2.833397E-19
6386.71568091398  2.653443E-19
6389.55515223872  4.096325E-19
6392.39462356346  7.624988E-19
6395.2340948882  1.307928E-18
6398.07356621294  1.504404E-18
6400.91303753767  1.517608E-18
6403.75250886241  1.547564E-18
6406.59198018715  1.457982E-18
6409.43145151189  1.582197E-18
6412.27092283663  1.799263E-18
6415.11039416136  1.796667E-18
6417.9498654861  1.164880E-18
6420.78933681084  1.169537E-18
6423.62880813558  9.166816E-19
6426.46827946032  1.335952E-18
6429.30775078505  2.175534E-18
6432.14722210979  2.128615E-18
6434.98669343453  2.241157E-18
6437.82616475927  1.236749E-18
6440.66563608401  1.425816E-18
6443.50510740875  1.001147E-18
6446.34457873348  7.454495E-19
6449.18405005822  1.650218E-18
6452.02352138296  1.271831E-18
6454.8629927077  1.070559E-18
6457.70246403243  1.656759E-18
6460.54193535717  1.995726E-18
6463.38140668191  1.465387E-18
6466.22087800665  1.528202E-18
6469.06034933138  1.645488E-18
6471.89982065612  1.894534E-18
6474.73929198086  2.368421E-18
6477.5787633056  2.003100E-18
6480.41823463034  1.947670E-18
6483.25770595507  1.694650E-18
6486.09717727981  1.623737E-18
6488.93664860455  1.439790E-18
6491.77611992929  1.184221E-18
6494.61559125403  1.265448E-18
6497.45506257877  1.219787E-18
6500.2945339035  1.222611E-18
6503.13400522824  2.112018E-18
6505.97347655298  1.967674E-18
6508.81294787772  2.449878E-18
6511.65241920246  1.937351E-18
6514.49189052719  1.303672E-18
6517.33136185193  1.304870E-18
6520.17083317667  1.395212E-18
6523.01030450141  1.469149E-18
6525.84977582614  2.246615E-18
6528.68924715088  1.856358E-18
6531.52871847562  8.478450E-19
6534.36818980036  1.270155E-18
6537.2076611251  1.427617E-18
6540.04713244983  1.013000E-18
6542.88660377457  1.091640E-18
6545.72607509931  1.150964E-18
6548.56554642405  7.992231E-19
6551.40501774879  -2.142816E-19
6554.24448907353  9.168919E-19
6557.08396039826  5.870966E-19
6559.923431723  9.081294E-19
6562.76290304774  5.605194E-19
6565.60237437248  7.699883E-19
6568.44184569722  4.061504E-19
6571.28131702195  4.759637E-19
6574.12078834669  1.247134E-18
6576.96025967143  1.161597E-18
6579.79973099617  7.592566E-19
6582.6392023209  7.132717E-19
6585.47867364564  5.679620E-19
6588.31814497038  8.961077E-19
6591.15761629512  1.742384E-18
6593.99708761986  1.950364E-18
6596.83655894459  2.106321E-18
6599.67603026933  2.019379E-18
6602.51550159407  1.843648E-18
6605.35497291881  1.509118E-18
6608.19444424355  2.149299E-18
6611.03391556829  1.853320E-18
6613.87338689302  1.693839E-18
6616.71285821776  1.726542E-18
6619.5523295425  1.611478E-18
6622.39180086724  2.228630E-18
6625.23127219198  2.373816E-18
6628.07074351671  1.828170E-18
6630.91021484145  1.297571E-18
6633.74968616619  1.373646E-18
6636.58915749093  1.299985E-18
6639.42862881567  1.223484E-18
6642.2681001404  1.803611E-18
6645.10757146514  1.990194E-18
6647.94704278988  1.661719E-18
6650.78651411462  2.243269E-18
6653.62598543936  1.819829E-18
6656.46545676409  1.435859E-18
6659.30492808883  2.105205E-18
6662.14439941357  2.368148E-18
6664.98387073831  2.317266E-18
6667.82334206305  1.797500E-18
6670.66281338778  1.871602E-18
6673.50228471252  1.555175E-18
6676.34175603726  1.074752E-18
6679.181227362  1.356372E-18
6682.02069868674  1.571435E-18
6684.86017001147  1.802679E-18
6687.69964133621  1.578135E-18
6690.53911266095  1.064986E-18
6693.37858398569  1.117737E-18
6696.21805531043  1.084419E-18
6699.05752663516  1.465325E-18
6701.8969979599  1.718265E-18
6704.73646928464  1.161007E-18
6707.57594060938  9.329852E-19
6710.41541193411  1.635219E-18
6713.25488325885  2.375447E-18
6716.09435458359  1.582105E-18
6718.93382590833  9.583653E-19
6721.77329723307  1.686087E-18
6724.61276855781  1.939871E-18
6727.45223988254  1.418113E-18
6730.29171120728  8.200224E-19
6733.13118253202  1.661034E-18
6735.97065385676  1.735423E-18
6738.8101251815  1.296747E-18
6741.64959650623  1.515573E-18
6744.48906783097  1.517242E-18
6747.32853915571  1.738903E-18
6750.16801048045  1.490157E-18
6753.00748180518  1.396971E-18
6755.84695312992  2.030572E-18
6758.68642445466  1.975378E-18
6761.5258957794  1.357095E-18
6764.36536710414  1.993031E-18
6767.20483842887  2.267704E-18
6770.04430975361  2.636100E-18
6772.88378107835  2.114566E-18
6775.72325240309  1.522950E-18
6778.56272372783  1.490836E-18
6781.40219505256  9.275166E-19
6784.2416663773  6.855192E-19
6787.08113770204  2.155863E-18
6789.92060902678  2.086405E-18
6792.76008035152  1.252943E-18
6795.59955167626  1.715452E-18
6798.43902300099  1.786483E-18
6801.27849432573  1.697311E-18
6804.11796565047  1.543185E-18
6806.95743697521  2.155421E-18
6809.79690829994  1.637348E-18
6812.63637962468  1.928387E-18
6815.47585094942  1.634578E-18
6818.31532227416  3.216749E-18
6821.1547935989  2.503417E-18
6823.99426492363  2.579143E-18
6826.83373624837  1.895815E-18
6829.67320757311  1.582737E-18
6832.51267889785  4.531639E-19
6835.35215022259  2.405166E-18
6838.19162154732  3.469207E-18
6841.03109287206  2.005587E-18
6843.8705641968  2.765242E-18
6846.71003552154  2.357266E-18
6849.54950684628  1.315674E-18
6852.38897817101  1.718376E-18
6855.22844949575  1.522268E-18
6858.06792082049  6.101221E-19
6860.90739214523  1.921961E-18
6863.74686346997  5.036501E-19
6866.5863347947  9.478807E-19
6869.42580611944  7.878404E-19
6872.26527744418  2.336785E-18
6875.10474876892  2.791121E-18
6877.94422009366  2.693351E-18
6880.78369141839  8.688606E-19
6883.62316274313  8.378825E-19
6886.46263406787  1.595403E-18
6889.30210539261  1.773357E-18
6892.14157671735  2.526688E-18
6894.98104804208  2.268081E-18
6897.82051936682  2.984209E-18
6900.65999069156  9.987116E-19
6903.4994620163  1.505034E-18
6906.33893334104  5.767632E-19
6909.17840466578  6.785059E-19
6912.01787599051  2.381456E-18
6914.85734731525  2.138886E-18
6917.69681863999  1.517493E-18
6920.53628996473  2.071176E-18
6923.37576128947  1.251807E-18
6926.2152326142  2.573346E-18
6929.05470393894  2.080381E-18
6931.89417526368  1.466366E-18
6934.73364658842  2.562139E-18
6937.57311791316  1.748369E-18
6940.41258923789  2.317991E-18
6943.25206056263  1.168191E-18
6946.09153188737  1.861481E-18
6948.93100321211  2.574992E-18
6951.77047453684  2.171712E-18
6954.60994586158  1.804384E-18
6957.44941718632  1.085459E-18
6960.28888851106  1.868661E-19
6963.1283598358  2.831333E-18
6965.96783116054  1.254247E-18
6968.80730248527  1.694347E-18
6971.64677381001  1.747063E-18
6974.48624513475  2.051079E-18
6977.32571645949  2.220949E-18
6980.16518778423  1.589492E-18
6983.00465910896  1.618221E-18
6985.8441304337  2.548081E-18
6988.68360175844  2.005999E-18
6991.52307308318  2.763048E-18
6994.36254440792  2.212351E-18
6997.20201573265  2.171258E-18
7000.04148705739  1.980978E-18
7002.88095838213  2.835635E-18
7005.72042970687  2.061598E-18
7008.5599010316  3.118746E-18
7011.39937235634  2.204364E-18
7014.23884368108  1.884221E-18
7017.07831500582  2.273432E-18
7019.91778633056  2.076758E-18
7022.75725765529  2.030857E-18
7025.59672898003  2.156446E-18
7028.43620030477  2.150487E-18
7031.27567162951  1.901089E-18
7034.11514295425  1.298316E-18
7036.95461427899  2.079387E-18
7039.79408560372  2.591497E-18
7042.63355692846  1.413173E-18
7045.4730282532  1.425398E-18
7048.31249957794  1.378346E-18
7051.15197090268  1.811450E-18
7053.99144222741  1.817055E-18
7056.83091355215  1.891514E-18
7059.67038487689  1.574822E-18
7062.50985620162  2.252874E-18
7065.34932752636  2.533511E-18
7068.1887988511  2.244650E-18
7071.02827017584  1.762928E-18
7073.86774150058  2.586398E-18
7076.70721282532  2.209130E-18
7079.54668415005  1.769226E-18
7082.38615547479  2.127572E-18
7085.22562679953  1.603720E-18
7088.06509812427  2.245519E-18
7090.90456944901  1.669463E-18
7093.74404077374  2.144546E-18
7096.58351209848  2.443198E-18
7099.42298342322  2.640902E-18
7102.26245474796  2.285059E-18
7105.1019260727  2.868947E-18
7107.94139739743  2.322356E-18
7110.78086872217  2.430869E-18
7113.62034004691  2.268594E-18
7116.45981137165  1.998975E-18
7119.29928269639  2.317545E-18
7122.13875402112  2.547377E-18
7124.97822534586  2.021664E-18
7127.8176966706  1.656028E-18
7130.65716799534  2.229325E-18
7133.49663932008  3.009638E-18
7136.33611064481  1.455824E-18
7139.17558196955  1.262257E-18
7142.01505329429  1.581739E-18
7144.85452461903  2.255780E-18
7147.69399594377  2.102986E-18
7150.5334672685  1.818690E-18
7153.37293859324  2.220215E-18
7156.21240991798  1.854219E-18
7159.05188124272  2.384463E-18
7161.89135256746  2.100046E-18
7164.73082389219  2.020840E-18
7167.57029521693  3.041828E-18
7170.40976654167  1.996971E-18
7173.24923786641  1.788564E-18
7176.08870919115  1.211736E-18
7178.92818051588  1.983520E-18
7181.76765184062  1.902586E-18
7184.60712316536  2.003012E-18
7187.4465944901  2.507694E-18
7190.28606581484  1.635115E-18
7193.12553713957  1.658256E-18
7195.96500846431  1.664124E-18
7198.80447978905  1.945910E-18
7201.64395111379  2.465007E-18
7204.48342243853  1.609038E-18
7207.32289376327  1.806931E-18
7210.162365088  1.947471E-18
7213.00183641274  2.712552E-18
7215.84130773748  2.663522E-18
7218.68077906222  2.104294E-18
7221.52025038695  2.566004E-18
7224.35972171169  3.503796E-19
7227.19919303643  5.146515E-19
7230.03866436117  1.835233E-18
7232.87813568591  2.312564E-18
7235.71760701064  3.149565E-18
7238.55707833538  2.417259E-18
7241.39654966012  2.884887E-18
7244.23602098486  2.170833E-18
7247.0754923096  1.749599E-18
7249.91496363433  3.897889E-18
7252.75443495907  2.254317E-18
7255.59390628381  4.767616E-18
7258.43337760855  1.959652E-18
7261.27284893329  -6.973279E-19
7264.11232025803  1.769273E-18
7266.95179158276  3.046837E-18
7269.7912629075  2.451591E-18
7272.63073423224  1.042841E-18
7275.47020555698  1.149854E-18
7278.30967688171  2.516055E-18
7281.14914820645  2.148064E-18
7283.98861953119  1.679999E-19
7286.82809085593  4.245732E-18
7289.66756218067  1.844343E-18
7292.5070335054  1.487010E-18
7295.34650483014  4.693289E-18
7298.18597615488  2.932329E-18
7301.02544747962  -5.706449E-19
7303.86491880436  1.590996E-18
7306.70439012909  3.285379E-18
7309.54386145383  1.937456E-18
7312.38333277857  7.518353E-19
7315.22280410331  3.425289E-17
7318.06227542805  5.396699E-17
7320.90174675278  1.101763E-17
7323.74121807752  2.821757E-20
7326.58068940226  5.163891E-18
7329.420160727  3.842934E-18
7332.25963205174  2.916700E-18
7335.09910337647  2.115653E-18
7337.93857470121  2.400742E-18
7340.77804602595  2.731495E-18
7343.61751735069  2.125841E-18
7346.45698867543  2.332205E-18
7349.29646000016  1.766566E-18
7352.1359313249  4.159519E-18
7354.97540264964  1.829346E-18
7357.81487397438  2.115558E-18
7360.65434529912  2.661680E-18
7363.49381662385  1.454137E-18
7366.33328794859  1.313497E-18
7369.17275927333  3.606248E-18
7372.01223059807  3.387920E-18
7374.8517019228  1.891587E-18
7377.69117324754  7.829839E-19
7380.53064457228  4.699787E-18
7383.37011589702  3.289786E-18
7386.20958722176  4.249696E-19
7389.0490585465  1.910052E-18
7391.88852987123  1.324437E-18
7394.72800119597  1.660256E-18
7397.56747252071  2.699518E-18
7400.40694384545  1.942534E-18
7403.24641517019  2.445219E-18
7406.08588649492  1.782948E-18
7408.92535781966  1.507404E-18
7411.7648291444  2.441284E-18
7414.60430046914  1.998207E-18
7417.44377179388  3.128655E-18
7420.28324311861  3.103675E-18
7423.12271444335  1.495767E-18
7425.96218576809  2.295546E-18
7428.80165709283  1.924323E-18
7431.64112841756  1.748937E-18
7434.4805997423  2.426463E-18
7437.32007106704  2.007290E-18
7440.15954239178  2.907858E-18
7442.99901371652  2.489006E-18
7445.83848504126  1.289492E-18
7448.67795636599  2.107634E-18
7451.51742769073  2.326936E-18
7454.35689901547  2.392830E-18
7457.19637034021  2.482709E-18
7460.03584166495  2.583730E-18
7462.87531298968  2.803197E-18
7465.71478431442  2.034098E-18
7468.55425563916  3.111967E-18
7471.3937269639  3.921189E-18
7474.23319828864  3.818382E-18
7477.07266961337  3.145825E-18
7479.91214093811  2.088997E-18
7482.75161226285  2.362925E-18
7485.59108358759  2.473545E-18
7488.43055491232  1.985669E-18
7491.27002623706  2.819620E-18
7494.1094975618  2.367795E-18
7496.94896888654  2.511998E-18
7499.78844021128  2.831371E-18
7502.62791153602  2.228456E-18
7505.46738286075  3.037428E-18
7508.30685418549  1.930693E-18
7511.14632551023  1.914745E-18
7513.98579683497  2.318583E-18
7516.82526815971  2.834251E-18
7519.66473948444  4.401058E-18
7522.50421080918  4.322861E-18
7525.34368213392  3.701986E-18
7528.18315345866  3.369152E-18
7531.0226247834  3.318220E-18
7533.86209610813  2.130799E-18
7536.70156743287  2.376374E-18
7539.54103875761  2.454873E-18
7542.38051008235  2.957250E-18
7545.21998140708  3.289983E-18
7548.05945273182  2.834443E-18
7550.89892405656  2.060930E-18
7553.7383953813  2.707977E-18
7556.57786670604  2.414743E-18
7559.41733803078  3.562528E-18
7562.25680935551  3.010596E-18
7565.09628068025  2.892990E-18
7567.93575200499  2.781447E-18
7570.77522332973  2.730521E-18
7573.61469465447  3.149964E-18
7576.4541659792  2.780301E-18
7579.29363730394  3.688798E-18
7582.13310862868  2.406129E-18
7584.97257995342  2.240305E-18
7587.81205127815  1.505773E-18
7590.65152260289  1.045744E-18
7593.49099392763  1.641816E-18
7596.33046525237  8.321749E-19
7599.16993657711  1.876369E-18
7602.00940790184  2.233793E-18
7604.84887922658  1.745304E-18
7607.68835055132  9.515411E-19
7610.52782187606  1.673383E-18
7613.3672932008  1.339217E-18
7616.20676452554  1.677025E-18
7619.04623585027  1.884714E-18
7621.88570717501  2.551277E-18
7624.72517849975  2.000467E-18
7627.56464982449  1.576987E-18
7630.40412114923  2.575641E-18
7633.24359247396  1.436849E-18
7636.0830637987  2.360514E-18
7638.92253512344  1.196532E-18
7641.76200644818  1.664423E-18
7644.60147777291  2.199304E-18
7647.44094909765  1.772593E-18
7650.28042042239  2.308662E-18
7653.11989174713  2.557841E-18
7655.95936307187  2.227689E-18
7658.7988343966  2.867854E-18
7661.63830572134  2.531929E-18
7664.47777704608  2.417787E-18
7667.31724837082  2.582789E-18
7670.15671969556  2.166360E-18
7672.99619102029  1.419319E-18
7675.83566234503  2.722976E-18
7678.67513366977  2.508255E-18
7681.51460499451  2.445587E-18
7684.35407631925  2.494703E-18
7687.19354764399  2.537554E-18
7690.03301896872  2.310426E-18
7692.87249029346  -2.367977E-18
7695.7119616182  4.475266E-18
7698.55143294294  2.379394E-18
7701.39090426767  4.972468E-18
7704.23037559241  1.853367E-18
7707.06984691715  5.239489E-18
7709.90931824189  2.486715E-18
7712.74878956663  1.872130E-18
7715.58826089136  2.160233E-18
7718.4277322161  4.522877E-18
7721.26720354084  2.877082E-18
7724.10667486558  6.092787E-18
7726.94614619032  -2.059711E-18
7729.78561751505  -5.668180E-19
7732.62508883979  3.369428E-18
7735.46456016453  3.273538E-18
7738.30403148927  3.782378E-18
7741.14350281401  9.061410E-19
7743.98297413875  5.018769E-18
7746.82244546348  3.098479E-18
7749.66191678822  8.029706E-19
7752.50138811296  2.820761E-18
7755.3408594377  1.747568E-18
7758.18033076243  9.817327E-18
7761.01980208717  -6.173502E-18
7763.85927341191  6.045116E-18
7766.69874473665  3.712931E-18
7769.53821606139  1.592724E-19
7772.37768738612  1.608654E-18
7775.21715871086  -3.466214E-18
7778.0566300356  7.974627E-18
7780.89610136034  3.138058E-18
7783.73557268508  3.267862E-18
7786.57504400981  3.909957E-18
7789.41451533455  1.092531E-18
7792.25398665929  6.313802E-18
7795.09345798403  2.803473E-18
7797.93292930877  3.046999E-18
7800.7724006335  3.568673E-18
7803.61187195824  -2.155336E-18
7806.45134328298  4.052129E-18
7809.29081460772  1.274511E-18
7812.13028593246  2.649792E-18
7814.96975725719  4.531555E-18
7817.80922858193  1.984808E-18
7820.64869990667  1.844223E-18
7823.48817123141  1.069361E-18
7826.32764255615  1.610394E-18
7829.16711388088  8.337469E-18
7832.00658520562  -2.418154E-18
7834.84605653036  -2.525511E-18
7837.6855278551  2.909096E-18
7840.52499917984  1.022191E-18
7843.36447050457  2.837188E-18
7846.20394182931  1.122544E-17
7849.04341315405  5.075465E-17
7851.88288447879  1.103065E-17
7854.72235580353  5.041640E-18
7857.56182712826  2.216322E-18
7860.401298453  5.475936E-18
7863.24076977774  -1.043343E-18
7866.08024110248  4.034877E-18
7868.91971242722  3.977046E-18
7871.75918375195  -1.010343E-18
7874.59865507669  1.699147E-18
7877.43812640143  3.819762E-18
7880.27759772617  2.697902E-18
7883.11706905091  2.931714E-18
7885.95654037564  4.117789E-18
7888.79601170038  2.645971E-18
7891.63548302512  2.171016E-18
7894.47495434986  -2.197806E-18
7897.3144256746  6.449243E-18
7900.15389699933  1.917696E-18
7902.99336832407  3.452607E-18
7905.83283964881  3.747545E-18
7908.67231097355  3.078075E-18
7911.51178229829  2.122837E-18
7914.35125362302  1.751729E-18
7917.19072494776  2.044630E-18
7920.0301962725  2.917346E-18
7922.86966759724  4.240996E-18
7925.70913892198  1.482594E-18
7928.54861024672  3.837411E-18
7931.38808157145  1.183263E-18
7934.22755289619  2.530712E-18
7937.06702422093  2.288130E-18
7939.90649554567  4.737457E-18
7942.74596687041  3.594355E-18
7945.58543819514  1.705227E-18
7948.42490951988  4.456709E-18
7951.26438084462  3.169732E-18
7954.10385216936  3.214509E-18
7956.9433234941  4.463050E-18
7959.78279481883  2.835152E-18
7962.62226614357  3.354656E-18
7965.46173746831  3.498983E-18
7968.30120879305  1.469483E-18
7971.14068011778  2.345314E-18
7973.98015144252  5.569021E-18
7976.81962276726  2.483030E-18
7979.659094092  2.079040E-18
7982.49856541674  1.739864E-18
7985.33803674147  2.019195E-18
7988.17750806621  3.620945E-18
7991.01697939095  2.938133E-18
7993.85645071569  3.497231E-18
7996.69592204043  8.729865E-19
7999.53539336517  -5.934935E-19
8002.3748646899  4.570635E-18
8005.21433601464  4.693094E-18
8008.05380733938  1.241161E-18
8010.89327866412  6.412591E-19
8013.73274998885  1.227508E-18
8016.57222131359  1.973206E-18
8019.41169263833  1.747330E-18
8022.25116396307  2.110204E-18
8025.09063528781  1.399398E-18
8027.93010661254  6.192755E-19
8030.76957793728  2.535575E-18
8033.60904926202  2.746250E-18
8036.44852058676  4.704482E-18
8039.2879919115  3.813819E-18
8042.12746323623  3.877259E-18
8044.96693456097  2.068600E-18
8047.80640588571  2.868182E-18
8050.64587721045  3.803946E-18
8053.48534853519  3.168510E-18
8056.32481985992  3.967104E-18
8059.16429118466  4.037243E-18
8062.0037625094  4.882455E-18
8064.84323383414  3.352903E-18
8067.68270515888  2.142848E-18
8070.52217648361  2.825188E-18
8073.36164780835  3.505282E-18
8076.20111913309  3.307196E-18
8079.04059045783  4.336356E-18
8081.88006178257  3.417864E-18
8084.7195331073  2.573080E-18
8087.55900443204  2.493307E-18
8090.39847575678  2.857585E-18
8093.23794708152  3.052788E-18
8096.07741840626  2.860298E-18
8098.91688973099  3.164816E-18
8101.75636105573  2.871735E-18
8104.59583238047  3.014495E-18
8107.43530370521  3.781328E-18
8110.27477502995  2.573698E-18
8113.11424635468  3.286671E-18
8115.95371767942  3.636624E-18
8118.79318900416  3.110045E-18
8121.6326603289  2.824961E-18
8124.47213165364  3.245933E-18
8127.31160297837  3.089726E-18
8130.15107430311  2.416119E-18
8132.99054562785  3.659325E-18
8135.83001695259  2.936135E-18
8138.66948827733  3.535247E-18
8141.50895960206  2.546575E-18
8144.3484309268  3.974492E-18
8147.18790225154  3.525373E-18
8150.02737357628  2.920059E-18
8152.86684490102  3.509154E-18
8155.70631622575  2.945430E-18
8158.54578755049  3.262703E-18
8161.38525887523  3.003279E-18
8164.22473019997  2.995938E-18
8167.06420152471  2.589628E-18
8169.90367284944  3.656649E-18
8172.74314417418  2.369848E-18
8175.58261549892  2.297393E-18
8178.42208682366  3.829573E-18
8181.2615581484  2.902366E-18
8184.10102947313  3.705557E-18
8186.94050079787  3.551921E-18
8189.77997212261  2.477835E-18
8192.61944344735  2.545295E-18
8195.45891477209  3.247672E-18
8198.29838609682  2.581316E-18
8201.13785742156  3.214037E-18
8203.9773287463  3.314032E-18
8206.81680007104  3.078669E-18
8209.65627139578  3.013013E-18
8212.49574272052  3.425559E-18
8215.33521404525  3.130792E-18
8218.17468536999  3.017826E-18
8221.01415669473  2.869824E-18
8223.85362801947  2.967414E-18
8226.69309934421  3.229746E-18
8229.53257066894  3.653539E-18
8232.37204199368  3.885046E-18
8235.21151331842  3.706323E-18
8238.05098464316  4.176948E-18
8240.8904559679  3.109338E-18
8243.72992729263  3.140319E-18
8246.56939861737  3.087463E-18
8249.40886994211  2.418529E-18
8252.24834126685  3.559831E-18
8255.08781259158  3.221348E-18
8257.92728391632  2.773580E-18
8260.76675524106  1.965245E-18
8263.6062265658  2.477138E-18
8266.44569789054  1.772244E-18
8269.28516921527  1.733677E-18
8272.12464054001  2.532837E-18
8274.96411186475  2.313252E-18
8277.80358318949  1.599562E-18
8280.64305451423  3.418121E-18
8283.48252583896  2.594473E-18
8286.3219971637  7.558520E-19
8289.16146848844  4.856983E-18
8292.00093981318  3.465443E-18
8294.84041113792  4.764213E-18
8297.67988246265  5.553794E-18
8300.51935378739  2.879979E-18
8303.35882511213  1.608373E-18
8306.19829643687  5.630728E-18
8309.03776776161  4.056417E-18
8311.87723908634  2.465953E-18
8314.71671041108  2.814451E-18
8317.55618173582  4.204897E-18
8320.39565306056  4.609796E-18
8323.2351243853  7.267569E-18
8326.07459571004  -1.415485E-18
8328.91406703477  -2.259594E-18
8331.75353835951  3.010848E-18
8334.59300968425  -4.266637E-19
8337.43248100899  1.937648E-18
8340.27195233372  3.397533E-18
8343.11142365846  5.005860E-18
8345.9508949832  5.848030E-18
8348.79036630794  8.381488E-19
8351.62983763268  5.045007E-18
8354.46930895741  5.622291E-18
8357.30878028215  -1.308174E-19
8360.14825160689  5.825778E-18
8362.98772293163  5.291270E-18
8365.82719425637  3.134543E-18
8368.6666655811  3.856551E-18
8371.50613690584  3.760918E-18
8374.34560823058  4.276298E-18
8377.18507955532  5.537054E-18
8380.02455088006  -2.404603E-19
8382.86402220479  -3.442063E-18
8385.70349352953  1.332495E-19
8388.54296485427  -2.383428E-18
8391.38243617901  1.160465E-18
8394.22190750375  5.470819E-18
8397.06137882848  2.925428E-18
8399.90085015322  4.880516E-18
8402.74032147796  9.229695E-18
8405.5797928027  -5.358583E-19
8408.41926412744  9.554073E-18
8411.25873545217  3.589774E-18
8414.09820677691  5.362444E-19
8416.93767810165  4.094517E-18
8419.77714942639  4.028805E-18
8422.61662075112  2.537940E-18
8425.45609207586  2.617280E-18
8428.2955634006  1.584750E-18
8431.13503472534  -2.790548E-19
8433.97450605008  8.000655E-19
8436.81397737482  -5.474011E-18
8439.65344869955  3.256619E-18
8442.49292002429  3.570124E-21
8445.33239134903  6.163089E-18
8448.17186267377  1.460238E-18
8451.01133399851  1.914451E-19
8453.85080532324  1.034793E-18
8456.69027664798  2.963962E-18
8459.52974797272  2.935046E-19
8462.36921929746  2.576376E-18
8465.2086906222  6.232712E-18
8468.04816194693  6.604218E-18
8470.88763327167  4.360015E-19
8473.72710459641  4.613332E-18
8476.56657592115  1.833950E-18
8479.40604724588  3.565384E-18
8482.24551857062  1.583097E-18
8485.08498989536  4.637785E-18
8487.9244612201  3.984387E-18
8490.76393254484  2.760814E-18
8493.60340386957  4.065437E-18
8496.44287519431  4.441961E-18
8499.28234651905  4.196403E-18
8502.12181784379  3.347652E-18
8504.96128916853  2.087631E-18
8507.80076049327  5.230096E-18
8510.640231818  3.329115E-18
8513.47970314274  4.009749E-18
8516.31917446748  1.560758E-18
8519.15864579222  3.297926E-18
8521.99811711696  3.324850E-18
8524.83758844169  2.934500E-18
8527.67705976643  2.868373E-18
8530.51653109117  2.903593E-18
8533.35600241591  3.854233E-18
8536.19547374064  2.700626E-18
8539.03494506538  3.198341E-18
8541.87441639012  2.573798E-18
8544.71388771486  3.312088E-18
8547.5533590396  3.737364E-18
8550.39283036433  2.600958E-18
8553.23230168907  3.104373E-18
8556.07177301381  3.456652E-18
8558.91124433855  4.073229E-18
8561.75071566329  3.836093E-18
8564.59018698802  3.370535E-18
8567.42965831277  3.520473E-18
8570.2691296375  2.327953E-18
8573.10860096224  3.715879E-18
8575.94807228698  5.016557E-18
8578.78754361172  4.453068E-18
8581.62701493645  4.334237E-18
8584.46648626119  3.538767E-18
8587.30595758593  3.197608E-18
8590.14542891067  3.568800E-18
8592.9849002354  3.926235E-18
8595.82437156014  4.469884E-18
8598.66384288488  4.222487E-18
8601.50331420962  4.024245E-18
8604.34278553436  4.060392E-18
8607.18225685909  1.547608E-18
8610.02172818383  2.238922E-18
8612.86119950857  4.540810E-18
8615.70067083331  3.547034E-18
8618.54014215805  3.782538E-18
8621.37961348278  3.333685E-18
8624.21908480752  2.686749E-18
8627.05855613226  3.852592E-18
8629.898027457  3.128851E-18
8632.73749878174  1.857055E-18
8635.57697010647  1.847460E-18
8638.41644143121  2.734124E-18
8641.25591275595  4.168474E-18
8644.09538408069  4.617099E-18
8646.93485540543  3.072277E-18
8649.77432673016  1.969931E-18
8652.6137980549  2.777024E-18
8655.45326937964  1.298031E-18
8658.29274070438  1.964420E-18
8661.13221202912  3.130762E-18
8663.97168335385  2.259801E-18
8666.81115467859  2.960195E-18
8669.65062600333  2.854337E-18
8672.49009732807  3.152845E-18
8675.32956865281  2.633617E-18
8678.16903997754  1.685997E-18
8681.00851130228  2.055387E-18
8683.84798262702  2.575280E-18
8686.68745395176  3.256794E-18
8689.5269252765  3.019104E-18
8692.36639660123  3.846012E-18
8695.20586792597  2.507010E-18
8698.04533925071  1.236759E-18
8700.88481057545  1.695483E-18
8703.72428190019  1.770336E-18
8706.56375322492  3.673440E-18
8709.40322454966  2.660968E-18
8712.2426958744  2.976118E-18
8715.08216719914  3.450396E-18
8717.92163852388  2.735594E-18
8720.76110984861  3.693628E-18
8723.60058117335  2.740934E-18
8726.44005249809  2.660215E-18
8729.27952382283  3.454949E-18
8732.11899514757  3.562744E-18
8734.9584664723  3.433517E-18
8737.79793779704  2.576302E-18
8740.63740912178  1.109371E-18
8743.47688044652  5.086079E-18
8746.31635177126  1.473486E-18
8749.155823096  -9.809649E-19
8751.99529442073  2.431947E-18
8754.83476574547  2.591046E-18
8757.67423707021  -2.169887E-18
8760.51370839495  3.450268E-18
8763.35317971969  5.418533E-18
8766.19265104442  2.897711E-18
8769.03212236916  2.921016E-18
8771.8715936939  -3.395824E-18
8774.71106501864  7.761142E-18
8777.55053634338  4.328674E-19
8780.39000766811  1.377845E-18
8783.22947899285  1.685828E-18
8786.06895031759  5.317828E-18
8788.90842164232  -8.790050E-19
8791.74789296706  1.896180E-18
8794.5873642918  1.097923E-18
8797.42683561654  9.952931E-19
8800.26630694128  3.357910E-18
8803.10577826602  6.707726E-18
8805.94524959075  1.198293E-17
8808.78472091549  -5.320643E-18
8811.62419224023  6.258844E-18
8814.46366356497  5.364594E-18
8817.30313488971  3.176788E-18
8820.14260621444  2.030316E-18
8822.98207753918  1.869662E-18
8825.82154886392  4.267273E-18
8828.66102018866  2.560807E-18
8831.5004915134  -9.582209E-19
8834.33996283813  1.153486E-18
8837.17943416287  5.713323E-18
8840.01890548761  2.507134E-18
8842.85837681235  1.218788E-18
8845.69784813709  5.628155E-18
8848.53731946182  2.530340E-18
8851.37679078656  -8.916098E-19
8854.2162621113  1.463906E-18
8857.05573343604  5.294712E-19
8859.89520476078  2.909856E-18
8862.73467608551  5.231529E-18
8865.57414741025  2.551093E-18
8868.41361873499  -3.305579E-18
8871.25309005973  -3.354888E-18
8874.09256138447  -3.268670E-18
8876.9320327092  -1.380805E-18
8879.77150403394  1.970358E-18
8882.61097535868  -1.889450E-18
8885.45044668342  3.259035E-18
8888.28991800816  -1.018851E-18
8891.1293893329  8.163067E-18
8893.96886065763  -9.607308E-18
8896.80833198237  2.347535E-18
8899.64780330711  -5.781136E-19
8902.48727463185  1.385628E-17
8905.32674595658  2.914245E-18
8908.16621728132  6.905189E-18
8911.00568860606  -5.206268E-18
8913.8451599308  1.583978E-17
8916.68463125554  2.086767E-17
8919.52410258027  8.866326E-18
8922.36357390501  5.729167E-19
8925.20304522975  1.814457E-17
8928.04251655449  -7.441711E-18
8930.88198787923  4.078808E-18
8933.72145920396  2.834565E-18
8936.5609305287  1.398332E-18
8939.40040185344  5.842749E-18
8942.23987317818  5.994871E-18
8945.07934450292  7.763995E-18
8947.91881582765  1.876997E-18
8950.75828715239  4.255274E-18
8953.59775847713  2.063365E-19
8956.43722980187  4.893496E-18
8959.27670112661  3.580402E-18
8962.11617245134  -2.221705E-18
8964.95564377608  8.029326E-18
8967.79511510082  7.033724E-19
8970.63458642556  2.365085E-18
8973.4740577503  3.220134E-18
8976.31352907503  1.490868E-17
8979.15300039977  2.681664E-17
8981.99247172451  4.401029E-18
8984.83194304925  1.092618E-18
8987.67141437399  1.764985E-18
8990.51088569873  2.525807E-18
8993.35035702346  9.094572E-19
8996.1898283482  2.256475E-18
8999.02929967294  2.467953E-18
9001.86877099767  1.596867E-18
9004.70824232241  1.053799E-18
9007.54771364715  -2.431458E-18
9010.38718497189  4.287397E-18
9013.22665629663  3.209251E-18
9016.06612762137  2.730982E-18
9018.9055989461  3.768986E-18
9021.74507027084  2.984011E-18
9024.58454159558  3.514334E-18
9027.42401292032  2.099352E-18
9030.26348424506  3.164696E-18
9033.10295556979  1.512289E-18
9035.94242689453  1.762538E-18
9038.78189821927  2.452880E-18
9041.62136954401  2.281058E-18
9044.46084086875  1.380307E-18
9047.30031219348  4.140776E-18
9050.13978351822  1.575119E-18
9052.97925484296  7.393852E-19
9055.8187261677  9.544430E-19
9058.65819749244  2.431013E-18
9061.49766881717  2.444103E-18
9064.33714014191  2.658489E-18
9067.17661146665  2.331639E-18
9070.01608279139  2.586020E-18
9072.85555411613  2.858709E-18
9075.69502544086  1.856883E-18
9078.5344967656  2.906741E-18
9081.37396809034  7.987871E-19
9084.21343941508  3.163780E-18
9087.05291073982  2.519364E-18
9089.89238206455  2.654528E-18
9092.73185338929  3.870941E-18
9095.57132471403  2.948548E-18
9098.41079603877  4.526019E-18
9101.25026736351  1.588439E-18
9104.08973868825  1.367927E-18
9106.92921001298  2.518284E-18
9109.76868133772  3.050223E-18
9112.60815266246  2.893105E-18
9115.4476239872  2.090346E-18
9118.28709531193  2.389941E-18
9121.12656663667  2.861413E-18
9123.96603796141  2.611284E-18
9126.80550928615  1.842012E-18
9129.64498061089  2.483312E-18
9132.48445193562  2.462570E-18
9135.32392326036  1.984075E-18
9138.1633945851  3.929162E-18
9141.00286590984  4.024475E-18
9143.84233723458  2.650763E-18
9146.68180855931  2.787476E-18
9149.52127988405  2.217592E-18
9152.36075120879  1.662983E-18
9155.20022253353  2.132028E-18
9158.03969385827  1.582337E-18
9160.879165183  1.586591E-18
9163.71863650774  2.049911E-18
9166.55810783248  2.265742E-18
9169.39757915722  3.091714E-18
9172.23705048196  3.402926E-18
9175.07652180669  2.819143E-18
9177.91599313143  4.128252E-18
9180.75546445617  3.942770E-18
9183.59493578091  3.153744E-18
9186.43440710565  2.377288E-18
9189.27387843038  3.210504E-18
9192.11334975512  3.065222E-18
9194.95282107986  2.514138E-18
9197.7922924046  2.863820E-18
9200.63176372934  1.576371E-18
9203.47123505407  2.592945E-18
9206.31070637881  2.622020E-18
9209.15017770355  2.825798E-18
9211.98964902829  3.505117E-18
9214.82912035303  3.370457E-18
9217.66859167776  2.313761E-18
9220.5080630025  2.677251E-18
9223.34753432724  3.577461E-18
9226.18700565198  5.161768E-18
9229.02647697672  3.803202E-18
9231.86594830145  3.136706E-18
9234.70541962619  3.944634E-18
9237.54489095093  3.302783E-18
9240.38436227567  2.490592E-18
9243.22383360041  2.072118E-18
9246.06330492514  3.440619E-18
9248.90277624988  3.882242E-18
9251.74224757462  3.673074E-18
9254.58171889936  3.543711E-18
9257.4211902241  3.287390E-18
9260.26066154883  3.163212E-18
9263.10013287357  3.477537E-18
9265.93960419831  3.603455E-18
9268.77907552305  4.203465E-18
9271.61854684779  4.463012E-18
9274.45801817253  2.482502E-18
9277.29748949726  2.203494E-18
9280.136960822  3.315429E-18
9282.97643214674  3.853020E-18
9285.81590347148  1.217947E-17
9288.65537479621  5.242195E-18
9291.49484612095  1.620333E-17
9294.33431744569  2.315626E-18
9297.17378877043  -5.293822E-18
9300.01326009517  -3.464589E-19
9302.8527314199  7.393217E-18
9305.69220274464  -3.344530E-18
9308.53167406938  -1.141497E-18
9311.37114539412  -2.623390E-18
9314.21061671886  -9.859502E-18
9317.05008804359  2.395045E-18
9319.88955936833  -8.040120E-18
9322.72903069307  6.127811E-19
9325.56850201781  8.096508E-19
9328.40797334255  -6.165803E-18
9331.24744466728  5.852800E-19
9334.08691599202  2.591937E-18
9336.92638731676  2.982357E-18
9339.7658586415  2.793071E-18
9342.60532996624  1.495004E-18
9345.44480129097  2.635695E-18
9348.28427261571  -2.445178E-19
9351.12374394045  1.412145E-18
9353.96321526519  -1.141125E-17
9356.80268658993  -8.183132E-18
9359.64215791466  8.618473E-18
9362.4816292394  -1.190977E-17
9365.32110056414  -5.834284E-18
9368.16057188888  -7.747784E-18
9371.00004321361  -6.530608E-18
9373.83951453835  -6.121683E-18
9376.67898586309  -5.955143E-18
9379.51845718783  -1.109730E-17
9382.35792851257  -2.568209E-18
9385.1973998373  8.541785E-18
9388.03687116204  -2.733601E-18
9390.87634248678  1.566260E-18
9393.71581381152  2.002222E-18
9396.55528513626  4.898550E-18
9399.394756461  2.888149E-18
9402.23422778573  -2.234427E-18
9405.07369911047  1.220259E-18
9407.91317043521  4.195507E-19
9410.75264175995  2.879710E-18
9413.59211308469  2.038080E-18
9416.43158440942  4.833089E-18
9419.27105573416  7.750844E-18
9422.1105270589  -4.759268E-19
9424.94999838364  2.425687E-18
9427.78946970838  3.373889E-18
9430.62894103311  4.160564E-18
9433.46841235785  3.248428E-18
9436.30788368259  5.969639E-18
9439.14735500733  1.999705E-18
9441.98682633206  1.314061E-18
9444.8262976568  -4.534958E-19
9447.66576898154  2.795265E-18
9450.50524030628  3.395710E-18
9453.34471163102  -1.977783E-18
9456.18418295576  1.399208E-18
9459.02365428049  7.676177E-18
9461.86312560523  7.487099E-18
9464.70259692997  1.699436E-18
9467.54206825471  -2.181839E-18
9470.38153957945  2.541294E-18
9473.22101090418  2.644033E-19
9476.06048222892  3.385116E-18
9478.89995355366  2.155178E-18
9481.7394248784  2.236517E-18
9484.57889620314  4.690600E-18
9487.41836752787  -5.110998E-18
9490.25783885261  1.536134E-18
9493.09731017735  -3.944836E-19
9495.93678150209  1.168823E-18
9498.77625282683  4.345535E-18
9501.61572415156  -7.491695E-19
9504.4551954763  2.979845E-18
9507.29466680104  -7.625355E-19
9510.13413812578  9.578957E-19
9512.97360945052  6.026508E-19
9515.81308077526  -5.870548E-19
9518.65255209999  -7.252986E-19
9521.49202342473  1.331345E-18
9524.33149474947  -5.891126E-19
9527.17096607421  2.424427E-18
9530.01043739895  3.972240E-18
9532.84990872368  1.618999E-18
9535.68938004842  -4.117010E-19
9538.52885137316  1.134509E-18
9541.36832269789  1.137553E-18
9544.20779402263  3.128811E-18
9547.04726534737  2.027581E-18
9549.88673667211  3.279441E-19
9552.72620799685  -2.367008E-18
9555.56567932158  4.851701E-19
9558.40515064632  1.447370E-18
9561.24462197106  -1.338665E-18
9564.0840932958  -6.239580E-19
9566.92356462053  1.486110E-18
9569.76303594528  -4.968860E-19
9572.60250727001  1.134032E-18
9575.44197859475  5.908576E-19
9578.28144991949  -1.108250E-18
9581.12092124423  1.933327E-18
9583.96039256897  6.846846E-19
9586.7998638937  1.217734E-18
9589.63933521844  1.396579E-18
9592.47880654318  2.281685E-18
9595.31827786792  1.275358E-18
9598.15774919266  1.139934E-18
9600.99722051739  2.479638E-19
9603.83669184213  3.376682E-19
9606.67616316687  1.229345E-18
9609.51563449161  2.248394E-18
9612.35510581635  6.243738E-19
9615.19457714108  1.570172E-18
9618.03404846582  1.343820E-18
9620.87351979056  1.822744E-18
9623.7129911153  4.443552E-19
9626.55246244004  1.131969E-19
9629.39193376477  1.394799E-18
9632.23140508951  8.309435E-19
9635.07087641425  9.203859E-19
9637.91034773899  9.953544E-19
9640.74981906373  1.275937E-18
9643.58929038846  1.838144E-18
9646.4287617132  1.481236E-18
9649.26823303794  1.446978E-18
9652.10770436268  1.918023E-18
9654.94717568742  1.042312E-18
9657.78664701215  1.692242E-18
9660.62611833689  -5.973715E-19
9663.46558966163  2.273492E-18
9666.30506098637  9.721994E-19
9669.14453231111  3.616140E-19
9671.98400363584  -1.004354E-18
9674.82347496058  2.231093E-18
9677.66294628532  2.695773E-19
9680.50241761006  1.198306E-18
9683.34188893479  7.195428E-19
9686.18136025953  8.832260E-19
9689.02083158427  4.488812E-19
9691.86030290901  -5.793612E-19
9694.69977423375  1.056106E-18
9697.53924555848  1.736034E-18
9700.37871688322  5.052812E-19
9703.21818820796  2.283762E-18
9706.0576595327  6.759936E-19
9708.89713085744  7.199199E-19
9711.73660218218  1.419558E-18
9714.57607350691  2.456602E-18
9717.41554483165  -1.178440E-19
9720.25501615639  -1.548450E-18
9723.09448748113  -4.023193E-19
9725.93395880587  -7.856462E-19
9728.7734301306  4.010196E-19
9731.61290145534  1.218007E-18
9734.45237278008  1.603942E-18
9737.29184410482  8.298688E-19
9740.13131542955  1.470938E-18
9742.97078675429  1.798941E-18
9745.81025807903  1.048376E-18
9748.64972940377  7.854956E-19
9751.48920072851  1.447285E-18
9754.32867205324  1.069125E-18
9757.16814337798  6.284589E-20
9760.00761470272  5.224544E-19
9762.84708602746  1.259549E-18
9765.6865573522  1.121870E-18
9768.52602867693  1.734252E-19
9771.36550000167  -2.356250E-18
9774.20497132641  3.850367E-18
9777.04444265115  1.038334E-18
9779.88391397589  5.350741E-19
9782.72338530063  2.661885E-18
9785.56285662536  5.415594E-19
9788.4023279501  -8.946934E-19
9791.24179927484  2.656685E-18
9794.08127059958  2.310456E-18
9796.92074192431  1.463930E-18
9799.76021324905  3.673294E-18
9802.59968457379  2.188504E-18
9805.43915589853  1.013447E-18
9808.27862722327  1.860682E-18
9811.118098548  1.630548E-18
9813.95756987274  9.583432E-19
9816.79704119748  1.307516E-18
9819.63651252222  1.332491E-18
9822.47598384696  1.320742E-18
9825.31545517169  1.808637E-18
9828.15492649643  1.395320E-18
9830.99439782117  5.882184E-19
9833.83386914591  1.026191E-18
9836.67334047065  4.107466E-19
9839.51281179538  5.773824E-19
9842.35228312012  1.949806E-19
9845.19175444486  2.101721E-19
9848.0312257696  8.856216E-19
9850.87069709434  -1.632825E-18
9853.71016841907  1.372981E-18
9856.54963974381  -1.086103E-19
9859.38911106855  1.010726E-18
9862.22858239329  -9.124541E-19
9865.06805371803  1.042645E-18
9867.90752504276  1.618582E-18
9870.7469963675  6.577165E-19
9873.58646769224  1.376763E-19
9876.42593901698  -1.692164E-18
9879.26541034172  -6.275634E-19
9882.10488166645  4.875854E-20
