4629.08293090116  1.668553E-18
4631.9224022259  1.515649E-18
4634.76187355064  1.403374E-18
4637.60134487538  -8.171296E-19
4640.44081620012  1.365174E-19
4643.28028752486  1.407500E-18
4646.11975884959  1.362951E-18
4648.95923017433  -4.543987E-19
4651.79870149907  3.090751E-19
4654.63817282381  -1.261961E-18
4657.47764414854  4.017395E-19
4660.31711547328  3.626858E-18
4663.15658679802  -4.109696E-20
4665.99605812276  -1.390660E-18
4668.8355294475  -1.334302E-18
4671.67500077224  -1.726993E-19
4674.51447209697  -1.862436E-19
4677.35394342171  -5.529794E-19
4680.19341474645  3.936448E-19
4683.03288607119  -7.060634E-20
4685.87235739592  -8.968943E-19
4688.71182872066  -7.521257E-19
4691.5513000454  1.122668E-19
4694.39077137014  1.551758E-18
4697.23024269488  -8.836585E-19
4700.06971401962  1.278894E-18
4702.90918534435  2.201669E-18
4705.74865666909  1.391261E-18
4708.58812799383  -7.445227E-19
4711.42759931857  1.600496E-18
4714.2670706433  5.053322E-19
4717.10654196804  6.261122E-19
4719.94601329278  1.505928E-19
4722.78548461752  3.314976E-19
4725.62495594226  1.137535E-18
4728.464427267  1.038952E-18
4731.30389859173  1.654729E-18
4734.14336991647  1.338356E-18
4736.98284124121  1.876893E-18
4739.82231256595  6.016449E-19
4742.66178389068  4.834748E-19
4745.50125521542  1.531502E-18
4748.34072654016  8.864484E-19
4751.1801978649  9.338072E-19
4754.01966918964  3.782269E-19
4756.85914051437  -1.229250E-19
4759.69861183911  -2.787052E-19
4762.53808316385  1.069973E-18
4765.37755448859  -2.614927E-20
4768.21702581333  -8.992330E-19
4771.05649713806  6.404753E-19
4773.8959684628  8.634388E-19
4776.73543978754  6.464149E-19
4779.57491111228  1.787074E-19
4782.41438243702  2.518490E-19
4785.25385376175  -3.138206E-20
4788.09332508649  -2.550644E-21
4790.93279641123  9.046738E-19
4793.77226773597  -2.823126E-20
4796.61173906071  1.077432E-18
4799.45121038544  4.150301E-19
4802.29068171018  -2.520110E-19
4805.13015303492  -1.371951E-18
4807.96962435966  1.953143E-19
4810.8090956844  3.362767E-19
4813.64856700913  2.138614E-20
4816.48803833387  2.404244E-18
4819.32750965861  1.158295E-18
4822.16698098335  2.426108E-18
4825.00645230809  1.612587E-18
4827.84592363282  1.286354E-18
4830.68539495756  4.220027E-19
4833.5248662823  3.159650E-18
4836.36433760704  3.336517E-19
4839.20380893178  5.086552E-19
4842.04328025651  2.479272E-18
4844.88275158125  1.516719E-18
4847.72222290599  8.337249E-19
4850.56169423073  1.869805E-18
4853.40116555547  -1.369407E-19
4856.24063688021  -3.455420E-19
4859.08010820494  1.103778E-18
4861.91957952968  1.567387E-18
4864.75905085442  1.039265E-18
4867.59852217916  -2.431418E-19
4870.43799350389  -1.006449E-18
4873.27746482863  -1.766293E-19
4876.11693615337  7.331663E-19
4878.95640747811  -1.452850E-19
4881.79587880285  -3.375864E-19
4884.63535012758  6.317068E-19
4887.47482145232  4.815576E-19
4890.31429277706  1.316234E-19
4893.1537641018  3.612596E-19
4895.99323542654  -1.800925E-19
4898.83270675127  -1.260301E-19
4901.67217807601  1.098587E-18
4904.51164940075  6.479442E-19
4907.35112072549  3.015138E-19
4910.19059205023  1.143977E-19
4913.03006337496  2.693681E-19
4915.8695346997  -3.044246E-19
4918.70900602444  -1.882363E-19
4921.54847734918  1.019468E-18
4924.38794867392  1.337674E-18
4927.22741999865  8.311278E-19
4930.06689132339  2.282644E-19
4932.90636264813  -1.020284E-18
4935.74583397287  -2.511414E-20
4938.58530529761  1.043709E-18
4941.42477662234  1.760454E-18
4944.26424794708  2.759314E-18
4947.10371927182  1.002455E-18
4949.94319059656  -3.410027E-19
4952.7826619213  1.096843E-19
4955.62213324603  4.083671E-19
4958.46160457077  6.880190E-19
4961.30107589551  7.197286E-19
4964.14054722025  1.243476E-22
4966.98001854499  7.722591E-19
4969.81948986973  5.933887E-19
4972.65896119446  -5.965576E-19
4975.4984325192  3.570503E-19
4978.33790384394  7.152264E-19
4981.17737516868  -1.668060E-19
4984.01684649341  -2.102011E-20
4986.85631781815  8.719657E-19
4989.69578914289  1.484626E-18
4992.53526046763  2.914775E-19
4995.37473179237  6.603303E-19
4998.2142031171  5.802105E-19
5001.05367444184  1.137819E-18
5003.89314576658  -2.449069E-21
5006.73261709132  -6.682566E-21
5009.57208841606  2.991474E-19
5012.4115597408  2.818807E-19
5015.25103106553  2.198763E-19
5018.09050239027  1.281495E-18
5020.92997371501  -2.687317E-20
5023.76944503975  -1.718703E-19
5026.60891636448  -2.012657E-19
5029.44838768922  -1.525813E-19
5032.28785901396  9.931797E-20
5035.1273303387  5.097645E-19
5037.96680166344  1.142986E-18
5040.80627298817  9.635190E-20
5043.64574431291  2.936317E-19
5046.48521563765  1.923487E-19
5049.32468696239  5.265474E-19
5052.16415828713  1.257061E-18
5055.00362961186  3.494152E-20
5057.8431009366  3.194011E-19
5060.68257226134  2.172363E-18
5063.52204358608  1.663981E-18
5066.36151491082  9.266422E-19
5069.20098623555  7.593876E-19
5072.04045756029  8.359885E-19
5074.87992888503  6.524968E-19
5077.71940020977  5.431716E-19
5080.55887153451  4.471839E-19
5083.39834285924  1.348135E-18
5086.23781418398  1.015965E-18
5089.07728550872  5.403476E-19
5091.91675683346  1.281007E-18
5094.7562281582  1.346270E-18
5097.59569948293  1.328967E-18
5100.43517080767  1.233555E-18
5103.27464213241  1.484137E-19
5106.11411345715  3.699720E-20
5108.95358478189  4.574194E-20
5111.79305610663  6.328381E-19
5114.63252743136  2.536165E-19
5117.4719987561  1.429070E-19
5120.31147008084  1.127880E-18
5123.15094140558  4.461452E-19
5125.99041273031  3.472581E-19
5128.82988405505  1.294816E-19
5131.66935537979  1.141066E-19
5134.50882670453  1.315144E-18
5137.34829802927  3.725836E-19
5140.187769354  2.016742E-19
5143.02724067874  6.875828E-19
5145.86671200348  1.806782E-19
5148.70618332822  -2.610502E-19
5151.54565465296  2.321777E-20
5154.38512597769  2.726776E-19
5157.22459730243  -3.590055E-19
5160.06406862717  -1.263499E-19
5162.90353995191  -2.428644E-19
5165.74301127665  5.009057E-19
5168.58248260139  1.698849E-18
5171.42195392612  -1.947391E-19
5174.26142525086  -6.127536E-19
5177.1008965756  8.886117E-20
5179.94036790034  1.078963E-18
5182.77983922508  9.947234E-19
5185.61931054981  9.550683E-19
5188.45878187455  1.547908E-18
5191.29825319929  1.157323E-18
5194.13772452403  9.168408E-19
5196.97719584876  9.669763E-19
5199.8166671735  1.451732E-18
5202.65613849824  4.978821E-19
5205.49560982298  6.790931E-19
5208.33508114772  7.888420E-19
5211.17455247245  2.725954E-19
5214.01402379719  -2.582339E-19
5216.85349512193  2.075225E-19
5219.69296644667  2.657421E-19
5222.53243777141  7.106272E-19
5225.37190909614  1.282055E-18
5228.21138042088  1.588115E-18
5231.05085174562  1.752624E-18
5233.89032307036  3.336252E-19
5236.7297943951  5.798910E-19
5239.56926571984  6.221466E-20
5242.40873704457  1.343069E-18
5245.24820836931  1.845265E-18
5248.08767969405  9.653533E-19
5250.92715101879  1.409729E-18
5253.76662234352  5.960035E-19
5256.60609366826  5.064526E-19
5259.445564993  8.451397E-19
5262.28503631774  1.261753E-18
5265.12450764248  1.696748E-18
5267.96397896721  7.990908E-19
5270.80345029195  4.200529E-19
5273.64292161669  1.807284E-19
5276.48239294143  4.033015E-19
5279.32186426617  2.054197E-19
5282.1613355909  -2.456789E-19
5285.00080691564  1.229501E-18
5287.84027824038  6.545604E-19
5290.67974956512  2.473128E-20
5293.51922088986  1.391811E-18
5296.35869221459  1.732856E-18
5299.19816353933  1.518495E-18
5302.03763486407  2.048019E-18
5304.87710618881  1.442414E-18
5307.71657751355  1.756734E-18
5310.55604883828  8.756336E-19
5313.39552016302  5.630699E-19
5316.23499148776  1.372210E-18
5319.0744628125  6.361978E-19
5321.91393413724  5.177223E-19
5324.75340546197  1.236871E-18
5327.59287678671  5.005974E-19
5330.43234811145  8.627003E-19
5333.27181943619  5.912897E-19
5336.11129076093  5.744843E-20
5338.95076208566  6.374383E-19
5341.7902334104  9.794141E-19
5344.62970473514  9.666107E-19
5347.46917605988  6.606862E-19
5350.30864738462  4.122164E-19
5353.14811870935  4.592299E-20
5355.98759003409  2.270363E-19
5358.82706135883  9.257610E-19
5361.66653268357  1.516616E-18
5364.50600400831  1.445926E-18
5367.34547533304  8.402474E-19
5370.18494665778  -2.559906E-19
5373.02441798252  6.780348E-19
5375.86388930726  8.805180E-19
5378.703360632  8.714631E-19
5381.54283195673  8.290865E-19
5384.38230328147  3.329493E-19
5387.22177460621  9.530033E-19
5390.06124593095  1.043765E-18
5392.90071725569  2.345377E-19
5395.74018858042  6.475291E-19
5398.57965990516  1.374746E-18
5401.4191312299  2.716126E-19
5404.25860255464  1.054108E-18
5407.09807387938  1.973419E-18
5409.93754520411  8.353979E-19
5412.77701652885  8.251942E-19
5415.61648785359  1.236972E-18
5418.45595917833  1.380462E-18
5421.29543050307  9.033183E-19
5424.1349018278  9.474470E-19
5426.97437315254  5.100172E-19
5429.81384447728  1.005971E-18
5432.65331580202  7.972721E-19
5435.49278712676  1.810848E-18
5438.33225845149  1.458628E-18
5441.17172977623  1.417494E-18
5444.01120110097  6.395536E-19
5446.85067242571  7.101461E-19
5449.69014375045  1.137861E-18
5452.52961507518  2.027236E-19
5455.36908639992  9.101509E-19
5458.20855772466  1.105794E-18
5461.0480290494  1.020577E-18
5463.88750037414  -4.699637E-19
5466.72697169887  5.277419E-19
5469.56644302361  5.864194E-19
5472.40591434835  8.050019E-19
5475.24538567309  4.015645E-19
5478.08485699783  1.126810E-19
5480.92432832256  -3.068162E-19
5483.7637996473  9.125007E-19
5486.60327097204  1.209032E-18
5489.44274229678  5.386749E-19
5492.28221362152  3.416796E-19
5495.12168494625  7.970032E-20
5497.96115627099  7.328532E-19
5500.80062759573  7.857409E-19
5503.64009892047  4.210813E-19
5506.47957024521  6.513077E-19
5509.31904156994  1.276428E-18
5512.15851289468  1.369569E-18
5514.99798421942  1.447230E-18
5517.83745554416  1.552469E-18
5520.6769268689  1.226697E-18
5523.51639819363  1.327473E-18
5526.35586951837  1.131308E-18
5529.19534084311  8.036834E-19
5532.03481216785  -6.855754E-20
5534.87428349259  1.610106E-20
5537.71375481732  5.589351E-19
5540.55322614206  1.381545E-18
5543.3926974668  1.429178E-18
5546.23216879154  7.006857E-19
5549.07164011628  6.449451E-19
5551.91111144101  1.230045E-18
5554.75058276575  1.183320E-18
5557.59005409049  1.513072E-18
5560.42952541523  -6.264606E-19
5563.26899673996  6.746615E-18
5566.1084680647  -1.940171E-18
5568.94793938944  -9.994357E-18
5571.78741071418  6.301156E-19
5574.62688203892  2.764565E-19
5577.46635336365  2.791910E-18
5580.30582468839  1.652522E-18
5583.14529601313  6.629805E-19
5585.98476733787  1.479092E-18
5588.82423866261  -1.430900E-19
5591.66370998735  -6.170337E-18
5594.50318131208  1.122527E-17
5597.34265263682  1.143536E-18
5600.18212396156  6.793333E-19
5603.0215952863  1.150319E-18
5605.86106661104  1.596305E-18
5608.70053793577  3.606932E-19
5611.54000926051  -1.064021E-20
5614.37948058525  9.462958E-19
5617.21895190999  1.230077E-18
5620.05842323473  3.325696E-19
5622.89789455946  4.872027E-20
5625.7373658842  5.331618E-19
5628.57683720894  7.313772E-19
5631.41630853368  1.346126E-18
5634.25577985842  1.178218E-18
5637.09525118315  7.664614E-19
5639.93472250789  6.194922E-19
5642.77419383263  2.875044E-19
5645.61366515737  1.041290E-18
5648.45313648211  1.162863E-18
5651.29260780684  2.916259E-19
5654.13207913158  7.595045E-19
5656.97155045632  8.033318E-19
5659.81102178106  1.251023E-18
5662.6504931058  6.693643E-19
5665.48996443053  1.077973E-18
5668.32943575527  1.348948E-18
5671.16890708001  2.337071E-18
5674.00837840475  4.498793E-19
5676.84784972949  5.236682E-19
5679.68732105422  1.373999E-18
5682.52679237896  1.089764E-18
5685.3662637037  9.832320E-19
5688.20573502844  -4.793245E-22
5691.04520635318  1.429017E-18
5693.88467767791  2.869247E-19
5696.72414900265  -2.631747E-20
5699.56362032739  2.636225E-18
5702.40309165213  1.317126E-18
5705.24256297687  1.205484E-18
5708.0820343016  3.636022E-18
5710.92150562634  2.034044E-18
5713.76097695108  1.699454E-18
5716.60044827582  4.236284E-19
5719.43991960056  -1.347194E-19
5722.27939092529  1.972257E-18
5725.11886225003  8.552662E-19
5727.95833357477  1.628101E-18
5730.79780489951  2.969540E-18
5733.63727622425  1.581178E-18
5736.47674754898  1.237512E-18
5739.31621887372  1.598754E-18
5742.15569019846  1.460608E-18
5744.9951615232  7.035266E-19
5747.83463284794  9.301444E-19
5750.67410417267  -2.075012E-19
5753.51357549741  -1.163457E-19
5756.35304682215  1.362396E-18
5759.19251814689  1.625034E-18
5762.03198947163  9.238339E-19
5764.87146079636  7.028905E-19
5767.7109321211  9.805712E-19
5770.55040344584  1.751199E-18
5773.38987477058  1.113420E-18
5776.22934609531  1.154661E-18
5779.06881742005  3.245385E-19
5781.90828874479  7.904913E-19
5784.74776006953  1.598095E-18
5787.58723139427  1.132218E-18
5790.42670271901  1.134319E-18
5793.26617404374  1.721593E-18
5796.10564536848  1.272310E-18
5798.94511669322  1.789516E-18
5801.78458801796  1.367492E-18
5804.6240593427  1.170891E-18
5807.46353066743  2.044322E-18
5810.30300199217  1.164399E-18
5813.14247331691  1.416940E-18
5815.98194464165  1.199961E-18
5818.82141596638  1.943417E-18
5821.66088729112  1.799799E-18
5824.50035861586  6.690807E-19
5827.3398299406  8.007571E-19
5830.17930126534  2.242832E-19
5833.01877259007  5.216430E-19
5835.85824391481  6.886873E-19
5838.69771523955  7.866362E-19
5841.53718656429  1.402980E-18
5844.37665788903  1.859351E-18
5847.21612921377  2.100629E-18
5850.0556005385  2.671361E-18
5852.89507186324  1.792440E-18
5855.73454318798  1.231509E-18
5858.57401451272  1.129420E-18
5861.41348583746  1.806686E-18
5864.25295716219  1.385248E-18
5867.09242848693  1.317853E-18
5869.93189981167  8.100385E-19
5872.77137113641  5.430039E-19
5875.61084246114  9.866237E-19
5878.45031378588  -9.048504E-19
5881.28978511062  -2.565174E-18
5884.12925643536  1.491630E-18
5886.9687277601  1.028773E-18
5889.80819908483  2.563588E-18
5892.64767040957  1.591273E-18
5895.48714173431  1.051127E-18
5898.32661305905  2.566537E-19
5901.16608438379  9.125120E-19
5904.00555570853  1.216666E-18
5906.84502703326  4.317001E-18
5909.684498358  1.167346E-18
5912.52396968274  2.297689E-18
5915.36344100748  1.728377E-18
5918.20291233222  1.021276E-18
5921.04238365695  1.235770E-18
5923.88185498169  1.697081E-18
5926.72132630643  1.985899E-19
5929.56079763117  1.336244E-19
5932.40026895591  2.203968E-18
5935.23974028064  1.401284E-18
5938.07921160538  1.495989E-18
5940.91868293012  1.675224E-18
5943.75815425486  1.251830E-18
5946.59762557959  7.352026E-19
5949.43709690433  1.769011E-19
5952.27656822907  4.324887E-19
5955.11603955381  8.154786E-19
5957.95551087855  8.733340E-19
5960.79498220328  1.864830E-18
5963.63445352802  1.823112E-18
5966.47392485276  1.196970E-18
5969.3133961775  5.356993E-19
5972.15286750224  1.437702E-18
5974.99233882697  1.290616E-18
5977.83181015171  1.329810E-18
5980.67128147645  1.536942E-19
5983.51075280119  7.685016E-18
5986.35022412593  3.291973E-17
5989.18969545066  1.127362E-17
5992.0291667754  -2.968941E-19
5994.86863810014  1.292352E-18
5997.70810942488  1.477765E-18
6000.54758074962  1.411930E-18
6003.38705207435  7.115134E-19
6006.22652339909  5.297835E-19
6009.06599472383  1.229222E-18
6011.90546604857  2.396009E-18
6014.74493737331  1.819374E-18
6017.58440869804  1.937134E-18
6020.42388002278  1.351279E-18
6023.26335134752  1.118039E-18
6026.10282267226  7.742320E-19
6028.942293997  9.419251E-19
6031.78176532173  2.299522E-18
6034.62123664647  2.528705E-18
6037.46070797121  9.122343E-19
6040.30017929595  1.844414E-18
6043.13965062069  2.111261E-18
6045.97912194542  1.144909E-18
6048.81859327016  1.719912E-18
6051.6580645949  1.849217E-18
6054.49753591964  5.980845E-19
6057.33700724438  9.550722E-19
6060.17647856911  1.769693E-18
6063.01594989385  6.637820E-19
6065.85542121859  -7.129087E-21
6068.69489254333  3.131277E-19
6071.53436386807  2.088119E-18
6074.3738351928  1.686171E-18
6077.21330651754  5.395018E-19
6080.05277784228  1.217703E-18
6082.89224916702  1.529978E-18
6085.73172049176  7.937491E-19
6088.57119181649  5.911835E-19
6091.41066314123  6.262059E-19
6094.25013446597  4.932369E-19
6097.08960579071  1.711986E-18
6099.92907711545  1.958991E-18
6102.76854844018  1.761972E-18
6105.60801976492  1.317924E-18
6108.44749108966  1.526073E-18
6111.2869624144  1.553768E-18
6114.12643373914  1.344232E-18
6116.96590506387  1.295278E-18
6119.80537638861  1.170358E-18
6122.64484771335  1.650644E-18
6125.48431903809  1.991244E-18
6128.32379036283  1.894126E-18
6131.16326168756  5.780113E-19
6134.0027330123  1.197714E-18
6136.84220433704  1.473918E-18
6139.68167566178  1.344689E-18
6142.52114698652  1.681869E-18
6145.36061831125  1.519488E-18
6148.20008963599  1.646147E-18
6151.03956096073  9.938030E-19
6153.87903228547  1.309913E-18
6156.71850361021  1.093633E-18
6159.55797493494  1.043694E-18
6162.39744625968  2.179234E-18
6165.23691758442  1.522599E-18
6168.07638890916  1.030496E-18
6170.9158602339  2.268804E-18
6173.75533155863  2.194980E-18
6176.59480288337  1.604502E-18
6179.43427420811  1.361976E-19
6182.27374553285  1.783559E-18
6185.11321685759  8.878917E-19
6187.95268818232  1.161473E-18
6190.79215950706  1.702600E-18
6193.6316308318  1.109409E-18
6196.47110215654  1.976197E-18
6199.31057348128  1.673507E-18
6202.15004480601  1.731276E-18
6204.98951613075  1.661149E-18
6207.82898745549  7.215085E-19
6210.66845878023  1.950113E-18
6213.50793010497  2.152570E-18
6216.3474014297  1.822081E-18
6219.18687275444  1.471995E-18
6222.02634407918  9.162797E-20
6224.86581540392  1.039002E-18
6227.70528672866  7.282346E-19
6230.54475805339  9.840187E-19
6233.38422937813  1.195010E-18
6236.22370070287  9.611538E-19
6239.06317202761  3.125992E-19
6241.90264335235  1.611860E-18
6244.74211467708  8.595686E-19
6247.58158600182  2.185456E-18
6250.42105732656  1.535161E-18
6253.2605286513  1.851908E-18
6256.09999997604  1.272739E-18
6258.93947130077  1.745835E-18
6261.77894262551  1.120572E-18
6264.61841395025  2.161969E-18
6267.45788527499  1.874029E-18
6270.29735659973  1.059861E-18
6273.13682792446  1.117771E-18
6275.9762992492  1.158468E-18
6278.81577057394  1.429670E-18
6281.65524189868  1.350267E-18
6284.49471322342  1.249186E-18
6287.33418454815  -3.088667E-18
6290.17365587289  3.424197E-18
6293.01312719763  1.810598E-18
6295.85259852237  1.155652E-18
6298.69206984711  3.730094E-19
6301.53154117184  2.294022E-18
6304.37101249658  2.183731E-18
6307.21048382132  1.207835E-18
6310.04995514606  1.214890E-18
6312.8894264708  3.600612E-18
6315.72889779553  7.501581E-19
6318.56836912027  1.863147E-18
6321.40784044501  2.073485E-18
6324.24731176975  9.936710E-19
6327.08678309448  1.398772E-18
6329.92625441922  1.106884E-18
6332.76572574396  1.428003E-18
6335.6051970687  2.088291E-18
6338.44466839344  2.581327E-18
6341.28413971818  1.090627E-18
6344.12361104291  1.270711E-18
6346.96308236765  1.455703E-18
6349.80255369239  1.508227E-18
6352.64202501713  6.586784E-19
6355.48149634187  1.273378E-19
6358.3209676666  7.616269E-19
6361.16043899134  1.829805E-18
6363.99991031608  1.312055E-18
6366.83938164082  8.017845E-19
6369.67885296556  1.538499E-18
6372.51832429029  1.112913E-18
6375.35779561503  1.574316E-18
6378.19726693977  2.356054E-18
6381.03673826451  9.591800E-19
6383.87620958925  1.656775E-18
6386.71568091398  1.492398E-18
6389.55515223872  1.227081E-18
6392.39462356346  1.946589E-18
6395.2340948882  1.946530E-18
6398.07356621294  1.375218E-18
6400.91303753767  1.621068E-18
6403.75250886241  1.016156E-18
6406.59198018715  5.676830E-19
6409.43145151189  8.165543E-19
6412.27092283663  1.731080E-18
6415.11039416136  2.284057E-18
6417.9498654861  1.703020E-18
6420.78933681084  1.567360E-18
6423.62880813558  2.230056E-18
6426.46827946032  2.443636E-18
6429.30775078505  1.259017E-18
6432.14722210979  1.033829E-18
6434.98669343453  1.573281E-18
6437.82616475927  1.756715E-18
6440.66563608401  1.783230E-18
6443.50510740875  1.261819E-18
6446.34457873348  1.599619E-18
6449.18405005822  1.828080E-18
6452.02352138296  8.764140E-19
6454.8629927077  1.327074E-18
6457.70246403243  1.525528E-18
6460.54193535717  1.649048E-18
6463.38140668191  2.037696E-18
6466.22087800665  1.692117E-18
6469.06034933138  1.505083E-18
6471.89982065612  1.127902E-18
6474.73929198086  1.575411E-18
6477.5787633056  2.477435E-18
6480.41823463034  1.696775E-18
6483.25770595507  9.198092E-19
6486.09717727981  4.331137E-19
6488.93664860455  1.239891E-18
6491.77611992929  1.466747E-18
6494.61559125403  1.142499E-18
6497.45506257877  1.685546E-18
6500.2945339035  1.881809E-18
6503.13400522824  2.249021E-18
6505.97347655298  2.223881E-18
6508.81294787772  1.778823E-18
6511.65241920246  3.540706E-18
6514.49189052719  1.711531E-18
6517.33136185193  1.601697E-18
6520.17083317667  2.449657E-18
6523.01030450141  2.474080E-18
6525.84977582614  2.435139E-18
6528.68924715088  1.854076E-18
6531.52871847562  7.331319E-19
6534.36818980036  1.333653E-18
6537.2076611251  2.413309E-18
6540.04713244983  1.189267E-18
6542.88660377457  3.196044E-19
6545.72607509931  1.357499E-18
6548.56554642405  9.055784E-19
6551.40501774879  1.040915E-18
6554.24448907353  9.298014E-19
6557.08396039826  1.488851E-18
6559.923431723  2.903960E-18
6562.76290304774  -1.242154E-18
6565.60237437248  1.980342E-17
6568.44184569722  2.559780E-17
6571.28131702195  5.230953E-18
6574.12078834669  1.244733E-18
6576.96025967143  2.404261E-18
6579.79973099617  1.662667E-18
6582.6392023209  1.635091E-18
6585.47867364564  2.047327E-18
6588.31814497038  2.188862E-18
6591.15761629512  1.713080E-18
6593.99708761986  1.496228E-18
6596.83655894459  1.938661E-18
6599.67603026933  2.131002E-18
6602.51550159407  2.027962E-18
6605.35497291881  2.340612E-18
6608.19444424355  2.209457E-18
6611.03391556829  2.139221E-18
6613.87338689302  2.179831E-18
6616.71285821776  2.295799E-18
6619.5523295425  2.568541E-18
6622.39180086724  2.289889E-18
6625.23127219198  1.466708E-18
6628.07074351671  1.198160E-18
6630.91021484145  1.326324E-18
6633.74968616619  1.873385E-18
6636.58915749093  2.250080E-18
6639.42862881567  1.782437E-18
6642.2681001404  1.575534E-18
6645.10757146514  1.562979E-18
6647.94704278988  1.752646E-18
6650.78651411462  1.629114E-18
6653.62598543936  1.522776E-18
6656.46545676409  1.826043E-18
6659.30492808883  1.520033E-18
6662.14439941357  1.433600E-18
6664.98387073831  1.756065E-18
6667.82334206305  1.750410E-18
6670.66281338778  2.050922E-18
6673.50228471252  2.020008E-18
6676.34175603726  1.826103E-18
6679.181227362  1.926902E-18
6682.02069868674  1.948740E-18
6684.86017001147  1.817095E-18
6687.69964133621  1.552536E-18
6690.53911266095  1.988308E-18
6693.37858398569  2.739785E-18
6696.21805531043  2.495114E-18
6699.05752663516  1.309548E-18
6701.8969979599  1.433113E-18
6704.73646928464  1.057337E-18
6707.57594060938  2.596747E-18
6710.41541193411  1.958325E-18
6713.25488325885  1.075422E-18
6716.09435458359  1.292732E-18
6718.93382590833  1.552318E-18
6721.77329723307  1.387906E-18
6724.61276855781  1.963503E-18
6727.45223988254  1.239756E-18
6730.29171120728  1.941304E-18
6733.13118253202  1.705344E-18
6735.97065385676  1.773850E-18
6738.8101251815  1.924640E-18
6741.64959650623  2.228083E-18
6744.48906783097  2.709815E-18
6747.32853915571  2.576976E-18
6750.16801048045  1.887490E-18
6753.00748180518  2.175561E-18
6755.84695312992  2.786140E-18
6758.68642445466  2.194343E-18
6761.5258957794  1.602225E-18
6764.36536710414  1.854669E-18
6767.20483842887  1.805176E-18
6770.04430975361  2.320024E-18
6772.88378107835  1.165349E-18
6775.72325240309  1.735374E-18
6778.56272372783  2.072587E-18
6781.40219505256  2.103407E-18
6784.2416663773  2.140211E-18
6787.08113770204  2.155527E-18
6789.92060902678  1.395739E-18
6792.76008035152  1.572957E-18
6795.59955167626  2.265100E-18
6798.43902300099  2.068608E-18
6801.27849432573  2.156336E-18
6804.11796565047  1.892724E-18
6806.95743697521  1.568276E-18
6809.79690829994  1.594247E-18
6812.63637962468  1.920195E-19
6815.47585094942  1.536223E-18
6818.31532227416  -8.793428E-19
6821.1547935989  2.239544E-18
6823.99426492363  3.277518E-18
6826.83373624837  1.914783E-18
6829.67320757311  2.484706E-18
6832.51267889785  1.827647E-18
6835.35215022259  2.230553E-18
6838.19162154732  2.934068E-18
6841.03109287206  3.026749E-18
6843.8705641968  2.520800E-18
6846.71003552154  9.023874E-19
6849.54950684628  1.654157E-18
6852.38897817101  3.040375E-18
6855.22844949575  1.566723E-18
6858.06792082049  1.506938E-18
6860.90739214523  1.183228E-18
6863.74686346997  1.438608E-18
6866.5863347947  1.086798E-18
6869.42580611944  1.585770E-18
6872.26527744418  1.484898E-18
6875.10474876892  3.016873E-18
6877.94422009366  1.734980E-18
6880.78369141839  2.132624E-18
6883.62316274313  1.806404E-18
6886.46263406787  6.156187E-19
6889.30210539261  1.767074E-18
6892.14157671735  2.546533E-18
6894.98104804208  2.393301E-18
6897.82051936682  1.923629E-18
6900.65999069156  1.391990E-18
6903.4994620163  1.831814E-18
6906.33893334104  4.668832E-19
6909.17840466578  1.796915E-18
6912.01787599051  3.027011E-18
6914.85734731525  1.137127E-18
6917.69681863999  3.197788E-18
6920.53628996473  3.619911E-18
6923.37576128947  2.499920E-18
6926.2152326142  1.190126E-18
6929.05470393894  2.909811E-18
6931.89417526368  2.582762E-18
6934.73364658842  3.403293E-18
6937.57311791316  3.384269E-18
6940.41258923789  2.843445E-18
6943.25206056263  3.055262E-18
6946.09153188737  2.544795E-18
6948.93100321211  2.410370E-18
6951.77047453684  1.884123E-18
6954.60994586158  9.743954E-19
6957.44941718632  1.481314E-18
6960.28888851106  3.330122E-18
6963.1283598358  1.275232E-19
6965.96783116054  2.849534E-18
6968.80730248527  3.109712E-18
6971.64677381001  1.956139E-18
6974.48624513475  2.621351E-18
6977.32571645949  3.290818E-18
6980.16518778423  3.623948E-18
6983.00465910896  1.917205E-18
6985.8441304337  2.138859E-18
6988.68360175844  2.096165E-18
6991.52307308318  2.066291E-18
6994.36254440792  2.363511E-18
6997.20201573265  1.740490E-18
7000.04148705739  1.832603E-18
7002.88095838213  2.083405E-18
7005.72042970687  2.244181E-18
7008.5599010316  2.630456E-18
7011.39937235634  2.222514E-18
7014.23884368108  2.184305E-18
7017.07831500582  2.119362E-18
7019.91778633056  2.242618E-18
7022.75725765529  3.471799E-18
7025.59672898003  2.213449E-18
7028.43620030477  2.437823E-18
7031.27567162951  2.042704E-18
7034.11514295425  2.132145E-18
7036.95461427899  2.285995E-18
7039.79408560372  2.148824E-18
7042.63355692846  2.857336E-18
7045.4730282532  2.615875E-18
7048.31249957794  2.101919E-18
7051.15197090268  2.472247E-18
7053.99144222741  2.508549E-18
7056.83091355215  1.909223E-18
7059.67038487689  1.928641E-18
7062.50985620162  1.692674E-18
7065.34932752636  2.829107E-18
7068.1887988511  3.042623E-18
7071.02827017584  3.178865E-18
7073.86774150058  9.694549E-19
7076.70721282532  2.100948E-18
7079.54668415005  3.210132E-18
7082.38615547479  2.734838E-18
7085.22562679953  3.047308E-18
7088.06509812427  2.287659E-18
7090.90456944901  2.940185E-18
7093.74404077374  2.937907E-18
7096.58351209848  1.654593E-18
7099.42298342322  3.072133E-18
7102.26245474796  2.545298E-18
7105.1019260727  2.736623E-18
7107.94139739743  2.618273E-18
7110.78086872217  2.227232E-18
7113.62034004691  1.981411E-18
7116.45981137165  1.269714E-18
7119.29928269639  1.575575E-18
7122.13875402112  2.232102E-18
7124.97822534586  1.448974E-18
7127.8176966706  1.254185E-18
7130.65716799534  2.436066E-18
7133.49663932008  2.499268E-18
7136.33611064481  2.194334E-18
7139.17558196955  2.134452E-18
7142.01505329429  2.235496E-18
7144.85452461903  3.162620E-18
7147.69399594377  2.084864E-18
7150.5334672685  2.215308E-18
7153.37293859324  3.057260E-18
7156.21240991798  1.733249E-18
7159.05188124272  1.428210E-18
7161.89135256746  2.027959E-18
7164.73082389219  2.046729E-18
7167.57029521693  2.394663E-18
7170.40976654167  2.845565E-18
7173.24923786641  2.706074E-18
7176.08870919115  2.068965E-18
7178.92818051588  2.061508E-18
7181.76765184062  1.837854E-18
7184.60712316536  2.230680E-18
7187.4465944901  2.693116E-18
7190.28606581484  2.799998E-18
7193.12553713957  2.258678E-18
7195.96500846431  2.088602E-18
7198.80447978905  1.998906E-18
7201.64395111379  1.584034E-18
7204.48342243853  2.073169E-18
7207.32289376327  2.497212E-18
7210.162365088  2.427483E-18
7213.00183641274  2.523158E-18
7215.84130773748  2.252786E-18
7218.68077906222  2.081285E-18
7221.52025038695  1.668415E-18
7224.35972171169  1.033704E-18
7227.19919303643  1.836972E-18
7230.03866436117  -8.857033E-19
7232.87813568591  3.012878E-18
7235.71760701064  3.533593E-18
7238.55707833538  2.696994E-18
7241.39654966012  2.228698E-18
7244.23602098486  2.611968E-18
7247.0754923096  1.973031E-18
7249.91496363433  3.386397E-18
7252.75443495907  3.941989E-18
7255.59390628381  4.509801E-18
7258.43337760855  1.740228E-18
7261.27284893329  -1.548371E-18
7264.11232025803  4.731469E-18
7266.95179158276  1.811075E-18
7269.7912629075  5.467124E-19
7272.63073423224  1.175575E-18
7275.47020555698  1.582462E-18
7278.30967688171  2.085933E-18
7281.14914820645  1.141087E-18
7283.98861953119  2.940360E-18
7286.82809085593  5.903044E-18
7289.66756218067  3.022562E-18
7292.5070335054  3.060324E-18
7295.34650483014  3.293322E-18
7298.18597615488  8.336717E-19
7301.02544747962  -7.872662E-19
7303.86491880436  4.549933E-18
7306.70439012909  4.441219E-18
7309.54386145383  3.430200E-18
7312.38333277857  2.174652E-18
7315.22280410331  3.333339E-18
7318.06227542805  2.710087E-18
7320.90174675278  4.661552E-18
7323.74121807752  1.507323E-18
7326.58068940226  1.315504E-18
7329.420160727  3.423917E-18
7332.25963205174  5.944644E-19
7335.09910337647  1.295053E-18
7337.93857470121  1.773582E-18
7340.77804602595  3.240040E-18
7343.61751735069  8.000754E-19
7346.45698867543  5.605869E-19
7349.29646000016  2.306770E-18
7352.1359313249  3.359674E-18
7354.97540264964  -6.258694E-19
7357.81487397438  3.078635E-18
7360.65434529912  1.202682E-18
7363.49381662385  3.057090E-18
7366.33328794859  2.412378E-18
7369.17275927333  3.658969E-18
7372.01223059807  5.035225E-18
7374.8517019228  3.131555E-18
7377.69117324754  2.545201E-18
7380.53064457228  4.474000E-18
7383.37011589702  1.673079E-18
7386.20958722176  7.278349E-19
7389.0490585465  1.253581E-18
7391.88852987123  1.408938E-18
7394.72800119597  1.576180E-18
7397.56747252071  2.822608E-18
7400.40694384545  3.510331E-18
7403.24641517019  2.879335E-18
7406.08588649492  2.338905E-18
7408.92535781966  5.826803E-19
7411.7648291444  2.895483E-18
7414.60430046914  3.792743E-18
7417.44377179388  1.798489E-18
7420.28324311861  1.768030E-18
7423.12271444335  6.633418E-19
7425.96218576809  1.392213E-18
7428.80165709283  2.435963E-18
7431.64112841756  3.167208E-18
7434.4805997423  3.123524E-18
7437.32007106704  3.356542E-18
7440.15954239178  3.324793E-18
7442.99901371652  3.318296E-18
7445.83848504126  2.069413E-18
7448.67795636599  1.948287E-18
7451.51742769073  2.386331E-18
7454.35689901547  2.540305E-18
7457.19637034021  2.728681E-18
7460.03584166495  2.723944E-18
7462.87531298968  2.375970E-18
7465.71478431442  3.295670E-18
7468.55425563916  3.162281E-18
7471.3937269639  2.073276E-18
7474.23319828864  1.652438E-18
7477.07266961337  2.836281E-18
7479.91214093811  3.165616E-18
7482.75161226285  3.412830E-18
7485.59108358759  2.880833E-18
7488.43055491232  3.610672E-18
7491.27002623706  3.489315E-18
7494.1094975618  3.583646E-18
7496.94896888654  2.839059E-18
7499.78844021128  2.336815E-18
7502.62791153602  2.277282E-18
7505.46738286075  2.902143E-18
7508.30685418549  2.727224E-18
7511.14632551023  3.060013E-18
7513.98579683497  2.037233E-18
7516.82526815971  2.930450E-18
7519.66473948444  3.226677E-18
7522.50421080918  2.038123E-18
7525.34368213392  3.173545E-18
7528.18315345866  4.404541E-18
7531.0226247834  2.049449E-18
7533.86209610813  4.098763E-18
7536.70156743287  3.913486E-18
7539.54103875761  2.895422E-18
7542.38051008235  3.345558E-18
7545.21998140708  4.045932E-18
7548.05945273182  3.497616E-18
7550.89892405656  2.435662E-18
7553.7383953813  2.899183E-18
7556.57786670604  3.352861E-18
7559.41733803078  1.547940E-18
7562.25680935551  1.296155E-18
7565.09628068025  1.726968E-18
7567.93575200499  2.540346E-18
7570.77522332973  2.102968E-18
7573.61469465447  2.175566E-18
7576.4541659792  3.772715E-18
7579.29363730394  1.622612E-18
7582.13310862868  1.407310E-18
7584.97257995342  4.747553E-19
7587.81205127815  3.877869E-19
7590.65152260289  1.479416E-18
7593.49099392763  4.687030E-19
7596.33046525237  9.093963E-19
7599.16993657711  1.804860E-18
7602.00940790184  9.441901E-19
7604.84887922658  1.285141E-18
7607.68835055132  2.540517E-18
7610.52782187606  1.951534E-18
7613.3672932008  1.504723E-18
7616.20676452554  3.117924E-19
7619.04623585027  1.867336E-18
7621.88570717501  1.468163E-18
7624.72517849975  1.368756E-18
7627.56464982449  2.351969E-18
7630.40412114923  1.380386E-18
7633.24359247396  2.747284E-18
7636.0830637987  1.472632E-18
7638.92253512344  2.491257E-18
7641.76200644818  2.671044E-18
7644.60147777291  2.461007E-18
7647.44094909765  2.737648E-18
7650.28042042239  1.795206E-18
7653.11989174713  2.326778E-18
7655.95936307187  2.458966E-18
7658.7988343966  2.563381E-18
7661.63830572134  1.926786E-18
7664.47777704608  1.694372E-18
7667.31724837082  2.751557E-18
7670.15671969556  2.879620E-18
7672.99619102029  2.835896E-18
7675.83566234503  3.022635E-18
7678.67513366977  3.079167E-18
7681.51460499451  1.880908E-18
7684.35407631925  2.835056E-18
7687.19354764399  3.209365E-18
7690.03301896872  1.222648E-18
7692.87249029346  1.907726E-18
7695.7119616182  -2.661442E-18
7698.55143294294  2.060323E-18
7701.39090426767  3.314968E-18
7704.23037559241  4.123538E-18
7707.06984691715  2.534862E-18
7709.90931824189  2.811491E-18
7712.74878956663  2.498072E-18
7715.58826089136  5.371225E-19
7718.4277322161  5.022858E-18
7721.26720354084  6.549741E-18
7724.10667486558  1.016117E-18
7726.94614619032  3.754500E-18
7729.78561751505  -2.782631E-18
7732.62508883979  2.698482E-18
7735.46456016453  6.084549E-18
7738.30403148927  1.466845E-18
7741.14350281401  4.224760E-18
7743.98297413875  2.573897E-18
7746.82244546348  2.371925E-18
7749.66191678822  1.653070E-18
7752.50138811296  3.246567E-18
7755.3408594377  5.342734E-18
7758.18033076243  2.293493E-18
7761.01980208717  3.626645E-18
7763.85927341191  -9.066289E-19
7766.69874473665  3.032452E-18
7769.53821606139  3.263400E-18
7772.37768738612  1.533154E-18
7775.21715871086  2.684531E-18
7778.0566300356  1.983241E-19
7780.89610136034  2.781424E-18
7783.73557268508  1.736437E-18
7786.57504400981  2.107982E-18
7789.41451533455  2.805453E-18
7792.25398665929  2.070105E-18
7795.09345798403  4.509778E-18
7797.93292930877  3.153563E-18
7800.7724006335  2.202761E-18
7803.61187195824  2.906130E-18
7806.45134328298  1.599087E-18
7809.29081460772  2.446731E-18
7812.13028593246  2.290399E-18
7814.96975725719  3.314303E-18
7817.80922858193  3.508882E-18
7820.64869990667  6.548050E-19
7823.48817123141  2.660661E-18
7826.32764255615  2.590136E-18
7829.16711388088  3.402054E-18
7832.00658520562  4.759866E-18
7834.84605653036  -2.685026E-20
7837.6855278551  1.180754E-18
7840.52499917984  2.873246E-18
7843.36447050457  2.943746E-18
7846.20394182931  3.132121E-18
7849.04341315405  4.380950E-18
7851.88288447879  2.937280E-18
7854.72235580353  2.539400E-18
7857.56182712826  1.601550E-18
7860.401298453  3.866345E-18
7863.24076977774  5.316172E-18
7866.08024110248  3.035430E-19
7868.91971242722  3.191535E-18
7871.75918375195  1.024272E-18
7874.59865507669  2.562944E-18
7877.43812640143  4.123720E-18
7880.27759772617  3.730997E-18
7883.11706905091  1.877130E-18
7885.95654037564  2.930366E-18
7888.79601170038  2.474298E-18
7891.63548302512  6.179922E-18
7894.47495434986  -1.595343E-18
7897.3144256746  5.020940E-19
7900.15389699933  8.266802E-18
7902.99336832407  2.589830E-18
7905.83283964881  4.501239E-18
7908.67231097355  3.196863E-18
7911.51178229829  7.355152E-19
7914.35125362302  1.809995E-18
7917.19072494776  3.221040E-18
7920.0301962725  3.866860E-18
7922.86966759724  6.743194E-18
7925.70913892198  1.876473E-18
7928.54861024672  5.060844E-18
7931.38808157145  5.601718E-18
7934.22755289619  3.868649E-18
7937.06702422093  3.326800E-18
7939.90649554567  3.350949E-18
7942.74596687041  6.011021E-18
7945.58543819514  1.214759E-18
7948.42490951988  -3.739119E-19
7951.26438084462  2.628732E-18
7954.10385216936  5.603384E-19
7956.9433234941  3.909139E-18
7959.78279481883  4.557207E-18
7962.62226614357  1.888356E-18
7965.46173746831  2.152103E-18
7968.30120879305  2.203187E-18
7971.14068011778  4.718324E-18
7973.98015144252  2.197255E-18
7976.81962276726  2.563618E-18
7979.659094092  4.915960E-18
7982.49856541674  4.629334E-18
7985.33803674147  2.529912E-18
7988.17750806621  3.088447E-18
7991.01697939095  2.957030E-18
7993.85645071569  2.925552E-18
7996.69592204043  3.975467E-18
7999.53539336517  1.605019E-18
8002.3748646899  1.454745E-18
8005.21433601464  4.245565E-18
8008.05380733938  2.419446E-18
8010.89327866412  3.292439E-18
8013.73274998885  4.467102E-18
8016.57222131359  3.742986E-18
8019.41169263833  1.395264E-18
8022.25116396307  1.840370E-18
8025.09063528781  2.725906E-18
8027.93010661254  4.686754E-18
8030.76957793728  3.224383E-18
8033.60904926202  3.265216E-18
8036.44852058676  3.323977E-18
8039.2879919115  2.597597E-18
8042.12746323623  1.696986E-18
8044.96693456097  3.818646E-18
8047.80640588571  3.296953E-18
8050.64587721045  3.400008E-18
8053.48534853519  3.307860E-18
8056.32481985992  3.576102E-18
8059.16429118466  2.998329E-18
8062.0037625094  2.570889E-18
8064.84323383414  4.634683E-18
8067.68270515888  2.891131E-18
8070.52217648361  3.219922E-18
8073.36164780835  3.076794E-18
8076.20111913309  3.153738E-18
8079.04059045783  2.278751E-18
8081.88006178257  2.956895E-18
8084.7195331073  3.044403E-18
8087.55900443204  2.424354E-18
8090.39847575678  2.606118E-18
8093.23794708152  2.241686E-18
8096.07741840626  2.457583E-18
8098.91688973099  2.987209E-18
8101.75636105573  2.884669E-18
8104.59583238047  2.531664E-18
8107.43530370521  2.576182E-18
8110.27477502995  2.269469E-18
8113.11424635468  1.864260E-18
8115.95371767942  4.145714E-18
8118.79318900416  2.226094E-18
8121.6326603289  2.955145E-18
8124.47213165364  2.801430E-18
8127.31160297837  2.485510E-18
8130.15107430311  3.364194E-18
8132.99054562785  2.905248E-18
8135.83001695259  3.901171E-18
8138.66948827733  2.887946E-18
8141.50895960206  2.652328E-18
8144.3484309268  4.010095E-18
8147.18790225154  4.367323E-18
8150.02737357628  3.639832E-18
8152.86684490102  2.577324E-18
8155.70631622575  3.414329E-18
8158.54578755049  3.387626E-18
8161.38525887523  2.628261E-18
8164.22473019997  2.462996E-18
8167.06420152471  3.141939E-18
8169.90367284944  2.648793E-18
8172.74314417418  2.821179E-18
8175.58261549892  2.922307E-18
8178.42208682366  3.611833E-18
8181.2615581484  4.217543E-18
8184.10102947313  3.077689E-18
8186.94050079787  3.580936E-18
8189.77997212261  3.268821E-18
8192.61944344735  3.273251E-18
8195.45891477209  3.432443E-18
8198.29838609682  3.420411E-18
8201.13785742156  3.373859E-18
8203.9773287463  3.486107E-18
8206.81680007104  3.357140E-18
8209.65627139578  3.438242E-18
8212.49574272052  3.100805E-18
8215.33521404525  2.914208E-18
8218.17468536999  3.007516E-18
8221.01415669473  3.413595E-18
8223.85362801947  4.368921E-18
8226.69309934421  3.798724E-18
8229.53257066894  3.101510E-18
8232.37204199368  3.028754E-18
8235.21151331842  3.023050E-18
8238.05098464316  2.898185E-18
8240.8904559679  3.135386E-18
8243.72992729263  3.818099E-18
8246.56939861737  3.281684E-18
8249.40886994211  3.449307E-18
8252.24834126685  3.591177E-18
8255.08781259158  2.994703E-18
8257.92728391632  4.074307E-18
8260.76675524106  3.301081E-18
8263.6062265658  1.409444E-18
8266.44569789054  5.098671E-18
8269.28516921527  5.114402E-18
8272.12464054001  2.480152E-18
8274.96411186475  4.741756E-18
8277.80358318949  4.231749E-18
8280.64305451423  -1.750786E-18
8283.48252583896  -1.291969E-18
8286.3219971637  8.079265E-19
8289.16146848844  1.732502E-18
8292.00093981318  2.728528E-18
8294.84041113792  1.249463E-18
8297.67988246265  6.995102E-18
8300.51935378739  5.648461E-18
8303.35882511213  3.167127E-18
8306.19829643687  2.198661E-18
8309.03776776161  4.953855E-18
8311.87723908634  3.252465E-18
8314.71671041108  3.535592E-18
8317.55618173582  2.418492E-18
8320.39565306056  4.247740E-18
8323.2351243853  1.277887E-18
8326.07459571004  6.646980E-18
8328.91406703477  3.329431E-18
8331.75353835951  4.619424E-18
8334.59300968425  6.109042E-18
8337.43248100899  7.953299E-18
8340.27195233372  6.452017E-18
8343.11142365846  3.574070E-18
8345.9508949832  5.493895E-18
8348.79036630794  7.124531E-18
8351.62983763268  9.865377E-19
8354.46930895741  7.070156E-18
8357.30878028215  5.228849E-18
8360.14825160689  2.322118E-19
8362.98772293163  5.880692E-18
8365.82719425637  2.909697E-18
8368.6666655811  4.034194E-18
8371.50613690584  4.747516E-18
8374.34560823058  2.846594E-18
8377.18507955532  2.409306E-19
8380.02455088006  1.065417E-17
8382.86402220479  8.564564E-18
8385.70349352953  6.303311E-18
8388.54296485427  9.928939E-18
8391.38243617901  4.469497E-18
8394.22190750375  5.977563E-19
8397.06137882848  7.717343E-18
8399.90085015322  5.244407E-18
8402.74032147796  5.495247E-18
8405.5797928027  1.474529E-17
8408.41926412744  -1.254110E-17
8411.25873545217  8.452184E-18
8414.09820677691  -3.385005E-20
8416.93767810165  3.687662E-19
8419.77714942639  1.379380E-18
8422.61662075112  -1.794289E-18
8425.45609207586  8.050567E-19
8428.2955634006  2.624945E-18
8431.13503472534  2.393543E-18
8433.97450605008  1.772919E-18
8436.81397737482  9.556718E-18
8439.65344869955  -5.931668E-18
8442.49292002429  3.548837E-18
8445.33239134903  -4.276025E-18
8448.17186267377  8.766908E-18
8451.01133399851  4.841656E-18
8453.85080532324  5.729619E-18
8456.69027664798  5.524146E-18
8459.52974797272  6.915896E-18
8462.36921929746  3.296232E-18
8465.2086906222  7.179439E-18
8468.04816194693  5.308227E-18
8470.88763327167  7.537981E-18
8473.72710459641  1.086560E-18
8476.56657592115  3.524296E-18
8479.40604724588  1.872709E-18
8482.24551857062  6.767680E-18
8485.08498989536  1.479112E-18
8487.9244612201  5.349943E-18
8490.76393254484  4.863686E-18
8493.60340386957  3.290803E-18
8496.44287519431  3.282466E-18
8499.28234651905  3.925644E-18
8502.12181784379  5.639897E-18
8504.96128916853  5.166988E-18
8507.80076049327  2.589031E-18
8510.640231818  3.465445E-18
8513.47970314274  5.856577E-18
8516.31917446748  4.824112E-18
8519.15864579222  3.107158E-18
8521.99811711696  2.043750E-18
8524.83758844169  2.269704E-18
8527.67705976643  4.604417E-18
8530.51653109117  2.428224E-18
8533.35600241591  3.529185E-18
8536.19547374064  3.821956E-18
8539.03494506538  4.683145E-18
8541.87441639012  4.306677E-18
8544.71388771486  2.741578E-18
8547.5533590396  4.199016E-18
8550.39283036433  2.884714E-18
8553.23230168907  2.196499E-18
8556.07177301381  4.697066E-18
8558.91124433855  5.197462E-18
8561.75071566329  4.268065E-18
8564.59018698802  4.393026E-18
8567.42965831277  5.489665E-18
8570.2691296375  4.444661E-18
8573.10860096224  3.188932E-18
8575.94807228698  3.197332E-18
8578.78754361172  3.484542E-18
8581.62701493645  5.374200E-18
8584.46648626119  5.982019E-18
8587.30595758593  4.670560E-18
8590.14542891067  5.013233E-18
8592.9849002354  2.849779E-18
8595.82437156014  3.569394E-18
8598.66384288488  3.011213E-18
8601.50331420962  5.380194E-18
8604.34278553436  4.672317E-18
8607.18225685909  5.570590E-18
8610.02172818383  5.177584E-18
8612.86119950857  2.170240E-18
8615.70067083331  3.461870E-18
8618.54014215805  2.768562E-18
8621.37961348278  7.003909E-18
8624.21908480752  4.846333E-18
8627.05855613226  4.916312E-18
8629.898027457  3.452190E-18
8632.73749878174  2.977837E-18
8635.57697010647  5.612113E-18
8638.41644143121  7.026058E-19
8641.25591275595  5.006312E-18
8644.09538408069  9.313578E-19
8646.93485540543  1.127054E-18
8649.77432673016  3.250678E-19
8652.6137980549  3.031910E-18
8655.45326937964  8.312761E-18
8658.29274070438  4.619245E-18
8661.13221202912  6.492572E-18
8663.97168335385  5.838598E-18
8666.81115467859  4.578035E-18
8669.65062600333  2.746567E-18
8672.49009732807  -2.019020E-18
8675.32956865281  2.822897E-18
8678.16903997754  3.445046E-18
8681.00851130228  5.910066E-18
8683.84798262702  3.745893E-18
8686.68745395176  4.248829E-18
8689.5269252765  4.367364E-18
8692.36639660123  3.217795E-18
8695.20586792597  3.474536E-18
8698.04533925071  3.815342E-18
8700.88481057545  4.007026E-18
8703.72428190019  4.204722E-18
8706.56375322492  4.290844E-18
8709.40322454966  3.926407E-18
8712.2426958744  3.469963E-18
8715.08216719914  3.340991E-18
8717.92163852388  3.378921E-18
8720.76110984861  2.858256E-18
8723.60058117335  2.686355E-18
8726.44005249809  2.967398E-18
8729.27952382283  3.847081E-18
8732.11899514757  4.788220E-18
8734.9584664723  4.334541E-18
8737.79793779704  7.586919E-18
8740.63740912178  4.013607E-18
8743.47688044652  -2.407625E-18
8746.31635177126  6.659374E-18
8749.155823096  -7.457792E-19
8751.99529442073  -5.282799E-19
8754.83476574547  7.432489E-18
8757.67423707021  3.445500E-18
8760.51370839495  -2.806930E-18
8763.35317971969  1.125235E-18
8766.19265104442  -2.642633E-18
8769.03212236916  8.829816E-18
8771.8715936939  3.547036E-18
8774.71106501864  3.493860E-19
8777.55053634338  9.015950E-18
8780.39000766811  2.265637E-18
8783.22947899285  -2.818881E-18
8786.06895031759  3.043107E-18
8788.90842164232  7.711821E-18
8791.74789296706  2.155966E-18
8794.5873642918  4.458312E-18
8797.42683561654  1.913654E-18
8800.26630694128  4.279282E-18
8803.10577826602  -3.732598E-18
8805.94524959075  8.014316E-18
8808.78472091549  4.794329E-18
8811.62419224023  -3.547469E-18
8814.46366356497  -3.334757E-18
8817.30313488971  -1.110297E-18
8820.14260621444  6.684583E-19
8822.98207753918  4.161081E-19
8825.82154886392  3.402819E-18
8828.66102018866  4.624817E-18
8831.5004915134  1.309510E-17
8834.33996283813  -8.807817E-19
8837.17943416287  -9.442851E-18
8840.01890548761  1.022604E-17
8842.85837681235  3.759765E-18
8845.69784813709  -3.795542E-18
8848.53731946182  3.174774E-18
8851.37679078656  7.600889E-18
8854.2162621113  4.237013E-18
8857.05573343604  2.869454E-18
8859.89520476078  -2.820707E-19
8862.73467608551  9.173069E-19
8865.57414741025  3.600481E-18
8868.41361873499  6.881203E-18
8871.25309005973  1.023751E-17
8874.09256138447  8.083312E-18
8876.9320327092  7.762832E-18
8879.77150403394  6.515101E-18
8882.61097535868  4.355214E-18
8885.45044668342  1.797496E-18
8888.28991800816  6.071722E-18
8891.1293893329  2.704519E-18
8893.96886065763  1.286487E-17
8896.80833198237  5.245121E-18
8899.64780330711  4.742113E-18
8902.48727463185  -1.234893E-17
8905.32674595658  1.632183E-18
8908.16621728132  -5.657991E-18
8911.00568860606  1.211247E-18
8913.8451599308  -7.801981E-19
8916.68463125554  1.632203E-18
8919.52410258027  3.194985E-18
8922.36357390501  -3.009541E-18
8925.20304522975  -1.189330E-17
8928.04251655449  9.195895E-18
8930.88198787923  2.797283E-18
8933.72145920396  1.138667E-18
8936.5609305287  5.730533E-18
8939.40040185344  3.873467E-18
8942.23987317818  1.006935E-18
8945.07934450292  6.348539E-18
8947.91881582765  2.511827E-18
8950.75828715239  3.835456E-18
8953.59775847713  6.888123E-18
8956.43722980187  2.143742E-18
8959.27670112661  5.044432E-18
8962.11617245134  5.196403E-19
8964.95564377608  1.344033E-18
8967.79511510082  6.787252E-18
8970.63458642556  3.331143E-18
8973.4740577503  1.841064E-18
8976.31352907503  3.111043E-19
8979.15300039977  2.869047E-18
8981.99247172451  -3.471312E-19
8984.83194304925  3.217362E-18
8987.67141437399  4.083360E-18
8990.51088569873  2.195576E-18
8993.35035702346  2.415497E-18
8996.1898283482  9.261024E-19
8999.02929967294  3.651449E-18
9001.86877099767  1.735939E-18
9004.70824232241  5.740031E-18
9007.54771364715  4.652363E-18
9010.38718497189  -2.660324E-18
9013.22665629663  4.254134E-18
9016.06612762137  1.810531E-18
9018.9055989461  1.378262E-18
9021.74507027084  3.920622E-18
9024.58454159558  2.780349E-18
9027.42401292032  2.839465E-18
9030.26348424506  -1.336649E-18
9033.10295556979  4.529059E-18
9035.94242689453  3.316240E-18
9038.78189821927  2.108399E-18
9041.62136954401  2.050804E-18
9044.46084086875  3.069667E-18
9047.30031219348  1.758375E-18
9050.13978351822  2.719639E-18
9052.97925484296  2.831038E-18
9055.8187261677  2.478727E-18
9058.65819749244  2.135834E-18
9061.49766881717  1.009455E-18
9064.33714014191  1.846528E-18
9067.17661146665  2.009721E-18
9070.01608279139  1.780924E-18
9072.85555411613  1.078035E-18
9075.69502544086  8.524356E-20
9078.5344967656  1.428140E-18
9081.37396809034  1.800053E-18
9084.21343941508  5.020401E-19
9087.05291073982  1.247640E-18
9089.89238206455  1.099713E-18
9092.73185338929  1.982320E-18
9095.57132471403  1.629439E-18
9098.41079603877  1.841229E-18
9101.25026736351  1.608748E-18
9104.08973868825  1.211624E-18
9106.92921001298  1.740234E-18
9109.76868133772  7.711110E-19
9112.60815266246  1.693984E-18
9115.4476239872  1.905025E-18
9118.28709531193  1.512911E-18
9121.12656663667  1.675931E-18
9123.96603796141  2.674137E-18
9126.80550928615  2.390584E-18
9129.64498061089  1.766132E-18
9132.48445193562  9.256730E-19
9135.32392326036  3.450009E-18
9138.1633945851  1.128463E-18
9141.00286590984  2.692877E-18
9143.84233723458  4.432145E-18
9146.68180855931  2.094481E-18
9149.52127988405  1.649158E-18
9152.36075120879  2.623923E-18
9155.20022253353  3.178470E-18
9158.03969385827  2.405687E-18
9160.879165183  6.710254E-19
9163.71863650774  2.434739E-18
9166.55810783248  1.957990E-18
9169.39757915722  4.979692E-19
9172.23705048196  2.131282E-18
9175.07652180669  1.386058E-18
9177.91599313143  2.554427E-18
9180.75546445617  1.583812E-18
9183.59493578091  2.276639E-18
9186.43440710565  2.307275E-18
9189.27387843038  2.077409E-18
9192.11334975512  1.766189E-18
9194.95282107986  3.080796E-18
9197.7922924046  2.245044E-18
9200.63176372934  2.145010E-18
9203.47123505407  1.835995E-18
9206.31070637881  1.181278E-18
9209.15017770355  1.846564E-18
9211.98964902829  2.028221E-18
9214.82912035303  6.699770E-19
9217.66859167776  2.363018E-18
9220.5080630025  1.781891E-18
9223.34753432724  2.021894E-18
9226.18700565198  1.731840E-18
9229.02647697672  1.488591E-18
9231.86594830145  1.625376E-18
9234.70541962619  1.277497E-18
9237.54489095093  2.159621E-18
9240.38436227567  2.554973E-18
9243.22383360041  1.474990E-18
9246.06330492514  2.356963E-18
9248.90277624988  3.826316E-18
9251.74224757462  2.130645E-18
9254.58171889936  9.314956E-19
9257.4211902241  2.640139E-18
9260.26066154883  2.879927E-18
9263.10013287357  2.796265E-18
9265.93960419831  2.795196E-18
9268.77907552305  3.872014E-18
9271.61854684779  1.910590E-18
9274.45801817253  1.067290E-18
9277.29748949726  1.920023E-18
9280.136960822  2.006890E-18
9282.97643214674  -4.511367E-19
9285.81590347148  -1.230714E-17
9288.65537479621  4.511865E-18
9291.49484612095  -1.550465E-17
9294.33431744569  9.832588E-18
9297.17378877043  3.752177E-18
9300.01326009517  -3.249213E-18
9302.8527314199  -1.155157E-17
9305.69220274464  9.301780E-18
9308.53167406938  3.112051E-18
9311.37114539412  -1.057017E-18
9314.21061671886  1.557086E-17
9317.05008804359  -7.056172E-18
9319.88955936833  6.080901E-18
9322.72903069307  4.609371E-18
9325.56850201781  5.100373E-19
9328.40797334255  -7.360824E-18
9331.24744466728  3.868042E-18
9334.08691599202  6.763369E-18
9336.92638731676  -1.195735E-18
9339.7658586415  1.526998E-18
9342.60532996624  -6.227154E-19
9345.44480129097  1.675018E-18
9348.28427261571  1.104045E-18
9351.12374394045  -1.717773E-18
9353.96321526519  8.698313E-18
9356.80268658993  -4.834162E-18
9359.64215791466  -1.697458E-17
9362.4816292394  4.072273E-18
9365.32110056414  1.550027E-18
9368.16057188888  1.930572E-18
9371.00004321361  -3.489173E-18
9373.83951453835  -4.210262E-18
9376.67898586309  -4.846325E-18
9379.51845718783  5.383404E-18
9382.35792851257  -9.427314E-18
9385.1973998373  3.721580E-19
9388.03687116204  4.908749E-18
9390.87634248678  -5.578777E-20
9393.71581381152  8.478200E-19
9396.55528513626  -7.155448E-19
9399.394756461  -1.591038E-18
9402.23422778573  2.501582E-18
9405.07369911047  2.986770E-19
9407.91317043521  3.357021E-18
9410.75264175995  -8.473983E-19
9413.59211308469  -3.266436E-18
9416.43158440942  6.255275E-18
9419.27105573416  -3.692337E-18
9422.1105270589  4.235958E-19
9424.94999838364  7.472237E-18
9427.78946970838  1.641167E-18
9430.62894103311  1.680529E-18
9433.46841235785  2.300019E-18
9436.30788368259  2.345423E-18
9439.14735500733  -2.606832E-18
9441.98682633206  -4.065353E-18
9444.8262976568  -2.201442E-18
9447.66576898154  5.828525E-18
9450.50524030628  4.313868E-18
9453.34471163102  -1.006598E-18
9456.18418295576  3.031881E-18
9459.02365428049  -8.445945E-18
9461.86312560523  -4.153997E-18
9464.70259692997  -5.684383E-18
9467.54206825471  1.595099E-18
9470.38153957945  1.410308E-18
9473.22101090418  7.020620E-19
9476.06048222892  2.146991E-19
9478.89995355366  1.213387E-19
9481.7394248784  7.602744E-20
9484.57889620314  -3.039141E-18
9487.41836752787  3.239003E-18
9490.25783885261  -1.839741E-18
9493.09731017735  2.707082E-19
9495.93678150209  -8.907294E-19
9498.77625282683  -1.805984E-19
9501.61572415156  1.512042E-18
9504.4551954763  2.992925E-19
9507.29466680104  4.593070E-18
9510.13413812578  9.023198E-19
9512.97360945052  -6.384636E-19
9515.81308077526  2.146030E-18
9518.65255209999  2.077024E-18
9521.49202342473  1.425208E-18
9524.33149474947  5.508185E-18
9527.17096607421  2.619500E-18
9530.01043739895  -4.165127E-18
9532.84990872368  3.271192E-19
9535.68938004842  -5.809414E-19
9538.52885137316  -1.290441E-19
9541.36832269789  -5.201124E-19
9544.20779402263  2.486200E-18
9547.04726534737  1.712374E-18
9549.88673667211  -2.733203E-18
9552.72620799685  1.954618E-18
9555.56567932158  -2.056692E-18
9558.40515064632  -6.848083E-19
9561.24462197106  2.889107E-18
9564.0840932958  1.211958E-18
9566.92356462053  1.477434E-18
9569.76303594528  2.337849E-18
9572.60250727001  -3.453109E-19
9575.44197859475  1.436490E-18
9578.28144991949  3.185584E-18
9581.12092124423  5.004615E-19
9583.96039256897  9.515561E-19
9586.7998638937  1.278067E-18
9589.63933521844  5.799795E-19
9592.47880654318  -6.958527E-19
9595.31827786792  -1.511242E-19
9598.15774919266  4.210435E-19
9600.99722051739  2.107390E-18
9603.83669184213  1.658905E-18
9606.67616316687  2.824118E-19
9609.51563449161  -4.339926E-20
9612.35510581635  8.708420E-20
9615.19457714108  2.547041E-18
9618.03404846582  4.666553E-19
9620.87351979056  -8.826229E-19
9623.7129911153  -8.256924E-19
9626.55246244004  1.134386E-18
9629.39193376477  1.959481E-18
9632.23140508951  -5.971020E-19
9635.07087641425  1.106507E-18
9637.91034773899  1.078694E-18
9640.74981906373  3.240722E-19
9643.58929038846  5.263489E-20
9646.4287617132  6.855709E-19
9649.26823303794  4.985006E-19
9652.10770436268  -6.946522E-20
9654.94717568742  8.086465E-19
9657.78664701215  1.161886E-18
9660.62611833689  1.000603E-18
9663.46558966163  1.067929E-18
9666.30506098637  1.818689E-18
9669.14453231111  9.186876E-19
9671.98400363584  7.000364E-19
9674.82347496058  5.965786E-19
9677.66294628532  1.307432E-18
9680.50241761006  1.290098E-18
9683.34188893479  7.580140E-19
9686.18136025953  8.555734E-19
9689.02083158427  1.139665E-18
9691.86030290901  1.458333E-18
9694.69977423375  6.034410E-19
9697.53924555848  6.224483E-19
9700.37871688322  -1.151903E-19
9703.21818820796  1.504815E-18
9706.0576595327  1.929365E-18
9708.89713085744  4.242919E-19
9711.73660218218  1.448755E-18
9714.57607350691  -1.849973E-19
9717.41554483165  2.071106E-18
9720.25501615639  1.447469E-18
9723.09448748113  8.537095E-19
9725.93395880587  5.726212E-19
9728.7734301306  1.138139E-18
9731.61290145534  6.520403E-19
9734.45237278008  1.887553E-18
9737.29184410482  6.829901E-19
9740.13131542955  1.710009E-18
9742.97078675429  1.453835E-18
9745.81025807903  1.841971E-18
9748.64972940377  1.600608E-18
9751.48920072851  7.825168E-19
9754.32867205324  1.087332E-18
9757.16814337798  6.646993E-19
9760.00761470272  4.097882E-20
9762.84708602746  8.779682E-19
9765.6865573522  1.060356E-18
9768.52602867693  1.166408E-18
9771.36550000167  -7.560610E-19
9774.20497132641  -3.480957E-18
9777.04444265115  -1.360428E-18
9779.88391397589  -5.090092E-20
9782.72338530063  7.259028E-19
9785.56285662536  1.380077E-18
9788.4023279501  -8.419027E-19
9791.24179927484  1.131164E-18
9794.08127059958  3.446933E-18
9796.92074192431  2.395923E-18
9799.76021324905  2.151769E-18
9802.59968457379  3.109301E-18
9805.43915589853  2.054391E-18
9808.27862722327  6.806265E-19
9811.118098548  -9.712482E-19
9813.95756987274  1.158223E-18
9816.79704119748  3.175284E-21
9819.63651252222  1.982632E-18
9822.47598384696  3.316147E-19
9825.31545517169  9.697499E-19
9828.15492649643  1.682164E-19
9830.99439782117  6.925428E-19
9833.83386914591  1.792899E-18
9836.67334047065  4.305513E-19
9839.51281179538  1.183093E-18
9842.35228312012  -7.272859E-20
9845.19175444486  -1.480102E-18
9848.0312257696  -5.142155E-19
9850.87069709434  1.914821E-19
9853.71016841907  -1.326703E-18
9856.54963974381  -4.444428E-19
9859.38911106855  1.713517E-18
9862.22858239329  1.049361E-18
9865.06805371803  4.886417E-19
9867.90752504276  1.083729E-18
9870.7469963675  8.753075E-20
9873.58646769224  1.425590E-19
9876.42593901698  -1.078983E-18
9879.26541034172  -1.322349E-19
9882.10488166645  1.040104E-18
