4629.08293090116  -1.826319E-18
4631.9224022259  -1.316125E-18
4634.76187355064  -1.798982E-18
4637.60134487538  -8.166869E-19
4640.44081620012  1.604644E-18
4643.28028752486  6.137364E-19
4646.11975884959  -4.352576E-18
4648.95923017433  -9.276729E-19
4651.79870149907  3.095442E-19
4654.63817282381  5.267061E-19
4657.47764414854  9.228132E-19
4660.31711547328  7.639012E-19
4663.15658679802  1.876279E-18
4665.99605812276  1.158737E-18
4668.8355294475  5.696833E-19
4671.67500077224  2.369486E-19
4674.51447209697  4.367501E-19
4677.35394342171  1.540269E-18
4680.19341474645  1.990856E-18
4683.03288607119  9.418294E-19
4685.87235739592  3.948396E-19
4688.71182872066  -7.082418E-20
4691.5513000454  -4.727838E-19
4694.39077137014  1.345645E-18
4697.23024269488  9.865737E-20
4700.06971401962  -3.869396E-19
4702.90918534435  1.486607E-18
4705.74865666909  4.910940E-19
4708.58812799383  -9.461472E-19
4711.42759931857  1.506297E-19
4714.2670706433  -2.877127E-19
4717.10654196804  7.065383E-20
4719.94601329278  1.648747E-19
4722.78548461752  -4.247256E-20
4725.62495594226  3.371120E-19
4728.464427267  3.980253E-19
4731.30389859173  -5.106464E-19
4734.14336991647  5.433172E-19
4736.98284124121  8.447350E-19
4739.82231256595  1.112968E-18
4742.66178389068  2.108688E-18
4745.50125521542  2.578650E-18
4748.34072654016  -1.535095E-19
4751.1801978649  1.167383E-18
4754.01966918964  7.625459E-19
4756.85914051437  9.920076E-19
4759.69861183911  4.462010E-19
4762.53808316385  -7.563554E-19
4765.37755448859  1.797765E-18
4768.21702581333  1.872909E-18
4771.05649713806  6.465725E-20
4773.8959684628  -1.520988E-18
4776.73543978754  7.597169E-20
4779.57491111228  -4.503278E-19
4782.41438243702  5.252236E-19
4785.25385376175  -7.629535E-19
4788.09332508649  5.019851E-20
4790.93279641123  5.432533E-19
4793.77226773597  -3.060221E-19
4796.61173906071  -6.552543E-19
4799.45121038544  -1.834097E-20
4802.29068171018  1.497830E-20
4805.13015303492  1.307552E-18
4807.96962435966  8.617389E-19
4810.8090956844  1.105195E-19
4813.64856700913  2.271245E-19
4816.48803833387  -7.374743E-19
4819.32750965861  -8.392256E-19
4822.16698098335  -1.350248E-19
4825.00645230809  4.356900E-19
4827.84592363282  3.717256E-19
4830.68539495756  3.520153E-19
4833.5248662823  4.464644E-19
4836.36433760704  8.314288E-20
4839.20380893178  -1.867723E-19
4842.04328025651  -5.706362E-19
4844.88275158125  -7.408109E-19
4847.72222290599  -2.413024E-20
4850.56169423073  2.351957E-20
4853.40116555547  5.036871E-19
4856.24063688021  3.535525E-19
4859.08010820494  3.723486E-19
4861.91957952968  6.860175E-19
4864.75905085442  2.726641E-19
4867.59852217916  4.095191E-19
4870.43799350389  3.708466E-19
4873.27746482863  2.401357E-19
4876.11693615337  9.658389E-19
4878.95640747811  1.692043E-18
4881.79587880285  1.229192E-18
4884.63535012758  5.835320E-19
4887.47482145232  9.373851E-19
4890.31429277706  -1.107834E-19
4893.1537641018  9.257640E-19
4895.99323542654  -8.080893E-20
4898.83270675127  2.238641E-19
4901.67217807601  3.675989E-19
4904.51164940075  2.234153E-19
4907.35112072549  3.116606E-19
4910.19059205023  1.254664E-18
4913.03006337496  -3.089054E-19
4915.8695346997  -6.678490E-20
4918.70900602444  -5.507597E-19
4921.54847734918  2.001410E-20
4924.38794867392  -2.100246E-19
4927.22741999865  -2.039924E-20
4930.06689132339  -4.623232E-19
4932.90636264813  4.199828E-19
4935.74583397287  1.366182E-18
4938.58530529761  1.252085E-18
4941.42477662234  3.964286E-20
4944.26424794708  1.617375E-18
4947.10371927182  1.687096E-18
4949.94319059656  5.744043E-20
4952.7826619213  -6.870762E-20
4955.62213324603  -7.391791E-19
4958.46160457077  -6.232836E-19
4961.30107589551  5.556677E-19
4964.14054722025  8.418109E-19
4966.98001854499  -1.057740E-19
4969.81948986973  6.574192E-19
4972.65896119446  1.032573E-18
4975.4984325192  -2.134500E-19
4978.33790384394  -5.488715E-19
4981.17737516868  5.797960E-19
4984.01684649341  1.232794E-18
4986.85631781815  1.806778E-18
4989.69578914289  1.861623E-18
4992.53526046763  1.145213E-18
4995.37473179237  6.444246E-19
4998.2142031171  5.467321E-19
5001.05367444184  1.660158E-19
5003.89314576658  -6.758220E-19
5006.73261709132  -1.747564E-19
5009.57208841606  6.110064E-19
5012.4115597408  -7.802926E-20
5015.25103106553  4.103703E-19
5018.09050239027  -6.044282E-20
5020.92997371501  -5.698304E-19
5023.76944503975  -1.537949E-19
5026.60891636448  3.881678E-20
5029.44838768922  5.256816E-19
5032.28785901396  -4.747655E-19
5035.1273303387  3.225127E-19
5037.96680166344  6.037237E-19
5040.80627298817  1.040462E-18
5043.64574431291  1.979805E-19
5046.48521563765  -4.318582E-19
5049.32468696239  1.718427E-18
5052.16415828713  7.973416E-19
5055.00362961186  6.678018E-19
5057.8431009366  6.229988E-19
5060.68257226134  5.326637E-19
5063.52204358608  7.519300E-19
5066.36151491082  7.042006E-19
5069.20098623555  -1.424533E-19
5072.04045756029  -4.545719E-19
5074.87992888503  -1.824381E-19
5077.71940020977  2.959863E-19
5080.55887153451  5.154462E-19
5083.39834285924  -1.043146E-20
5086.23781418398  4.231760E-19
5089.07728550872  1.572647E-19
5091.91675683346  -4.644153E-19
5094.7562281582  -2.017402E-19
5097.59569948293  8.213348E-19
5100.43517080767  1.343974E-18
5103.27464213241  4.423889E-19
5106.11411345715  5.310333E-19
5108.95358478189  3.621984E-19
5111.79305610663  3.868415E-19
5114.63252743136  1.139545E-18
5117.4719987561  4.529484E-19
5120.31147008084  5.465381E-19
5123.15094140558  -9.116549E-20
5125.99041273031  -9.116485E-19
5128.82988405505  -1.117332E-18
5131.66935537979  1.228387E-18
5134.50882670453  1.215614E-18
5137.34829802927  4.728676E-19
5140.187769354  7.426831E-19
5143.02724067874  1.215603E-18
5145.86671200348  -3.195521E-20
5148.70618332822  -2.254399E-19
5151.54565465296  5.053616E-19
5154.38512597769  8.154761E-19
5157.22459730243  1.272201E-20
5160.06406862717  -5.301745E-19
5162.90353995191  -4.188522E-20
5165.74301127665  2.670771E-19
5168.58248260139  5.423001E-19
5171.42195392612  6.430580E-19
5174.26142525086  1.512991E-19
5177.1008965756  1.522904E-19
5179.94036790034  4.201505E-19
5182.77983922508  4.740892E-19
5185.61931054981  1.092036E-18
5188.45878187455  9.967558E-19
5191.29825319929  -1.101914E-19
5194.13772452403  9.612575E-19
5196.97719584876  7.701566E-19
5199.8166671735  -7.691202E-19
5202.65613849824  -2.147546E-19
5205.49560982298  8.201568E-19
5208.33508114772  1.784159E-19
5211.17455247245  -3.855352E-19
5214.01402379719  -2.177379E-19
5216.85349512193  5.887913E-20
5219.69296644667  1.115905E-18
5222.53243777141  5.084814E-19
5225.37190909614  -5.520840E-20
5228.21138042088  6.425037E-19
5231.05085174562  6.102277E-19
5233.89032307036  8.965137E-19
5236.7297943951  5.130693E-19
5239.56926571984  1.232526E-18
5242.40873704457  2.089073E-18
5245.24820836931  1.792429E-18
5248.08767969405  1.507064E-18
5250.92715101879  1.423898E-18
5253.76662234352  9.534870E-19
5256.60609366826  3.560517E-19
5259.445564993  5.453849E-19
5262.28503631774  4.406683E-19
5265.12450764248  1.265694E-18
5267.96397896721  1.375754E-18
5270.80345029195  3.997855E-19
5273.64292161669  2.539416E-19
5276.48239294143  8.227299E-19
5279.32186426617  8.079226E-19
5282.1613355909  1.416877E-18
5285.00080691564  1.126161E-18
5287.84027824038  9.622812E-20
5290.67974956512  6.502414E-19
5293.51922088986  8.111804E-20
5296.35869221459  5.177757E-19
5299.19816353933  1.264582E-18
5302.03763486407  2.315858E-19
5304.87710618881  -3.930331E-19
5307.71657751355  6.072679E-19
5310.55604883828  1.148438E-18
5313.39552016302  8.426457E-19
5316.23499148776  3.914344E-19
5319.0744628125  -4.364023E-20
5321.91393413724  -1.609057E-19
5324.75340546197  7.918439E-19
5327.59287678671  1.440652E-18
5330.43234811145  1.345043E-18
5333.27181943619  7.186406E-19
5336.11129076093  4.411024E-19
5338.95076208566  1.327855E-18
5341.7902334104  1.527737E-18
5344.62970473514  6.639952E-19
5347.46917605988  4.485143E-19
5350.30864738462  1.123690E-18
5353.14811870935  9.848026E-19
5355.98759003409  -3.570720E-19
5358.82706135883  2.280684E-17
5361.66653268357  1.015784E-17
5364.50600400831  2.735825E-19
5367.34547533304  8.702220E-19
5370.18494665778  2.307652E-18
5373.02441798252  1.443265E-18
5375.86388930726  2.062890E-19
5378.703360632  -6.413710E-20
5381.54283195673  1.277799E-19
5384.38230328147  2.478701E-19
5387.22177460621  6.550536E-19
5390.06124593095  5.250656E-19
5392.90071725569  3.104170E-19
5395.74018858042  6.564680E-19
5398.57965990516  6.307450E-19
5401.4191312299  1.154023E-18
5404.25860255464  1.294206E-18
5407.09807387938  1.235337E-18
5409.93754520411  1.439231E-18
5412.77701652885  8.777613E-19
5415.61648785359  5.082701E-19
5418.45595917833  1.099676E-19
5421.29543050307  2.043843E-19
5424.1349018278  4.645834E-19
5426.97437315254  1.002199E-18
5429.81384447728  9.292162E-19
5432.65331580202  1.810991E-19
5435.49278712676  -6.097946E-20
5438.33225845149  -4.359709E-19
5441.17172977623  4.110400E-19
5444.01120110097  8.780203E-19
5446.85067242571  5.724328E-19
5449.69014375045  8.174964E-19
5452.52961507518  1.313219E-18
5455.36908639992  1.363441E-18
5458.20855772466  1.574803E-18
5461.0480290494  3.598722E-19
5463.88750037414  2.867605E-19
5466.72697169887  1.352637E-18
5469.56644302361  1.061202E-18
5472.40591434835  5.109947E-19
5475.24538567309  1.535036E-18
5478.08485699783  1.436930E-18
5480.92432832256  1.511558E-18
5483.7637996473  1.028765E-18
5486.60327097204  8.126113E-19
5489.44274229678  7.954772E-19
5492.28221362152  1.189672E-18
5495.12168494625  6.921895E-19
5497.96115627099  8.803174E-19
5500.80062759573  1.778223E-18
5503.64009892047  4.864697E-19
5506.47957024521  4.416126E-19
5509.31904156994  1.355966E-18
5512.15851289468  1.337294E-18
5514.99798421942  1.311448E-18
5517.83745554416  8.848803E-19
5520.6769268689  7.478931E-19
5523.51639819363  3.384055E-19
5526.35586951837  3.450179E-19
5529.19534084311  6.303050E-19
5532.03481216785  1.309376E-20
5534.87428349259  4.961263E-19
5537.71375481732  1.777152E-18
5540.55322614206  3.163292E-19
5543.3926974668  3.814246E-19
5546.23216879154  -7.570311E-19
5549.07164011628  -8.408218E-19
5551.91111144101  -2.218807E-19
5554.75058276575  1.673125E-18
5557.59005409049  1.031283E-18
5560.42952541523  1.466579E-18
5563.26899673996  -6.179943E-18
5566.1084680647  5.705541E-18
5568.94793938944  7.794266E-19
5571.78741071418  -1.281853E-18
5574.62688203892  7.491109E-19
5577.46635336365  3.677416E-19
5580.30582468839  6.986632E-19
5583.14529601313  3.157020E-18
5585.98476733787  3.848525E-18
5588.82423866261  5.993341E-18
5591.66370998735  4.656544E-18
5594.50318131208  -4.845904E-18
5597.34265263682  1.884148E-18
5600.18212396156  9.064527E-19
5603.0215952863  1.175812E-18
5605.86106661104  3.283202E-19
5608.70053793577  1.482726E-18
5611.54000926051  1.509013E-18
5614.37948058525  4.559633E-19
5617.21895190999  1.606172E-18
5620.05842323473  6.628564E-19
5622.89789455946  9.034084E-19
5625.7373658842  1.418421E-18
5628.57683720894  1.029406E-18
5631.41630853368  8.804219E-19
5634.25577985842  1.037126E-18
5637.09525118315  1.200355E-18
5639.93472250789  6.572037E-19
5642.77419383263  1.629638E-18
5645.61366515737  -5.954448E-20
5648.45313648211  8.355812E-19
5651.29260780684  1.159138E-18
5654.13207913158  1.423656E-18
5656.97155045632  3.549964E-19
5659.81102178106  7.935899E-19
5662.6504931058  8.059619E-19
5665.48996443053  7.751985E-19
5668.32943575527  2.182745E-18
5671.16890708001  1.490404E-18
5674.00837840475  1.881353E-19
5676.84784972949  1.194389E-17
5679.68732105422  3.096300E-17
5682.52679237896  2.006215E-17
5685.3662637037  3.016069E-18
5688.20573502844  6.280811E-19
5691.04520635318  1.497501E-18
5693.88467767791  1.806227E-18
5696.72414900265  1.141226E-18
5699.56362032739  7.221321E-19
5702.40309165213  1.152432E-19
5705.24256297687  2.088953E-19
5708.0820343016  1.548423E-18
5710.92150562634  2.000354E-18
5713.76097695108  6.133758E-19
5716.60044827582  9.766005E-19
5719.43991960056  1.301936E-18
5722.27939092529  2.032034E-18
5725.11886225003  2.928139E-19
5727.95833357477  8.732068E-20
5730.79780489951  7.197768E-19
5733.63727622425  8.231603E-19
5736.47674754898  1.035212E-18
5739.31621887372  1.190098E-18
5742.15569019846  5.128546E-19
5744.9951615232  1.516797E-18
5747.83463284794  1.463556E-18
5750.67410417267  1.301152E-18
5753.51357549741  1.258967E-18
5756.35304682215  9.469657E-19
5759.19251814689  1.333428E-18
5762.03198947163  1.454061E-18
5764.87146079636  1.708149E-18
5767.7109321211  1.247576E-18
5770.55040344584  5.797763E-19
5773.38987477058  -5.377546E-20
5776.22934609531  1.328549E-18
5779.06881742005  1.330000E-18
5781.90828874479  1.360609E-18
5784.74776006953  2.188925E-18
5787.58723139427  1.999421E-18
5790.42670271901  1.546322E-18
5793.26617404374  1.269862E-18
5796.10564536848  9.527190E-19
5798.94511669322  8.958957E-19
5801.78458801796  5.212223E-19
5804.6240593427  2.820380E-19
5807.46353066743  7.558033E-19
5810.30300199217  1.163954E-18
5813.14247331691  1.420922E-18
5815.98194464165  1.209503E-18
5818.82141596638  1.169768E-18
5821.66088729112  1.063983E-18
5824.50035861586  8.043914E-19
5827.3398299406  1.162770E-18
5830.17930126534  7.026664E-19
5833.01877259007  1.273562E-19
5835.85824391481  1.215861E-18
5838.69771523955  1.805264E-18
5841.53718656429  1.025273E-18
5844.37665788903  1.611800E-18
5847.21612921377  1.123791E-18
5850.0556005385  8.995900E-19
5852.89507186324  2.262411E-18
5855.73454318798  1.940327E-18
5858.57401451272  1.264951E-18
5861.41348583746  1.612820E-18
5864.25295716219  6.954480E-19
5867.09242848693  6.806081E-19
5869.93189981167  1.410152E-18
5872.77137113641  8.210286E-19
5875.61084246114  1.198934E-18
5878.45031378588  -6.264028E-19
5881.28978511062  -2.445261E-18
5884.12925643536  -4.961947E-19
5886.9687277601  -8.504120E-19
5889.80819908483  1.846913E-18
5892.64767040957  2.891412E-18
5895.48714173431  8.264924E-19
5898.32661305905  -3.027476E-20
5901.16608438379  -7.223984E-19
5904.00555570853  -2.510591E-19
5906.84502703326  1.544387E-18
5909.684498358  9.703445E-19
5912.52396968274  2.547098E-18
5915.36344100748  1.348922E-18
5918.20291233222  5.464803E-19
5921.04238365695  1.208981E-18
5923.88185498169  1.451660E-18
5926.72132630643  1.840767E-18
5929.56079763117  1.816452E-18
5932.40026895591  1.164126E-18
5935.23974028064  9.508428E-19
5938.07921160538  7.952283E-19
5940.91868293012  6.258955E-19
5943.75815425486  1.499846E-18
5946.59762557959  1.686075E-18
5949.43709690433  1.426934E-18
5952.27656822907  1.456349E-18
5955.11603955381  1.044495E-18
5957.95551087855  1.086177E-18
5960.79498220328  1.016192E-18
5963.63445352802  1.864404E-18
5966.47392485276  8.089268E-19
5969.3133961775  9.372725E-19
5972.15286750224  1.510098E-18
5974.99233882697  2.111442E-18
5977.83181015171  1.375353E-18
5980.67128147645  1.403341E-18
5983.51075280119  7.399676E-19
5986.35022412593  1.321136E-18
5989.18969545066  1.290987E-18
5992.0291667754  6.530905E-19
5994.86863810014  1.279991E-18
5997.70810942488  1.503970E-18
6000.54758074962  1.976264E-18
6003.38705207435  1.727041E-18
6006.22652339909  1.039508E-18
6009.06599472383  1.783211E-18
6011.90546604857  1.351892E-18
6014.74493737331  1.635635E-18
6017.58440869804  2.078458E-18
6020.42388002278  1.944310E-18
6023.26335134752  1.156876E-18
6026.10282267226  1.016033E-18
6028.942293997  8.962203E-19
6031.78176532173  1.739108E-19
6034.62123664647  3.534499E-19
6037.46070797121  1.333077E-18
6040.30017929595  8.929824E-19
6043.13965062069  8.855469E-19
6045.97912194542  1.542598E-18
6048.81859327016  1.027533E-18
6051.6580645949  9.302915E-19
6054.49753591964  1.917899E-18
6057.33700724438  3.039698E-18
6060.17647856911  1.095054E-18
6063.01594989385  1.186449E-18
6065.85542121859  6.598853E-19
6068.69489254333  2.338532E-18
6071.53436386807  2.118261E-18
6074.3738351928  1.601712E-18
6077.21330651754  1.374674E-19
6080.05277784228  1.381333E-18
6082.89224916702  1.996344E-18
6085.73172049176  2.143540E-18
6088.57119181649  5.255242E-19
6091.41066314123  3.548318E-19
6094.25013446597  2.495576E-18
6097.08960579071  1.928048E-18
6099.92907711545  1.469874E-18
6102.76854844018  1.039004E-18
6105.60801976492  1.311376E-18
6108.44749108966  2.939427E-18
6111.2869624144  5.330303E-19
6114.12643373914  9.243029E-19
6116.96590506387  1.284202E-18
6119.80537638861  1.684584E-18
6122.64484771335  1.556716E-18
6125.48431903809  6.813863E-19
6128.32379036283  1.092577E-18
6131.16326168756  1.615633E-18
6134.0027330123  9.967665E-19
6136.84220433704  1.543032E-18
6139.68167566178  1.598573E-18
6142.52114698652  1.685396E-18
6145.36061831125  1.395970E-18
6148.20008963599  1.336317E-18
6151.03956096073  1.190697E-18
6153.87903228547  1.884330E-18
6156.71850361021  1.487192E-18
6159.55797493494  8.907413E-19
6162.39744625968  1.109847E-18
6165.23691758442  2.688096E-18
6168.07638890916  1.509816E-18
6170.9158602339  1.279588E-18
6173.75533155863  1.047532E-18
6176.59480288337  1.492904E-18
6179.43427420811  2.077453E-18
6182.27374553285  1.030195E-18
6185.11321685759  2.309797E-18
6187.95268818232  1.265907E-18
6190.79215950706  1.755119E-18
6193.6316308318  1.479218E-18
6196.47110215654  1.388697E-18
6199.31057348128  1.753465E-18
6202.15004480601  1.613081E-18
6204.98951613075  1.150387E-18
6207.82898745549  8.551971E-19
6210.66845878023  8.247433E-19
6213.50793010497  6.918721E-19
6216.3474014297  1.236811E-18
6219.18687275444  1.893160E-18
6222.02634407918  1.714644E-18
6224.86581540392  1.499802E-18
6227.70528672866  2.669664E-18
6230.54475805339  2.014118E-18
6233.38422937813  1.252119E-18
6236.22370070287  6.177958E-19
6239.06317202761  9.276286E-19
6241.90264335235  1.207201E-18
6244.74211467708  9.724133E-19
6247.58158600182  1.018335E-18
6250.42105732656  1.649249E-18
6253.2605286513  1.461298E-18
6256.09999997604  1.486827E-18
6258.93947130077  8.645778E-19
6261.77894262551  1.652525E-18
6264.61841395025  1.797700E-18
6267.45788527499  8.477126E-19
6270.29735659973  1.821185E-18
6273.13682792446  1.882999E-18
6275.9762992492  6.648839E-19
6278.81577057394  2.461716E-18
6281.65524189868  1.987798E-18
6284.49471322342  2.601137E-18
6287.33418454815  9.921666E-19
6290.17365587289  1.610121E-18
6293.01312719763  2.154323E-18
6295.85259852237  2.585323E-18
6298.69206984711  3.655202E-18
6301.53154117184  1.011628E-18
6304.37101249658  1.531232E-18
6307.21048382132  1.886895E-18
6310.04995514606  1.246486E-18
6312.8894264708  4.292494E-18
6315.72889779553  2.357342E-18
6318.56836912027  6.343075E-19
6321.40784044501  3.534759E-18
6324.24731176975  6.491101E-18
6327.08678309448  6.270645E-18
6329.92625441922  2.349562E-18
6332.76572574396  1.239577E-18
6335.6051970687  1.266311E-18
6338.44466839344  6.006191E-19
6341.28413971818  3.419897E-19
6344.12361104291  1.582504E-18
6346.96308236765  1.096253E-18
6349.80255369239  2.523998E-19
6352.64202501713  5.849505E-19
6355.48149634187  8.511397E-19
6358.3209676666  1.258584E-18
6361.16043899134  1.999894E-18
6363.99991031608  1.704778E-18
6366.83938164082  9.590128E-19
6369.67885296556  1.584440E-18
6372.51832429029  1.544637E-18
6375.35779561503  5.628803E-19
6378.19726693977  1.450483E-18
6381.03673826451  1.463172E-18
6383.87620958925  8.860699E-19
6386.71568091398  8.495972E-19
6389.55515223872  1.186635E-18
6392.39462356346  1.440409E-18
6395.2340948882  5.764427E-18
6398.07356621294  2.082519E-17
6400.91303753767  1.907672E-17
6403.75250886241  3.160855E-18
6406.59198018715  -4.666368E-21
6409.43145151189  1.336926E-18
6412.27092283663  2.089811E-18
6415.11039416136  1.864235E-18
6417.9498654861  1.528076E-18
6420.78933681084  1.251309E-18
6423.62880813558  1.561959E-18
6426.46827946032  2.038042E-18
6429.30775078505  1.201976E-18
6432.14722210979  1.288698E-18
6434.98669343453  1.722910E-18
6437.82616475927  1.477061E-18
6440.66563608401  1.139837E-18
6443.50510740875  1.211288E-18
6446.34457873348  8.207287E-19
6449.18405005822  1.211973E-18
6452.02352138296  1.199967E-18
6454.8629927077  1.332547E-18
6457.70246403243  7.894220E-19
6460.54193535717  4.701269E-19
6463.38140668191  9.506851E-19
6466.22087800665  2.055085E-18
6469.06034933138  1.222639E-18
6471.89982065612  1.485923E-18
6474.73929198086  1.367786E-18
6477.5787633056  7.142919E-19
6480.41823463034  1.700163E-18
6483.25770595507  1.607046E-18
6486.09717727981  1.415017E-18
6488.93664860455  8.926941E-19
6491.77611992929  1.065496E-18
6494.61559125403  9.486421E-19
6497.45506257877  1.267645E-18
6500.2945339035  1.813661E-18
6503.13400522824  1.827911E-18
6505.97347655298  1.010288E-18
6508.81294787772  8.554944E-19
6511.65241920246  1.249428E-18
6514.49189052719  1.808569E-18
6517.33136185193  1.295623E-18
6520.17083317667  1.644995E-18
6523.01030450141  8.408499E-19
6525.84977582614  3.392190E-19
6528.68924715088  4.534793E-19
6531.52871847562  1.986050E-18
6534.36818980036  1.658220E-18
6537.2076611251  1.819878E-18
6540.04713244983  1.228841E-18
6542.88660377457  1.350553E-18
6545.72607509931  1.905824E-18
6548.56554642405  1.060172E-18
6551.40501774879  -1.813397E-19
6554.24448907353  -5.927131E-20
6557.08396039826  1.853870E-20
6559.923431723  3.321345E-19
6562.76290304774  9.871302E-20
6565.60237437248  4.153744E-19
6568.44184569722  8.099210E-19
6571.28131702195  -4.518225E-19
6574.12078834669  2.178762E-19
6576.96025967143  8.610484E-19
6579.79973099617  7.743959E-19
6582.6392023209  1.478838E-18
6585.47867364564  9.809241E-19
6588.31814497038  1.478931E-18
6591.15761629512  2.084370E-18
6593.99708761986  1.451781E-18
6596.83655894459  2.055415E-18
6599.67603026933  1.774949E-18
6602.51550159407  1.881721E-18
6605.35497291881  1.304053E-18
6608.19444424355  1.837531E-18
6611.03391556829  1.770895E-18
6613.87338689302  1.050991E-18
6616.71285821776  1.276554E-18
6619.5523295425  1.281689E-18
6622.39180086724  1.767546E-18
6625.23127219198  1.264933E-18
6628.07074351671  1.302026E-18
6630.91021484145  1.968007E-18
6633.74968616619  2.122164E-18
6636.58915749093  2.571681E-18
6639.42862881567  1.698849E-18
6642.2681001404  8.035215E-19
6645.10757146514  2.016016E-18
6647.94704278988  2.127868E-18
6650.78651411462  1.821043E-18
6653.62598543936  1.378956E-18
6656.46545676409  1.434453E-18
6659.30492808883  2.339591E-18
6662.14439941357  1.693305E-18
6664.98387073831  1.092226E-18
6667.82334206305  2.047139E-18
6670.66281338778  1.669864E-18
6673.50228471252  1.369412E-18
6676.34175603726  2.037088E-18
6679.181227362  1.857877E-18
6682.02069868674  1.579717E-18
6684.86017001147  1.556889E-18
6687.69964133621  1.861140E-18
6690.53911266095  2.001568E-18
6693.37858398569  2.277968E-18
6696.21805531043  1.392553E-18
6699.05752663516  1.368086E-18
6701.8969979599  1.354551E-18
6704.73646928464  1.251473E-18
6707.57594060938  1.163212E-18
6710.41541193411  9.848687E-19
6713.25488325885  1.246814E-18
6716.09435458359  2.094796E-18
6718.93382590833  1.010207E-18
6721.77329723307  9.083247E-19
6724.61276855781  1.771638E-18
6727.45223988254  1.379238E-18
6730.29171120728  1.278531E-18
6733.13118253202  1.250186E-18
6735.97065385676  1.373860E-18
6738.8101251815  1.834823E-18
6741.64959650623  2.185407E-18
6744.48906783097  2.267189E-18
6747.32853915571  2.213196E-18
6750.16801048045  2.246932E-18
6753.00748180518  2.512977E-18
6755.84695312992  2.210694E-18
6758.68642445466  1.669894E-18
6761.5258957794  1.735985E-18
6764.36536710414  1.616254E-18
6767.20483842887  1.433681E-18
6770.04430975361  1.592647E-18
6772.88378107835  2.098050E-18
6775.72325240309  2.450942E-18
6778.56272372783  2.173423E-18
6781.40219505256  1.970958E-18
6784.2416663773  1.786813E-18
6787.08113770204  1.308285E-18
6789.92060902678  1.740662E-18
6792.76008035152  1.956087E-18
6795.59955167626  1.647453E-18
6798.43902300099  1.946216E-18
6801.27849432573  2.201927E-18
6804.11796565047  2.024923E-18
6806.95743697521  2.445156E-18
6809.79690829994  2.016208E-18
6812.63637962468  1.703774E-18
6815.47585094942  9.151907E-19
6818.31532227416  7.010438E-19
6821.1547935989  1.369800E-17
6823.99426492363  1.734770E-17
6826.83373624837  4.620659E-18
6829.67320757311  9.424467E-19
6832.51267889785  3.084656E-18
6835.35215022259  1.977958E-18
6838.19162154732  2.566972E-18
6841.03109287206  3.097438E-18
6843.8705641968  1.111887E-18
6846.71003552154  9.222687E-19
6849.54950684628  1.628452E-18
6852.38897817101  2.621955E-18
6855.22844949575  1.690278E-18
6858.06792082049  9.975578E-19
6860.90739214523  1.372474E-18
6863.74686346997  4.619077E-19
6866.5863347947  1.962643E-18
6869.42580611944  1.272854E-18
6872.26527744418  2.676272E-18
6875.10474876892  1.704477E-18
6877.94422009366  2.327807E-18
6880.78369141839  1.804885E-18
6883.62316274313  1.918912E-18
6886.46263406787  1.469742E-18
6889.30210539261  1.940496E-18
6892.14157671735  1.185260E-18
6894.98104804208  1.072592E-18
6897.82051936682  2.593012E-18
6900.65999069156  1.897281E-18
6903.4994620163  2.463902E-18
6906.33893334104  1.362332E-18
6909.17840466578  2.203838E-18
6912.01787599051  1.961095E-18
6914.85734731525  1.851782E-18
6917.69681863999  7.089175E-19
6920.53628996473  2.699799E-18
6923.37576128947  1.390424E-18
6926.2152326142  2.589688E-18
6929.05470393894  2.805217E-18
6931.89417526368  1.807842E-18
6934.73364658842  1.932924E-18
6937.57311791316  2.392997E-18
6940.41258923789  8.620689E-19
6943.25206056263  2.161182E-18
6946.09153188737  1.914366E-18
6948.93100321211  3.151396E-18
6951.77047453684  1.425825E-18
6954.60994586158  1.814693E-18
6957.44941718632  3.044290E-18
6960.28888851106  3.658879E-19
6963.1283598358  2.366580E-18
6965.96783116054  1.769006E-18
6968.80730248527  1.280965E-18
6971.64677381001  1.761128E-18
6974.48624513475  2.167754E-18
6977.32571645949  1.970046E-18
6980.16518778423  1.610331E-18
6983.00465910896  2.553475E-18
6985.8441304337  1.451220E-18
6988.68360175844  1.847266E-18
6991.52307308318  2.359635E-18
6994.36254440792  7.394870E-19
6997.20201573265  2.571306E-18
7000.04148705739  2.399190E-18
7002.88095838213  3.226990E-18
7005.72042970687  2.937128E-18
7008.5599010316  2.512368E-18
7011.39937235634  2.892200E-18
7014.23884368108  1.693306E-18
7017.07831500582  1.782102E-18
7019.91778633056  2.504069E-18
7022.75725765529  1.473746E-18
7025.59672898003  1.958096E-18
7028.43620030477  2.155984E-18
7031.27567162951  1.396980E-18
7034.11514295425  2.320484E-18
7036.95461427899  2.021132E-18
7039.79408560372  2.798747E-18
7042.63355692846  2.141481E-18
7045.4730282532  1.383334E-18
7048.31249957794  1.719071E-18
7051.15197090268  2.243108E-18
7053.99144222741  1.043414E-18
7056.83091355215  1.736512E-18
7059.67038487689  2.285548E-18
7062.50985620162  2.381723E-18
7065.34932752636  2.607801E-18
7068.1887988511  2.471664E-18
7071.02827017584  2.021355E-18
7073.86774150058  2.600670E-18
7076.70721282532  1.464599E-18
7079.54668415005  1.043443E-18
7082.38615547479  2.291826E-18
7085.22562679953  2.088806E-18
7088.06509812427  2.590999E-18
7090.90456944901  3.365778E-18
7093.74404077374  3.014462E-18
7096.58351209848  6.121366E-18
7099.42298342322  8.972913E-18
7102.26245474796  4.263879E-18
7105.1019260727  1.804305E-18
7107.94139739743  2.494797E-18
7110.78086872217  2.441361E-18
7113.62034004691  2.043377E-18
7116.45981137165  2.187497E-18
7119.29928269639  2.142659E-18
7122.13875402112  2.103706E-18
7124.97822534586  2.425692E-18
7127.8176966706  3.032559E-18
7130.65716799534  2.113419E-18
7133.49663932008  2.689820E-18
7136.33611064481  2.122278E-18
7139.17558196955  2.683303E-18
7142.01505329429  2.009924E-18
7144.85452461903  2.577834E-18
7147.69399594377  3.084686E-18
7150.5334672685  2.201651E-18
7153.37293859324  1.451893E-18
7156.21240991798  1.340130E-18
7159.05188124272  2.060364E-18
7161.89135256746  1.735183E-18
7164.73082389219  2.019061E-18
7167.57029521693  3.022796E-18
7170.40976654167  1.983012E-18
7173.24923786641  2.124398E-18
7176.08870919115  2.362029E-18
7178.92818051588  1.897984E-18
7181.76765184062  1.684272E-18
7184.60712316536  1.924245E-18
7187.4465944901  2.871994E-18
7190.28606581484  2.221768E-18
7193.12553713957  1.879295E-18
7195.96500846431  2.008788E-18
7198.80447978905  2.544752E-18
7201.64395111379  1.859633E-18
7204.48342243853  1.520788E-18
7207.32289376327  1.708957E-18
7210.162365088  2.045350E-18
7213.00183641274  2.358550E-18
7215.84130773748  2.527709E-18
7218.68077906222  1.991824E-18
7221.52025038695  1.886496E-18
7224.35972171169  1.019949E-18
7227.19919303643  -1.104971E-18
7230.03866436117  2.340793E-20
7232.87813568591  3.227259E-18
7235.71760701064  2.461856E-18
7238.55707833538  3.518411E-18
7241.39654966012  2.593443E-18
7244.23602098486  1.716096E-18
7247.0754923096  1.826075E-18
7249.91496363433  4.083146E-18
7252.75443495907  1.244614E-18
7255.59390628381  5.312032E-18
7258.43337760855  1.092493E-18
7261.27284893329  1.600434E-19
7264.11232025803  1.933163E-18
7266.95179158276  1.438709E-18
7269.7912629075  1.750836E-18
7272.63073423224  2.270665E-18
7275.47020555698  2.433460E-18
7278.30967688171  2.123892E-18
7281.14914820645  1.736496E-19
7283.98861953119  6.079494E-19
7286.82809085593  3.271185E-18
7289.66756218067  1.375875E-18
7292.5070335054  1.007975E-18
7295.34650483014  4.337968E-18
7298.18597615488  1.985754E-18
7301.02544747962  1.094536E-18
7303.86491880436  3.020327E-18
7306.70439012909  2.588425E-18
7309.54386145383  2.789100E-18
7312.38333277857  1.207624E-18
7315.22280410331  2.517034E-18
7318.06227542805  2.367974E-18
7320.90174675278  2.385596E-18
7323.74121807752  -1.804158E-18
7326.58068940226  3.520457E-18
7329.420160727  2.946736E-18
7332.25963205174  2.840595E-18
7335.09910337647  1.355141E-18
7337.93857470121  2.434197E-18
7340.77804602595  3.578713E-18
7343.61751735069  3.682731E-18
7346.45698867543  2.109686E-18
7349.29646000016  2.804909E-18
7352.1359313249  2.188294E-18
7354.97540264964  1.683818E-18
7357.81487397438  2.925610E-18
7360.65434529912  3.629070E-18
7363.49381662385  2.068079E-18
7366.33328794859  2.106038E-18
7369.17275927333  3.437793E-18
7372.01223059807  3.798186E-18
7374.8517019228  1.930970E-18
7377.69117324754  1.245371E-18
7380.53064457228  3.720932E-18
7383.37011589702  2.770337E-18
7386.20958722176  5.738621E-19
7389.0490585465  1.394295E-18
7391.88852987123  2.842547E-18
7394.72800119597  2.552626E-18
7397.56747252071  1.579137E-18
7400.40694384545  1.362712E-18
7403.24641517019  2.677619E-18
7406.08588649492  2.700622E-18
7408.92535781966  2.041096E-18
7411.7648291444  3.213199E-18
7414.60430046914  1.680651E-18
7417.44377179388  2.233077E-18
7420.28324311861  3.191421E-18
7423.12271444335  2.244852E-18
7425.96218576809  2.417989E-18
7428.80165709283  2.404760E-18
7431.64112841756  2.961887E-18
7434.4805997423  2.689114E-18
7437.32007106704  1.920509E-18
7440.15954239178  2.489931E-18
7442.99901371652  2.341228E-18
7445.83848504126  1.956786E-18
7448.67795636599  2.302220E-18
7451.51742769073  2.044606E-18
7454.35689901547  2.267493E-18
7457.19637034021  1.891339E-18
7460.03584166495  2.331921E-18
7462.87531298968  2.223390E-18
7465.71478431442  2.312776E-18
7468.55425563916  1.833522E-18
7471.3937269639  2.033374E-18
7474.23319828864  3.025892E-18
7477.07266961337  2.832375E-18
7479.91214093811  2.473071E-18
7482.75161226285  2.501632E-18
7485.59108358759  2.904080E-18
7488.43055491232  2.466802E-18
7491.27002623706  2.342765E-18
7494.1094975618  1.834953E-18
7496.94896888654  2.438381E-18
7499.78844021128  3.144323E-18
7502.62791153602  2.688930E-18
7505.46738286075  3.035672E-18
7508.30685418549  1.678220E-18
7511.14632551023  2.411432E-18
7513.98579683497  3.455337E-18
7516.82526815971  3.013960E-18
7519.66473948444  3.080044E-18
7522.50421080918  2.916193E-18
7525.34368213392  2.106015E-18
7528.18315345866  1.494429E-18
7531.0226247834  2.651891E-18
7533.86209610813  2.200232E-18
7536.70156743287  1.667722E-17
7539.54103875761  2.905829E-17
7542.38051008235  1.127766E-17
7545.21998140708  2.451739E-18
7548.05945273182  2.476219E-18
7550.89892405656  2.477968E-18
7553.7383953813  3.511276E-18
7556.57786670604  2.386916E-18
7559.41733803078  2.330671E-18
7562.25680935551  2.595508E-18
7565.09628068025  3.374746E-18
7567.93575200499  2.717950E-18
7570.77522332973  2.834437E-18
7573.61469465447  2.457911E-18
7576.4541659792  1.849471E-18
7579.29363730394  1.579605E-18
7582.13310862868  9.979200E-19
7584.97257995342  1.704884E-18
7587.81205127815  2.133271E-18
7590.65152260289  2.047584E-18
7593.49099392763  9.444457E-19
7596.33046525237  1.455795E-18
7599.16993657711  1.445740E-18
7602.00940790184  1.832546E-18
7604.84887922658  1.739969E-18
7607.68835055132  1.281727E-18
7610.52782187606  2.162729E-18
7613.3672932008  1.003041E-18
7616.20676452554  1.024706E-18
7619.04623585027  1.204017E-18
7621.88570717501  2.204906E-18
7624.72517849975  2.034678E-18
7627.56464982449  8.318140E-19
7630.40412114923  1.743100E-18
7633.24359247396  1.013375E-18
7636.0830637987  3.362047E-18
7638.92253512344  1.944612E-18
7641.76200644818  1.955714E-18
7644.60147777291  2.470083E-18
7647.44094909765  2.431660E-18
7650.28042042239  3.091372E-18
7653.11989174713  1.344919E-18
7655.95936307187  2.000169E-18
7658.7988343966  2.489256E-18
7661.63830572134  1.965458E-18
7664.47777704608  2.404749E-18
7667.31724837082  1.025216E-18
7670.15671969556  1.814036E-18
7672.99619102029  2.655997E-18
7675.83566234503  2.528342E-18
7678.67513366977  2.501447E-18
7681.51460499451  2.693621E-18
7684.35407631925  2.717386E-18
7687.19354764399  2.316489E-18
7690.03301896872  2.346287E-18
7692.87249029346  -3.014551E-18
7695.7119616182  4.523010E-18
7698.55143294294  2.446561E-18
7701.39090426767  2.624707E-18
7704.23037559241  2.421861E-18
7707.06984691715  6.677618E-18
7709.90931824189  6.625533E-18
7712.74878956663  1.730629E-18
7715.58826089136  3.323097E-18
7718.4277322161  5.623105E-18
7721.26720354084  -2.996360E-19
7724.10667486558  6.309194E-18
7726.94614619032  -2.533438E-18
7729.78561751505  7.425783E-19
7732.62508883979  7.164723E-18
7735.46456016453  3.092601E-18
7738.30403148927  2.644892E-18
7741.14350281401  4.150370E-19
7743.98297413875  4.329077E-18
7746.82244546348  1.942034E-18
7749.66191678822  1.393090E-18
7752.50138811296  5.064424E-18
7755.3408594377  4.497526E-18
7758.18033076243  9.325819E-18
7761.01980208717  -6.592257E-18
7763.85927341191  4.816663E-18
7766.69874473665  5.109074E-18
7769.53821606139  3.387210E-19
7772.37768738612  3.598058E-18
7775.21715871086  -3.686256E-18
7778.0566300356  8.063489E-18
7780.89610136034  3.642554E-18
7783.73557268508  2.485520E-18
7786.57504400981  4.499294E-18
7789.41451533455  5.008207E-19
7792.25398665929  5.663176E-18
7795.09345798403  1.957427E-18
7797.93292930877  4.343903E-18
7800.7724006335  5.046871E-18
7803.61187195824  -2.651639E-18
7806.45134328298  4.359190E-18
7809.29081460772  1.376203E-18
7812.13028593246  2.791604E-18
7814.96975725719  3.701687E-18
7817.80922858193  -1.632120E-19
7820.64869990667  2.551965E-18
7823.48817123141  6.169668E-19
7826.32764255615  2.971531E-18
7829.16711388088  7.453459E-18
7832.00658520562  -2.385670E-18
7834.84605653036  -1.498389E-18
7837.6855278551  5.183645E-18
7840.52499917984  2.366438E-18
7843.36447050457  2.574256E-18
7846.20394182931  2.221112E-18
7849.04341315405  4.727465E-18
7851.88288447879  -4.797782E-19
7854.72235580353  3.827549E-18
7857.56182712826  7.070842E-19
7860.401298453  5.289359E-18
7863.24076977774  -5.747524E-19
7866.08024110248  3.405837E-18
7868.91971242722  3.591737E-18
7871.75918375195  3.464756E-19
7874.59865507669  4.462605E-18
7877.43812640143  4.477110E-18
7880.27759772617  3.232372E-19
7883.11706905091  3.893802E-19
7885.95654037564  2.721248E-18
7888.79601170038  2.505975E-18
7891.63548302512  1.896839E-18
7894.47495434986  -1.518723E-18
7897.3144256746  7.136605E-18
7900.15389699933  8.981462E-19
7902.99336832407  2.165418E-18
7905.83283964881  5.422353E-18
7908.67231097355  6.511404E-18
7911.51178229829  2.633714E-18
7914.35125362302  3.051077E-18
7917.19072494776  2.999678E-18
7920.0301962725  2.185005E-18
7922.86966759724  4.520403E-18
7925.70913892198  4.015503E-18
7928.54861024672  5.175617E-18
7931.38808157145  1.745403E-18
7934.22755289619  2.902074E-18
7937.06702422093  2.091902E-18
7939.90649554567  4.654341E-18
7942.74596687041  3.123286E-18
7945.58543819514  1.763806E-18
7948.42490951988  3.907322E-18
7951.26438084462  2.176566E-18
7954.10385216936  3.898699E-18
7956.9433234941  6.026825E-18
7959.78279481883  5.629415E-18
7962.62226614357  3.673308E-18
7965.46173746831  2.196986E-18
7968.30120879305  1.839755E-18
7971.14068011778  1.400305E-18
7973.98015144252  4.073387E-18
7976.81962276726  7.639317E-19
7979.659094092  4.002662E-19
7982.49856541674  1.055665E-18
7985.33803674147  1.624947E-18
7988.17750806621  4.022043E-18
7991.01697939095  3.433146E-18
7993.85645071569  3.657933E-18
7996.69592204043  8.421459E-19
7999.53539336517  -7.140220E-19
8002.3748646899  6.801616E-18
8005.21433601464  4.924109E-18
8008.05380733938  8.288412E-19
8010.89327866412  2.971965E-18
8013.73274998885  2.955446E-18
8016.57222131359  2.741516E-18
8019.41169263833  2.072251E-18
8022.25116396307  2.601801E-18
8025.09063528781  2.623928E-18
8027.93010661254  1.573742E-18
8030.76957793728  1.289735E-18
8033.60904926202  1.913747E-18
8036.44852058676  3.769572E-18
8039.2879919115  4.025185E-18
8042.12746323623  5.188284E-18
8044.96693456097  1.143482E-18
8047.80640588571  2.738805E-18
8050.64587721045  4.654378E-18
8053.48534853519  4.800045E-18
8056.32481985992  2.773620E-18
8059.16429118466  3.132342E-18
8062.0037625094  3.744907E-18
8064.84323383414  2.972612E-18
8067.68270515888  2.921807E-18
8070.52217648361  2.255371E-18
8073.36164780835  3.180932E-18
8076.20111913309  2.940899E-18
8079.04059045783  3.541810E-18
8081.88006178257  3.342890E-18
8084.7195331073  2.103237E-18
8087.55900443204  1.986082E-18
8090.39847575678  2.555488E-18
8093.23794708152  2.483554E-18
8096.07741840626  2.136439E-18
8098.91688973099  3.116766E-18
8101.75636105573  2.719227E-18
8104.59583238047  2.073318E-18
8107.43530370521  2.989235E-18
8110.27477502995  1.732200E-18
8113.11424635468  3.536463E-18
8115.95371767942  3.218935E-18
8118.79318900416  3.166397E-18
8121.6326603289  3.464179E-18
8124.47213165364  2.495510E-18
8127.31160297837  3.683427E-18
8130.15107430311  3.232268E-18
8132.99054562785  4.059774E-18
8135.83001695259  2.311134E-18
8138.66948827733  2.809971E-18
8141.50895960206  3.414471E-18
8144.3484309268  3.194180E-18
8147.18790225154  2.463452E-18
8150.02737357628  2.969386E-18
8152.86684490102  4.270427E-18
8155.70631622575  3.169425E-18
8158.54578755049  3.440107E-18
8161.38525887523  3.669835E-18
8164.22473019997  2.883950E-18
8167.06420152471  1.995561E-18
8169.90367284944  2.427745E-18
8172.74314417418  2.732518E-18
8175.58261549892  3.141079E-18
8178.42208682366  3.621720E-18
8181.2615581484  2.631410E-18
8184.10102947313  2.606031E-18
8186.94050079787  3.492401E-18
8189.77997212261  3.128883E-18
8192.61944344735  3.007869E-18
8195.45891477209  3.110447E-18
8198.29838609682  3.486410E-18
8201.13785742156  2.672767E-18
8203.9773287463  3.121604E-18
8206.81680007104  4.346390E-18
8209.65627139578  3.929292E-18
8212.49574272052  2.958335E-18
8215.33521404525  2.394895E-18
8218.17468536999  2.805020E-18
8221.01415669473  3.423838E-18
8223.85362801947  3.146937E-18
8226.69309934421  3.241945E-18
8229.53257066894  3.572027E-18
8232.37204199368  3.160920E-18
8235.21151331842  2.960924E-18
8238.05098464316  3.446498E-18
8240.8904559679  4.041886E-18
8243.72992729263  4.486841E-18
8246.56939861737  3.430881E-18
8249.40886994211  2.900472E-18
8252.24834126685  3.128620E-18
8255.08781259158  4.420493E-18
8257.92728391632  3.333386E-18
8260.76675524106  2.036954E-18
8263.6062265658  2.873455E-18
8266.44569789054  7.024315E-19
8269.28516921527  4.288623E-19
8272.12464054001  1.269631E-18
8274.96411186475  4.016497E-18
8277.80358318949  3.334676E-18
8280.64305451423  2.456294E-18
8283.48252583896  1.043317E-18
8286.3219971637  1.463503E-18
8289.16146848844  2.464177E-18
8292.00093981318  2.248539E-18
8294.84041113792  4.474604E-18
8297.67988246265  4.087058E-18
8300.51935378739  3.821875E-18
8303.35882511213  3.307868E-18
8306.19829643687  5.369475E-18
8309.03776776161  4.124683E-18
8311.87723908634  2.443344E-18
8314.71671041108  2.013501E-18
8317.55618173582  4.483878E-18
8320.39565306056  4.144067E-18
8323.2351243853  7.963254E-18
8326.07459571004  -2.413719E-18
8328.91406703477  -5.148564E-18
8331.75353835951  6.339091E-19
8334.59300968425  -1.738618E-18
8337.43248100899  6.339175E-19
8340.27195233372  2.211410E-18
8343.11142365846  3.690273E-18
8345.9508949832  4.743410E-18
8348.79036630794  -1.669813E-18
8351.62983763268  6.986104E-18
8354.46930895741  4.545887E-18
8357.30878028215  -7.999134E-19
8360.14825160689  6.295121E-18
8362.98772293163  2.952355E-18
8365.82719425637  2.848287E-18
8368.6666655811  3.805328E-18
8371.50613690584  3.523234E-18
8374.34560823058  3.965848E-18
8377.18507955532  7.766081E-18
8380.02455088006  -2.552837E-18
8382.86402220479  -2.072079E-18
8385.70349352953  8.954574E-19
8388.54296485427  -8.411872E-19
8391.38243617901  1.873490E-18
8394.22190750375  5.098436E-18
8397.06137882848  1.398063E-18
8399.90085015322  3.014447E-18
8402.74032147796  6.185751E-18
8405.5797928027  -3.583004E-20
8408.41926412744  1.423026E-17
8411.25873545217  7.328860E-19
8414.09820677691  3.155261E-18
8416.93767810165  4.686026E-18
8419.77714942639  1.719144E-18
8422.61662075112  2.697838E-18
8425.45609207586  1.557062E-18
8428.2955634006  5.985122E-19
8431.13503472534  2.795144E-18
8433.97450605008  3.064332E-18
8436.81397737482  -4.297290E-18
8439.65344869955  4.781212E-18
8442.49292002429  -4.032061E-19
8445.33239134903  8.671418E-18
8448.17186267377  2.414382E-18
8451.01133399851  -8.813801E-20
8453.85080532324  1.042090E-18
8456.69027664798  3.054921E-18
8459.52974797272  1.842873E-18
8462.36921929746  1.251980E-18
8465.2086906222  1.849975E-18
8468.04816194693  5.723416E-18
8470.88763327167  -1.258036E-18
8473.72710459641  4.207602E-18
8476.56657592115  2.370670E-18
8479.40604724588  3.400176E-18
8482.24551857062  1.174284E-19
8485.08498989536  5.486177E-18
8487.9244612201  5.971287E-18
8490.76393254484  3.216894E-18
8493.60340386957  3.791474E-18
8496.44287519431  4.688057E-18
8499.28234651905  4.562371E-18
8502.12181784379  4.363408E-18
8504.96128916853  2.614197E-18
8507.80076049327  4.401407E-18
8510.640231818  3.961464E-18
8513.47970314274  3.202311E-18
8516.31917446748  1.899083E-18
8519.15864579222  4.426929E-18
8521.99811711696  3.859437E-18
8524.83758844169  2.529072E-18
8527.67705976643  2.566802E-18
8530.51653109117  2.237551E-18
8533.35600241591  3.638340E-18
8536.19547374064  2.746251E-18
8539.03494506538  4.012909E-18
8541.87441639012  5.129322E-18
8544.71388771486  3.631922E-18
8547.5533590396  3.430229E-18
8550.39283036433  2.418336E-18
8553.23230168907  3.630059E-18
8556.07177301381  4.213318E-18
8558.91124433855  2.330000E-18
8561.75071566329  3.512142E-18
8564.59018698802  4.589022E-18
8567.42965831277  4.115085E-18
8570.2691296375  3.060112E-18
8573.10860096224  4.749322E-18
8575.94807228698  4.526446E-18
8578.78754361172  3.416272E-18
8581.62701493645  3.608713E-18
8584.46648626119  2.748492E-18
8587.30595758593  3.347998E-18
8590.14542891067  3.291330E-18
8592.9849002354  3.879101E-18
8595.82437156014  4.662980E-18
8598.66384288488  4.653656E-18
8601.50331420962  4.202281E-18
8604.34278553436  4.279605E-18
8607.18225685909  2.225344E-18
8610.02172818383  1.463335E-18
8612.86119950857  2.439114E-18
8615.70067083331  9.461789E-19
8618.54014215805  1.821220E-18
8621.37961348278  1.252450E-18
8624.21908480752  1.968215E-18
8627.05855613226  3.311198E-18
8629.898027457  1.320411E-18
8632.73749878174  1.627197E-18
8635.57697010647  2.394308E-18
8638.41644143121  3.893175E-18
8641.25591275595  5.222327E-18
8644.09538408069  4.274863E-18
8646.93485540543  5.396863E-18
8649.77432673016  4.241480E-18
8652.6137980549  2.599133E-18
8655.45326937964  1.541762E-20
8658.29274070438  1.292486E-18
8661.13221202912  4.691767E-18
8663.97168335385  3.128227E-18
8666.81115467859  5.853008E-18
8669.65062600333  3.133620E-18
8672.49009732807  2.897948E-18
8675.32956865281  3.620979E-18
8678.16903997754  1.536280E-18
8681.00851130228  3.417389E-18
8683.84798262702  1.894984E-18
8686.68745395176  3.329544E-18
8689.5269252765  2.080830E-18
8692.36639660123  3.877628E-18
8695.20586792597  3.504734E-18
8698.04533925071  3.425532E-18
8700.88481057545  2.796190E-18
8703.72428190019  2.628167E-18
8706.56375322492  3.301340E-18
8709.40322454966  3.022065E-18
8712.2426958744  3.327855E-18
8715.08216719914  2.867507E-18
8717.92163852388  2.676841E-18
8720.76110984861  3.504836E-18
8723.60058117335  3.052774E-18
8726.44005249809  2.444266E-18
8729.27952382283  3.496426E-18
8732.11899514757  3.007720E-18
8734.9584664723  3.979683E-18
8737.79793779704  9.081485E-19
8740.63740912178  2.250372E-18
8743.47688044652  9.571058E-18
8746.31635177126  -2.571246E-18
8749.155823096  -2.287849E-18
8751.99529442073  1.815857E-18
8754.83476574547  3.294908E-18
8757.67423707021  -2.210325E-18
8760.51370839495  4.980763E-18
8763.35317971969  1.787919E-19
8766.19265104442  4.526319E-18
8769.03212236916  7.668127E-18
8771.8715936939  -7.684978E-18
8774.71106501864  1.048012E-17
8777.55053634338  -1.621428E-18
8780.39000766811  -6.793328E-20
8783.22947899285  8.291758E-19
8786.06895031759  8.344373E-18
8788.90842164232  8.932614E-19
8791.74789296706  2.949169E-18
8794.5873642918  1.776341E-18
8797.42683561654  1.828503E-18
8800.26630694128  3.905985E-18
8803.10577826602  9.005931E-18
8805.94524959075  1.427414E-17
8808.78472091549  -1.281628E-17
8811.62419224023  7.120263E-18
8814.46366356497  8.647444E-18
8817.30313488971  5.464859E-18
8820.14260621444  7.906620E-18
8822.98207753918  5.076993E-18
8825.82154886392  2.464416E-18
8828.66102018866  1.732809E-18
8831.5004915134  -5.276789E-18
8834.33996283813  1.704500E-18
8837.17943416287  1.425023E-17
8840.01890548761  4.658528E-18
8842.85837681235  5.651746E-19
8845.69784813709  7.022953E-18
8848.53731946182  4.389576E-18
8851.37679078656  5.792656E-19
8854.2162621113  4.389790E-18
8857.05573343604  1.367552E-18
8859.89520476078  2.493907E-18
8862.73467608551  2.925433E-18
8865.57414741025  7.764677E-18
8868.41361873499  -4.191016E-18
8871.25309005973  -2.119704E-18
8874.09256138447  -4.218162E-18
8876.9320327092  -3.938498E-18
8879.77150403394  -1.310124E-18
8882.61097535868  -1.671472E-18
8885.45044668342  4.487164E-18
8888.28991800816  -2.096260E-18
8891.1293893329  1.159015E-17
8893.96886065763  -1.729162E-17
8896.80833198237  -6.858409E-19
8899.64780330711  2.221884E-18
8902.48727463185  1.068998E-17
8905.32674595658  5.012792E-18
8908.16621728132  9.341261E-18
8911.00568860606  -5.797797E-18
8913.8451599308  5.529974E-18
8916.68463125554  6.255088E-18
8919.52410258027  7.557522E-18
8922.36357390501  -2.046623E-18
8925.20304522975  2.108372E-17
8928.04251655449  -1.489763E-17
8930.88198787923  1.527643E-18
8933.72145920396  3.449235E-18
8936.5609305287  -1.609126E-18
8939.40040185344  7.697207E-18
8942.23987317818  6.076501E-18
8945.07934450292  5.089857E-18
8947.91881582765  4.235822E-18
8950.75828715239  4.886364E-18
8953.59775847713  3.566219E-18
8956.43722980187  5.181556E-18
8959.27670112661  5.292341E-18
8962.11617245134  -3.991994E-18
8964.95564377608  1.013095E-17
8967.79511510082  -4.485554E-20
8970.63458642556  1.628215E-18
8973.4740577503  2.984299E-18
8976.31352907503  2.724433E-18
8979.15300039977  5.794399E-18
8981.99247172451  -7.141488E-19
8984.83194304925  8.069084E-19
8987.67141437399  1.653392E-18
8990.51088569873  -1.683142E-19
8993.35035702346  -1.750402E-18
8996.1898283482  4.650669E-18
8999.02929967294  2.624084E-18
9001.86877099767  1.350293E-18
9004.70824232241  1.465945E-18
9007.54771364715  -1.670500E-18
9010.38718497189  6.534424E-18
9013.22665629663  3.181374E-18
9016.06612762137  3.184583E-18
9018.9055989461  2.425299E-18
9021.74507027084  2.554527E-18
9024.58454159558  3.443793E-18
9027.42401292032  3.520719E-18
9030.26348424506  4.809676E-18
9033.10295556979  2.745010E-19
9035.94242689453  2.513718E-18
9038.78189821927  2.517367E-18
9041.62136954401  3.833659E-18
9044.46084086875  -1.235533E-18
9047.30031219348  -3.404365E-19
9050.13978351822  2.193598E-18
9052.97925484296  2.124764E-18
9055.8187261677  -1.086779E-18
9058.65819749244  2.990608E-18
9061.49766881717  1.266965E-18
9064.33714014191  2.348800E-18
9067.17661146665  4.183062E-18
9070.01608279139  2.025957E-18
9072.85555411613  3.433353E-18
9075.69502544086  2.041139E-18
9078.5344967656  1.273993E-18
9081.37396809034  1.090382E-18
9084.21343941508  4.938942E-18
9087.05291073982  2.662655E-18
9089.89238206455  2.532188E-18
9092.73185338929  1.854685E-18
9095.57132471403  1.200728E-18
9098.41079603877  1.220461E-18
9101.25026736351  1.026007E-18
9104.08973868825  1.560747E-18
9106.92921001298  1.033266E-18
9109.76868133772  3.354615E-18
9112.60815266246  2.445728E-18
9115.4476239872  2.474440E-18
9118.28709531193  3.302263E-18
9121.12656663667  2.642596E-18
9123.96603796141  2.801618E-18
9126.80550928615  3.012399E-18
9129.64498061089  3.184907E-18
9132.48445193562  2.405759E-18
9135.32392326036  2.386091E-18
9138.1633945851  3.720200E-18
9141.00286590984  2.386705E-18
9143.84233723458  1.517893E-18
9146.68180855931  2.073278E-18
9149.52127988405  3.229792E-18
9152.36075120879  3.031563E-18
9155.20022253353  2.102300E-18
9158.03969385827  2.832149E-18
9160.879165183  4.412084E-18
9163.71863650774  4.174706E-18
9166.55810783248  2.377929E-18
9169.39757915722  3.022201E-18
9172.23705048196  3.364911E-18
9175.07652180669  3.239284E-18
9177.91599313143  3.269805E-18
9180.75546445617  2.358992E-18
9183.59493578091  1.674603E-18
9186.43440710565  2.575222E-18
9189.27387843038  3.018322E-18
9192.11334975512  2.499417E-18
9194.95282107986  3.076547E-18
9197.7922924046  1.799049E-18
9200.63176372934  8.200348E-19
9203.47123505407  3.654394E-18
9206.31070637881  3.995233E-18
9209.15017770355  2.446340E-18
9211.98964902829  2.311746E-18
9214.82912035303  2.831602E-18
9217.66859167776  2.993917E-18
9220.5080630025  5.453075E-18
9223.34753432724  4.806749E-18
9226.18700565198  2.555085E-18
9229.02647697672  4.603617E-18
9231.86594830145  4.722105E-18
9234.70541962619  3.531396E-18
9237.54489095093  2.195928E-18
9240.38436227567  3.741497E-18
9243.22383360041  4.926036E-18
9246.06330492514  4.067980E-18
9248.90277624988  3.985315E-18
9251.74224757462  4.312066E-18
9254.58171889936  4.379470E-18
9257.4211902241  4.204889E-18
9260.26066154883  4.360898E-18
9263.10013287357  2.099919E-18
9265.93960419831  1.814008E-18
9268.77907552305  2.448128E-18
9271.61854684779  3.182889E-18
9274.45801817253  8.827248E-19
9277.29748949726  1.824611E-18
9280.136960822  2.511331E-18
9282.97643214674  6.053202E-18
9285.81590347148  1.335888E-17
9288.65537479621  -3.941488E-19
9291.49484612095  2.032264E-17
9294.33431744569  1.997595E-18
9297.17378877043  1.914188E-18
9300.01326009517  4.876468E-18
9302.8527314199  2.478651E-18
9305.69220274464  -1.931750E-17
9308.53167406938  3.566462E-19
9311.37114539412  -4.587432E-18
9314.21061671886  -4.678369E-18
9317.05008804359  1.522204E-18
9319.88955936833  -1.631477E-17
9322.72903069307  -3.125631E-19
9325.56850201781  1.579054E-18
9328.40797334255  -4.619581E-18
9331.24744466728  2.380875E-18
9334.08691599202  6.391897E-18
9336.92638731676  2.158358E-18
9339.7658586415  2.436037E-18
9342.60532996624  1.824390E-18
9345.44480129097  1.118899E-18
9348.28427261571  8.478914E-19
9351.12374394045  -1.674205E-18
9353.96321526519  -1.671666E-17
9356.80268658993  4.808357E-20
9359.64215791466  1.799548E-17
9362.4816292394  -1.562326E-17
9365.32110056414  -7.040816E-18
9368.16057188888  -5.608389E-18
9371.00004321361  -8.380116E-18
9373.83951453835  -7.731396E-18
9376.67898586309  -2.539783E-18
9379.51845718783  -7.987102E-19
9382.35792851257  5.169301E-18
9385.1973998373  3.054455E-18
9388.03687116204  2.658047E-19
9390.87634248678  6.332032E-19
9393.71581381152  6.764221E-19
9396.55528513626  4.612322E-18
9399.394756461  4.639623E-18
9402.23422778573  7.822193E-19
9405.07369911047  1.093618E-18
9407.91317043521  4.478136E-19
9410.75264175995  4.290554E-18
9413.59211308469  1.774208E-18
9416.43158440942  5.380799E-18
9419.27105573416  6.463804E-18
9422.1105270589  -1.117454E-18
9424.94999838364  2.958673E-18
9427.78946970838  3.281874E-18
9430.62894103311  5.895143E-18
9433.46841235785  3.952106E-18
9436.30788368259  4.158201E-18
9439.14735500733  2.025420E-18
9441.98682633206  1.202570E-18
9444.8262976568  -2.183218E-18
9447.66576898154  -3.174504E-18
9450.50524030628  3.402923E-18
9453.34471163102  -2.428493E-18
9456.18418295576  -2.384591E-18
9459.02365428049  9.144618E-18
9461.86312560523  4.529909E-18
9464.70259692997  4.912380E-18
9467.54206825471  -2.641171E-18
9470.38153957945  -1.584624E-19
9473.22101090418  2.257788E-18
9476.06048222892  1.399541E-18
9478.89995355366  1.039432E-20
9481.7394248784  1.132230E-18
9484.57889620314  7.792122E-18
9487.41836752787  -3.480557E-18
9490.25783885261  2.859682E-18
9493.09731017735  1.790924E-18
9495.93678150209  3.660476E-18
9498.77625282683  8.859974E-19
9501.61572415156  -6.932437E-19
9504.4551954763  2.820021E-18
9507.29466680104  1.289505E-19
9510.13413812578  1.439717E-18
9512.97360945052  -7.980918E-19
9515.81308077526  -2.795517E-19
9518.65255209999  7.212254E-19
9521.49202342473  6.283859E-19
9524.33149474947  -2.798690E-19
9527.17096607421  1.862133E-18
9530.01043739895  2.710923E-18
9532.84990872368  2.041774E-18
9535.68938004842  8.351852E-19
9538.52885137316  2.387648E-18
9541.36832269789  1.850610E-18
9544.20779402263  2.187069E-18
9547.04726534737  8.395746E-19
9549.88673667211  -6.756404E-19
9552.72620799685  -4.665474E-19
9555.56567932158  1.204943E-18
9558.40515064632  1.829382E-18
9561.24462197106  -5.601970E-19
9564.0840932958  1.311407E-18
9566.92356462053  -2.112438E-19
9569.76303594528  -1.129099E-18
9572.60250727001  3.011350E-18
9575.44197859475  -1.374254E-18
9578.28144991949  6.653757E-19
9581.12092124423  4.183608E-20
9583.96039256897  6.083492E-19
9586.7998638937  8.964693E-19
9589.63933521844  2.413244E-18
9592.47880654318  2.893299E-18
9595.31827786792  1.822799E-18
9598.15774919266  1.729473E-18
9600.99722051739  -1.608266E-19
9603.83669184213  1.252062E-18
9606.67616316687  6.010845E-19
9609.51563449161  3.347080E-19
9612.35510581635  1.025507E-18
9615.19457714108  9.061141E-19
9618.03404846582  -3.581687E-20
9620.87351979056  3.943819E-19
9623.7129911153  9.120473E-19
9626.55246244004  1.085418E-18
9629.39193376477  2.328927E-18
9632.23140508951  1.915082E-18
9635.07087641425  9.944146E-19
9637.91034773899  5.349405E-19
9640.74981906373  6.006956E-19
9643.58929038846  1.515070E-18
9646.4287617132  1.540434E-18
9649.26823303794  1.958222E-18
9652.10770436268  9.310366E-19
9654.94717568742  6.681797E-19
9657.78664701215  8.642437E-19
9660.62611833689  7.589981E-19
9663.46558966163  5.507050E-19
9666.30506098637  1.249916E-18
9669.14453231111  1.651567E-18
9671.98400363584  1.154894E-18
9674.82347496058  1.636558E-18
9677.66294628532  -4.895591E-19
9680.50241761006  3.213133E-18
9683.34188893479  2.145976E-18
9686.18136025953  1.853797E-18
9689.02083158427  1.016129E-18
9691.86030290901  -7.147998E-19
9694.69977423375  1.178286E-18
9697.53924555848  -1.254945E-18
9700.37871688322  -1.253403E-18
9703.21818820796  7.440209E-19
9706.0576595327  2.739730E-18
9708.89713085744  1.520713E-18
9711.73660218218  3.392213E-19
9714.57607350691  3.745272E-19
9717.41554483165  4.191586E-20
9720.25501615639  3.686608E-19
9723.09448748113  3.404314E-19
9725.93395880587  -1.377631E-19
9728.7734301306  2.075971E-18
9731.61290145534  2.114673E-18
9734.45237278008  1.321068E-18
9737.29184410482  7.197406E-19
9740.13131542955  5.949273E-19
9742.97078675429  9.012886E-19
9745.81025807903  3.257304E-19
9748.64972940377  1.876267E-19
9751.48920072851  1.050967E-18
9754.32867205324  1.945788E-18
9757.16814337798  9.943095E-19
9760.00761470272  1.041056E-18
9762.84708602746  5.497717E-19
9765.6865573522  8.455685E-19
9768.52602867693  4.425821E-19
9771.36550000167  -1.158146E-18
9774.20497132641  2.209028E-18
9777.04444265115  1.382640E-18
9779.88391397589  1.358888E-18
9782.72338530063  2.876632E-18
9785.56285662536  -8.343759E-19
9788.4023279501  8.778747E-19
9791.24179927484  2.726233E-18
9794.08127059958  3.600065E-18
9796.92074192431  1.925833E-18
9799.76021324905  2.887691E-18
9802.59968457379  8.666776E-19
9805.43915589853  -1.336782E-18
9808.27862722327  1.370411E-18
9811.118098548  9.184691E-19
9813.95756987274  2.845257E-19
9816.79704119748  1.103004E-18
9819.63651252222  1.392962E-18
9822.47598384696  1.466692E-18
9825.31545517169  3.751934E-19
9828.15492649643  5.676251E-20
9830.99439782117  -2.662853E-19
9833.83386914591  1.174990E-18
9836.67334047065  1.262127E-18
9839.51281179538  1.838106E-18
9842.35228312012  6.120779E-19
9845.19175444486  1.022886E-19
9848.0312257696  1.295728E-18
9850.87069709434  -1.122984E-18
9853.71016841907  8.070440E-19
9856.54963974381  6.750653E-19
9859.38911106855  -3.591217E-19
9862.22858239329  -1.233834E-18
9865.06805371803  2.525130E-19
9867.90752504276  -6.722176E-19
9870.7469963675  -1.477484E-18
9873.58646769224  -2.230975E-18
9876.42593901698  -3.969749E-18
9879.26541034172  -2.497521E-18
9882.10488166645  -2.450797E-18
