 93.0 5500.00 .4752679E-09
 93.0 5510.00 .4919306E-09
 93.0 5520.00 .4999678E-09
 93.0 5530.00 .5021713E-09
 93.0 5540.00 .4760919E-09
 93.0 5550.00 .4786006E-09
 93.0 5560.00 .4701375E-09
 93.0 5570.00 .4667048E-09
 93.0 5580.00 .4629108E-09
 93.0 5590.00 .4218961E-09
 93.0 5600.00 .4076342E-09
 93.0 5610.00 .3839118E-09
 93.0 5620.00 .3554421E-09
 93.0 5630.00 .3361593E-09
 93.0 5640.00 .3205090E-09
 93.0 5650.00 .2977292E-09
 93.0 5660.00 .2773679E-09
 93.0 5670.00 .2598317E-09
 93.0 5680.00 .2350391E-09
 93.0 5690.00 .2306775E-09
 93.0 5700.00 .2253947E-09
 93.0 5710.00 .2371361E-09
 93.0 5720.00 .2383758E-09
 93.0 5730.00 .2482493E-09
 93.0 5740.00 .2654600E-09
 93.0 5750.00 .2672364E-09
 93.0 5760.00 .2783781E-09
 93.0 5770.00 .2817477E-09
 93.0 5780.00 .3093802E-09
 93.0 5790.00 .3368654E-09
 93.0 5800.00 .3485087E-09
 93.0 5810.00 .3738019E-09
 93.0 5820.00 .3935256E-09
 93.0 5830.00 .4195113E-09
 93.0 5840.00 .4192313E-09
 93.0 5850.00 .4332323E-09
 93.0 5860.00 .4358878E-09
 93.0 5870.00 .4561818E-09
 93.0 5880.00 .4450762E-09
 93.0 5890.00 .4106214E-09
 93.0 5900.00 .3153603E-09
 93.0 5910.00 .3846136E-09
 93.0 5920.00 .3938486E-09
 93.0 5930.00 .3885570E-09
 93.0 5940.00 .3460422E-09
 93.0 5950.00 .3363778E-09
 93.0 5960.00 .3248351E-09
 93.0 5970.00 .3162279E-09
 93.0 5980.00 .2994671E-09
 93.0 5990.00 .2953887E-09
 93.0 6000.00 .2907472E-09
 93.0 6010.00 .2686217E-09
 93.0 6020.00 .2736525E-09
 93.0 6030.00 .2692916E-09
 93.0 6040.00 .2706130E-09
 93.0 6050.00 .2705234E-09
 93.0 6060.00 .2825229E-09
 93.0 6070.00 .2937951E-09
 93.0 6080.00 .2905423E-09
 93.0 6090.00 .2971084E-09
 93.0 6100.00 .2845774E-09
 93.0 6110.00 .2879284E-09
 93.0 6120.00 .2870749E-09
 93.0 6130.00 .2774373E-09
 93.0 6140.00 .2824416E-09
 93.0 6150.00 .3030535E-09
 93.0 6160.00 .2957077E-09
 93.0 6170.00 .2867651E-09
 93.0 6180.00 .2705230E-09
 93.0 6190.00 .2742612E-09
 93.0 6200.00 .2775831E-09
 93.0 6210.00 .2699027E-09
 93.0 6220.00 .2635684E-09
 93.0 6230.00 .2763561E-09
 93.0 6240.00 .2735985E-09
 93.0 6250.00 .2673278E-09
 93.0 6260.00 .2816139E-09
 93.0 6270.00 .2688076E-09
 93.0 6280.00 .2561042E-09
 93.0 6290.00 .2513138E-09
 93.0 6300.00 .2501698E-09
 93.0 6310.00 .2450889E-09
 93.0 6320.00 .2464547E-09
 93.0 6330.00 .2469835E-09
 93.0 6340.00 .2533948E-09
 93.0 6350.00 .2655025E-09
 93.0 6360.00 .2766650E-09
 93.0 6370.00 .2834490E-09
 93.0 6380.00 .3004708E-09
 93.0 6390.00 .3067162E-09
 93.0 6400.00 .3245701E-09
 93.0 6410.00 .3397861E-09
 93.0 6420.00 .3483734E-09
 93.0 6430.00 .3615707E-09
 93.0 6440.00 .3798817E-09
 93.0 6450.00 .3914483E-09
 93.0 6460.00 .3997047E-09
 93.0 6470.00 .4116016E-09
 93.0 6480.00 .4196932E-09
 93.0 6490.00 .4215480E-09
 93.0 6500.00 .4309170E-09
 93.0 6510.00 .4345454E-09
 93.0 6520.00 .4306929E-09
 93.0 6530.00 .4278605E-09
 93.0 6540.00 .4239126E-09
 93.0 6550.00 .4200520E-09
 93.0 6560.00 .4135126E-09
 93.0 6570.00 .4045726E-09
 93.0 6580.00 .3913199E-09
 93.0 6590.00 .3819358E-09
 93.0 6600.00 .3726249E-09
 93.0 6610.00 .3570374E-09
 93.0 6620.00 .3433924E-09
 93.0 6630.00 .3264539E-09
 93.0 6640.00 .3148567E-09
 93.0 6650.00 .2992163E-09
 93.0 6660.00 .2837914E-09
 93.0 6670.00 .2709328E-09
 93.0 6680.00 .2579629E-09
 93.0 6690.00 .2473082E-09
 93.0 6700.00 .2346614E-09
 93.0 6710.00 .2240470E-09
 93.0 6720.00 .2153089E-09
 93.0 6730.00 .2096294E-09
 93.0 6740.00 .2001359E-09
 93.0 6750.00 .1940327E-09
 93.0 6760.00 .1851286E-09
 93.0 6770.00 .1801481E-09
 93.0 6780.00 .1653960E-09
 93.0 6790.00 .1668273E-09
 93.0 6800.00 .1599816E-09
 93.0 6810.00 .1540996E-09
 93.0 6820.00 .1553992E-09
 93.0 6830.00 .1486004E-09
 93.0 6840.00 .1462876E-09
 93.0 6850.00 .1494192E-09
 93.0 6860.00 .1476767E-09
 93.0 6870.00 .1394347E-09
 93.0 6880.00 .1394627E-09
 93.0 6890.00 .1364493E-09
 93.0 6900.00 .1395224E-09
 93.0 6910.00 .1400381E-09
 93.0 6920.00 .1413554E-09
 93.0 6930.00 .1434251E-09
 93.0 6940.00 .1446147E-09
 93.0 6950.00 .1433307E-09
 93.0 6960.00 .1417401E-09
 93.0 6970.00 .1413044E-09
 93.0 6980.00 .1412170E-09
 93.0 6990.00 .1399032E-09
 93.0 7000.00 .1374712E-09
 93.0 7010.00 .1392820E-09
 93.0 7020.00 .1395279E-09
 93.0 7030.00 .1370059E-09
 93.0 7040.00 .1380347E-09
 93.0 7050.00 .1340077E-09
 93.0 7060.00 .1319106E-09
 93.0 7070.00 .1353243E-09
 93.0 7080.00 .1319619E-09
 93.0 7090.00 .1322594E-09
 93.0 7100.00 .1321633E-09
 93.0 7110.00 .1315030E-09
 93.0 7120.00 .1306925E-09
 93.0 7130.00 .1339650E-09
 93.0 7140.00 .1365511E-09
 93.0 7150.00 .1392876E-09
 93.0 7160.00 .1384947E-09
 93.0 7170.00 .1364906E-09
 93.0 7180.00 .1367727E-09
 93.0 7190.00 .1419635E-09
 93.0 7200.00 .1478615E-09
 93.0 7210.00 .1500257E-09
 93.0 7220.00 .1474412E-09
 93.0 7230.00 .1452380E-09
 93.0 7240.00 .1461395E-09
 93.0 7250.00 .1498185E-09
 93.0 7260.00 .1523228E-09
 93.0 7270.00 .1609714E-09
 93.0 7280.00 .1628056E-09
 93.0 7290.00 .1621669E-09
 93.0 7300.00 .1629200E-09
 93.0 7310.00 .1666704E-09
 93.0 7320.00 .1702233E-09
 93.0 7330.00 .1734855E-09
 93.0 7340.00 .1740520E-09
 93.0 7350.00 .1757106E-09
 93.0 7360.00 .1767973E-09
 93.0 7370.00 .1769191E-09
 93.0 7380.00 .1785163E-09
 93.0 7390.00 .1784700E-09
 93.0 7400.00 .1786766E-09
 93.0 7410.00 .1791570E-09
 93.0 7420.00 .1766194E-09
 93.0 7430.00 .1796637E-09
 93.0 7440.00 .1785800E-09
 93.0 7450.00 .1724446E-09
 93.0 7460.00 .1724041E-09
 93.0 7470.00 .1718656E-09
 93.0 7480.00 .1698991E-09
 93.0 7490.00 .1659355E-09
 93.0 7500.00 .1413148E-09
 93.0 7510.00 .1382602E-09
 93.0 7520.00 .1496057E-09
 93.0 7530.00 .1370687E-09
 93.0 7540.00 .1379119E-09
 93.0 7550.00 .1386914E-09
 93.0 7560.00 .1324820E-09
 93.0 7570.00 .1337843E-09
 93.0 7580.00 .1354674E-09
 93.0 7590.00 .1347336E-09
 93.0 7600.00 .1382325E-09
 93.0 7610.00 .1406792E-09
 93.0 7620.00 .1355125E-09
 93.0 7630.00 .1085276E-09
 93.0 7640.00 .1267795E-09
 93.0 7650.00 .1409866E-09
 93.0 7660.00 .1349685E-09
 93.0 7670.00 .1450828E-09
 93.0 7680.00 .1566646E-09
 93.0 7690.00 .1721307E-09
 93.0 7700.00 .1772178E-09
 93.0 7710.00 .1801106E-09
 93.0 7720.00 .1873045E-09
 93.0 7730.00 .1888996E-09
 93.0 7740.00 .1837079E-09
 93.0 7750.00 .1890230E-09
 93.0 7760.00 .1884451E-09
 93.0 7770.00 .1811216E-09
 93.0 7780.00 .1823286E-09
 93.0 7790.00 .1827471E-09
 93.0 7800.00 .1816388E-09
 93.0 7810.00 .1718922E-09
 93.0 7820.00 .1689063E-09
 93.0 7830.00 .1696482E-09
 93.0 7840.00 .1597277E-09
 93.0 7850.00 .1578596E-09
 93.0 7860.00 .1569964E-09
 93.0 7870.00 .1506040E-09
 93.0 7880.00 .1429456E-09
 93.0 7890.00 .1409171E-09
 93.0 7900.00 .1349137E-09
 93.0 7910.00 .1307331E-09
 93.0 7920.00 .1272397E-09
 93.0 7930.00 .1250325E-09
 93.0 7940.00 .1203136E-09
 93.0 7950.00 .1174194E-09
 93.0 7960.00 .1109190E-09
 93.0 7970.00 .1117487E-09
 93.0 7980.00 .1106241E-09
 93.0 7990.00 .1048492E-09
 93.0 8000.00 .1015246E-09
 93.0 8010.00 .1035135E-09
 93.0 8020.00 .1024187E-09
 93.0 8030.00 .9579240E-10
 93.0 8040.00 .9747577E-10
 93.0 8050.00 .9449729E-10
 93.0 8060.00 .9309408E-10
 93.0 8070.00 .9340347E-10
 93.0 8080.00 .9127730E-10
 93.0 8090.00 .8571770E-10
 93.0 8100.00 .8111678E-10
 93.0 8110.00 .8256060E-10
 93.0 8120.00 .7463607E-10
 93.0 8130.00 .7445378E-10
 93.0 8140.00 .6958925E-10
 93.0 8150.00 .6885849E-10
 93.0 8160.00 .6500476E-10
 93.0 8170.00 .5937219E-10
 93.0 8180.00 .6075508E-10
 93.0 8190.00 .5488977E-10
 93.0 8200.00 .5203791E-10
 93.0 8210.00 .4997553E-10
 93.0 8220.00 .4692733E-10
 93.0 8230.00 .4215581E-10
 93.0 8240.00 .3879376E-10
 93.0 8250.00 .3603184E-10
 93.0 8260.00 .2938750E-10
 93.0 8270.00 .2867153E-10
 93.0 8280.00 .2737911E-10
 93.0 8290.00 .2926411E-10
 93.0 8300.00 .3017710E-10
 93.0 8310.00 .2884403E-10
 93.0 8320.00 .3002162E-10
 93.0 8330.00 .3355026E-10
 93.0 8340.00 .3350794E-10
 93.0 8350.00 .3815073E-10
 93.0 8360.00 .4440185E-10
 93.0 8370.00 .4579899E-10
 93.0 8380.00 .5101985E-10
 93.0 8390.00 .5665979E-10
 93.0 8400.00 .5982544E-10
 93.0 8410.00 .6567412E-10
 93.0 8420.00 .7428272E-10
 93.0 8430.00 .7867986E-10
 93.0 8440.00 .8219706E-10
 93.0 8450.00 .8452789E-10
 93.0 8460.00 .8807666E-10
 93.0 8470.00 .9119227E-10
 93.0 8480.00 .9883515E-10
 93.0 8490.00 .1104160E-09
 93.0 8500.00 .1143406E-09
 93.0 8510.00 .1160513E-09
 93.0 8520.00 .1169940E-09
 93.0 8530.00 .1188636E-09
 93.0 8540.00 .1242992E-09
 93.0 8550.00 .1377274E-09
 93.0 8560.00 .1492486E-09
 93.0 8570.00 .1515582E-09
 93.0 8580.00 .1468812E-09
 93.0 8590.00 .1438259E-09
 93.0 8600.00 .1421566E-09
 93.0 8610.00 .1515469E-09
 93.0 8620.00 .1578576E-09
 93.0 8630.00 .1589166E-09
 93.0 8640.00 .1540880E-09
 93.0 8650.00 .1534635E-09
 93.0 8660.00 .1552744E-09
 93.0 8670.00 .1529631E-09
 93.0 8680.00 .1531797E-09
 93.0 8690.00 .1590413E-09
 93.0 8700.00 .1570783E-09
 93.0 8710.00 .1511871E-09
 93.0 8720.00 .1501156E-09
 93.0 8730.00 .1554585E-09
 93.0 8740.00 .1562168E-09
 93.0 8750.00 .1534439E-09
 93.0 8760.00 .1577584E-09
 93.0 8770.00 .1550957E-09
 93.0 8780.00 .1481794E-09
 93.0 8790.00 .1449287E-09
 93.0 8800.00 .1524508E-09
 93.0 8810.00 .1592802E-09
 93.0 8820.00 .1532074E-09
 93.0 8830.00 .1463369E-09
 93.0 8840.00 .1391435E-09
 93.0 8850.00 .1318333E-09
 93.0 8860.00 .1332402E-09
 93.0 8870.00 .1311393E-09
 93.0 8880.00 .1362527E-09
 93.0 8890.00 .1339866E-09
 93.0 8900.00 .1229894E-09
 93.0 8910.00 .1146943E-09
 93.0 8920.00 .1143205E-09
 93.0 8930.00 .1169089E-09
 93.0 8940.00 .1139021E-09
 93.0 8950.00 .1100183E-09
 93.0 8960.00 .1100676E-09
 93.0 8970.00 .1074218E-09
 93.0 8980.00 .1047182E-09
 93.0 8990.00 .1024512E-09
 93.0 9000.00 .1005262E-09
 93.0 9010.00 .9975436E-10
 93.0 9020.00 .9402036E-10
 93.0 9030.00 .9105742E-10
 93.0 9040.00 .9230780E-10
 93.0 9050.00 .9107173E-10
 93.0 9060.00 .8924719E-10
 93.0 9070.00 .9076713E-10
 93.0 9080.00 .8976489E-10
 93.0 9090.00 .8780905E-10
 93.0 9100.00 .8887743E-10
 93.0 9110.00 .8580148E-10
 93.0 9120.00 .8332590E-10
 93.0 9130.00 .8422725E-10
 93.0 9140.00 .8388756E-10
 93.0 9150.00 .8418648E-10
 93.0 9160.00 .8197578E-10
 93.0 9170.00 .8184274E-10
 93.0 9180.00 .7943931E-10
 93.0 9190.00 .7195172E-10
 93.0 9200.00 .7136075E-10
 93.0 9210.00 .7056071E-10
 93.0 9220.00 .7163390E-10
 93.0 9230.00 .7259969E-10
 93.0 9240.00 .7932319E-10
 93.0 9250.00 .8251989E-10
 93.0 9260.00 .7224409E-10
 93.0 9270.00 .6602566E-10
 93.0 9280.00 .6443615E-10
 93.0 9290.00 .6294708E-10
 93.0 9300.00 .6350372E-10
 93.0 9310.00 .6682197E-10
 93.0 9320.00 .7376671E-10
 93.0 9330.00 .6700827E-10
 93.0 9340.00 .6186735E-10
 93.0 9350.00 .5677636E-10
 93.0 9360.00 .5737572E-10
 93.0 9370.00 .5620251E-10
 93.0 9380.00 .6065919E-10
 93.0 9390.00 .6594197E-10
 93.0 9400.00 .7611749E-10
 93.0 9410.00 .7001486E-10
 93.0 9420.00 .5792350E-10
 93.0 9430.00 .5766275E-10
 93.0 9440.00 .5607312E-10
 93.0 9450.00 .5746648E-10
 93.0 9460.00 .6326170E-10
 93.0 9470.00 .6338446E-10
 93.0 9480.00 .6218287E-10
 93.0 9490.00 .6040000E-10
 93.0 9500.00 .5983337E-10
 93.0 9510.00 .5754044E-10
 93.0 9520.00 .5898964E-10
 93.0 9530.00 .5392282E-10
 93.0 9540.00 .5683134E-10
 93.0 9550.00 .6526896E-10
 93.0 9560.00 .6050560E-10
 93.0 9570.00 .5800459E-10
 93.0 9580.00 .5713932E-10
 93.0 9590.00 .5336097E-10
 93.0 9600.00 .5271844E-10
 93.0 9610.00 .5239445E-10
 93.0 9620.00 .5376960E-10
 93.0 9630.00 .5299250E-10
 93.0 9640.00 .5002716E-10
 93.0 9650.00 .4926448E-10
 93.0 9660.00 .4792944E-10
 93.0 9670.00 .4701268E-10
 93.0 9680.00 .4741905E-10
 93.0 9690.00 .4658751E-10
 93.0 9700.00 .4681668E-10
 93.0 9710.00 .4715532E-10
 93.0 9720.00 .5085670E-10
 93.0 9730.00 .5323502E-10
 93.0 9740.00 .4867139E-10
 93.0 9750.00 .4697360E-10
 93.0 9760.00 .4968053E-10
 93.0 9770.00 .4950538E-10
 93.0 9780.00 .5175564E-10
 93.0 9790.00 .5232751E-10
 93.0 9800.00 .5147689E-10
 93.0 9810.00 .5761688E-10
 93.0 9820.00 .5577244E-10
 93.0 9830.00 .5104684E-10
 93.0 9840.00 .5352147E-10
 93.0 9850.00 .5641044E-10
 93.0 9860.00 .5965379E-10
 93.0 9870.00 .5734409E-10
 93.0 9880.00 .5604161E-10
 93.0 9890.00 .6445620E-10
 93.0 9900.00 .6190466E-10
 93.0 9910.00 .5705424E-10
 93.0 9920.00 .5728914E-10
 93.0 9930.00 .5758483E-10
 93.0 9940.00 .5847126E-10
 93.0 9950.00 .5643718E-10
 93.0 9960.00 .5473484E-10
 93.0 9970.00 .4968645E-10
 93.0 9980.00 .5648605E-10
 93.0 9990.00 .5233382E-10
 93.0 10000.00 .5038770E-10
